start	end	type	var
138794	138795	DECLARES	
138796	138797	DECLARES	
138796	138798	DECLARES	
138796	138799	DECLARES	
138800	138801	DECLARES	
138802	138803	DECLARES	
138804	138805	DECLARES	
138811	138812	IS_AST_PARENT	
138811	138813	IS_AST_PARENT	
138810	138811	IS_AST_PARENT	
138810	138814	IS_AST_PARENT	
138809	138810	IS_AST_PARENT	
138808	138809	IS_AST_PARENT	
138815	138816	IS_AST_PARENT	
138808	138815	IS_AST_PARENT	
138807	138808	IS_AST_PARENT	
138807	138817	IS_AST_PARENT	
138807	138818	IS_AST_PARENT	
138820	138821	IS_AST_PARENT	
138820	138822	IS_AST_PARENT	
138819	138820	IS_AST_PARENT	
138807	138819	IS_AST_PARENT	
138823	138820	FLOWS_TO	
138820	138809	FLOWS_TO	
138809	138815	FLOWS_TO	
138815	138824	FLOWS_TO	
138809	138825	DEF	
138810	138825	DEF	
138809	138825	USE	
138810	138825	USE	
138820	138826	DEF	
138809	138826	USE	
138811	138826	USE	
138815	138826	USE	
138809	138827	USE	
138810	138827	USE	
138809	138827	DEF	
138810	138827	DEF	
138809	138824	REACHES	* num
138820	138809	REACHES	num
138820	138815	REACHES	num
138823	138820	CONTROLS	
138823	138809	CONTROLS	
138823	138815	CONTROLS	
138823	138823	DOM	
138809	138815	DOM	
138815	138824	DOM	
138823	138820	DOM	
138820	138809	DOM	
138820	138823	POST_DOM	
138824	138824	POST_DOM	
138824	138815	POST_DOM	
138809	138820	POST_DOM	
138815	138809	POST_DOM	
138806	138807	IS_FUNCTION_OF_AST	
138806	138823	IS_FUNCTION_OF_CFG	
138793	138806	IS_FILE_OF	
