command	key	type	code	location	functionId	childNum	isCFGNode	operator	baseType	completeType	identifier
ANR	5545008	File	data/converged/CVE-2018-16863_ghostpdl/gxdhtres.h								
ANR	5545009	DeclStmt									
ANR	5545010	Decl							struct gx_device_halftone_resource_s	struct gx_device_halftone_resource_s	gx_device_halftone_resource_t
ANR	5545011	ClassDef	gx_device_halftone_resource_s	32:0:954:1165							
ANR	5545012	DeclStmt									
ANR	5545013	Decl							const char	const char *	rname
ANR	5545014	DeclStmt									
ANR	5545015	Decl							int	int	HalftoneType
ANR	5545016	DeclStmt									
ANR	5545017	Decl							int	int	Width
ANR	5545018	DeclStmt									
ANR	5545019	Decl							int	int	Height
ANR	5545020	DeclStmt									
ANR	5545021	Decl							int	int	num_levels
ANR	5545022	DeclStmt									
ANR	5545023	Decl							const unsigned int	const unsigned int *	levels
ANR	5545024	DeclStmt									
ANR	5545025	Decl							const void	const void *	bit_data
ANR	5545026	DeclStmt									
ANR	5545027	Decl							int	int	elt_size
