start	end	type	var
7351416	7351417	IS_AST_PARENT	
7351415	7351416	IS_AST_PARENT	
7351420	7351421	IS_AST_PARENT	
7351422	7351423	IS_AST_PARENT	
7351422	7351424	IS_AST_PARENT	
7351420	7351422	IS_AST_PARENT	
7351419	7351420	IS_AST_PARENT	
7351418	7351419	IS_AST_PARENT	
7351415	7351418	IS_AST_PARENT	
7351414	7351415	IS_AST_PARENT	
7351413	7351414	IS_AST_PARENT	
7351412	7351413	IS_AST_PARENT	
7351412	7351425	IS_AST_PARENT	
7351412	7351426	IS_AST_PARENT	
7351428	7351429	IS_AST_PARENT	
7351428	7351430	IS_AST_PARENT	
7351427	7351428	IS_AST_PARENT	
7351412	7351427	IS_AST_PARENT	
7351431	7351428	FLOWS_TO	
7351428	7351414	FLOWS_TO	
7351414	7351432	FLOWS_TO	
7351428	7351433	DEF	
7351414	7351433	USE	
7351420	7351433	USE	
7351414	7351434	USE	
7351419	7351434	USE	
7351414	7351435	USE	
7351414	7351436	USE	
7351419	7351436	USE	
7351428	7351414	REACHES	p
7351431	7351428	CONTROLS	
7351431	7351414	CONTROLS	
7351431	7351428	DOM	
7351431	7351431	DOM	
7351428	7351414	DOM	
7351414	7351432	DOM	
7351414	7351428	POST_DOM	
7351432	7351414	POST_DOM	
7351428	7351431	POST_DOM	
7351432	7351432	POST_DOM	
7351411	7351412	IS_FUNCTION_OF_AST	
7351411	7351431	IS_FUNCTION_OF_CFG	
7351410	7351411	IS_FILE_OF	
7351442	7351443	IS_AST_PARENT	
7351444	7351445	IS_AST_PARENT	
7351444	7351446	IS_AST_PARENT	
7351442	7351444	IS_AST_PARENT	
7351441	7351442	IS_AST_PARENT	
7351448	7351449	IS_AST_PARENT	
7351447	7351448	IS_AST_PARENT	
7351451	7351452	IS_AST_PARENT	
7351450	7351451	IS_AST_PARENT	
7351447	7351450	IS_AST_PARENT	
7351441	7351447	IS_AST_PARENT	
7351440	7351441	IS_AST_PARENT	
7351439	7351440	IS_AST_PARENT	
7351438	7351439	IS_AST_PARENT	
7351438	7351453	IS_AST_PARENT	
7351438	7351454	IS_AST_PARENT	
7351456	7351457	IS_AST_PARENT	
7351456	7351458	IS_AST_PARENT	
7351455	7351456	IS_AST_PARENT	
7351459	7351460	IS_AST_PARENT	
7351459	7351461	IS_AST_PARENT	
7351455	7351459	IS_AST_PARENT	
7351438	7351455	IS_AST_PARENT	
7351462	7351456	FLOWS_TO	
7351456	7351459	FLOWS_TO	
7351459	7351440	FLOWS_TO	
7351440	7351463	FLOWS_TO	
7351456	7351464	DEF	
7351440	7351464	USE	
7351442	7351464	USE	
7351459	7351465	DEF	
7351440	7351465	USE	
7351451	7351465	USE	
7351440	7351466	DEF	
7351441	7351466	DEF	
7351440	7351467	DEF	
7351441	7351467	DEF	
7351440	7351468	USE	
7351441	7351468	USE	
7351456	7351440	REACHES	p
7351459	7351440	REACHES	v
7351440	7351463	REACHES	* p
7351462	7351456	CONTROLS	
7351462	7351459	CONTROLS	
7351462	7351440	CONTROLS	
7351462	7351462	DOM	
7351459	7351440	DOM	
7351456	7351459	DOM	
7351440	7351463	DOM	
7351462	7351456	DOM	
7351456	7351462	POST_DOM	
7351463	7351440	POST_DOM	
7351463	7351463	POST_DOM	
7351440	7351459	POST_DOM	
7351459	7351456	POST_DOM	
7351437	7351438	IS_FUNCTION_OF_AST	
7351437	7351462	IS_FUNCTION_OF_CFG	
7351410	7351437	IS_FILE_OF	
7351473	7351474	IS_AST_PARENT	
7351473	7351475	IS_AST_PARENT	
7351476	7351477	IS_AST_PARENT	
7351478	7351479	IS_AST_PARENT	
7351478	7351480	IS_AST_PARENT	
7351476	7351478	IS_AST_PARENT	
7351473	7351476	IS_AST_PARENT	
7351472	7351473	IS_AST_PARENT	
7351471	7351472	IS_AST_PARENT	
7351482	7351483	IS_AST_PARENT	
7351482	7351484	IS_AST_PARENT	
7351485	7351486	IS_AST_PARENT	
7351487	7351488	IS_AST_PARENT	
7351489	7351490	IS_AST_PARENT	
7351489	7351491	IS_AST_PARENT	
7351487	7351489	IS_AST_PARENT	
7351485	7351487	IS_AST_PARENT	
7351482	7351485	IS_AST_PARENT	
7351481	7351482	IS_AST_PARENT	
7351471	7351481	IS_AST_PARENT	
7351493	7351494	IS_AST_PARENT	
7351493	7351495	IS_AST_PARENT	
7351496	7351497	IS_AST_PARENT	
7351499	7351500	IS_AST_PARENT	
7351501	7351502	IS_AST_PARENT	
7351501	7351503	IS_AST_PARENT	
7351499	7351501	IS_AST_PARENT	
7351498	7351499	IS_AST_PARENT	
7351505	7351506	IS_AST_PARENT	
7351507	7351508	IS_AST_PARENT	
7351507	7351509	IS_AST_PARENT	
7351505	7351507	IS_AST_PARENT	
7351504	7351505	IS_AST_PARENT	
7351504	7351510	IS_AST_PARENT	
7351498	7351504	IS_AST_PARENT	
7351496	7351498	IS_AST_PARENT	
7351493	7351496	IS_AST_PARENT	
7351492	7351493	IS_AST_PARENT	
7351471	7351492	IS_AST_PARENT	
7351513	7351514	IS_AST_PARENT	
7351512	7351513	IS_AST_PARENT	
7351517	7351518	IS_AST_PARENT	
7351517	7351519	IS_AST_PARENT	
7351516	7351517	IS_AST_PARENT	
7351515	7351516	IS_AST_PARENT	
7351512	7351515	IS_AST_PARENT	
7351511	7351512	IS_AST_PARENT	
7351471	7351511	IS_AST_PARENT	
7351470	7351471	IS_AST_PARENT	
7351470	7351520	IS_AST_PARENT	
7351470	7351521	IS_AST_PARENT	
7351523	7351524	IS_AST_PARENT	
7351523	7351525	IS_AST_PARENT	
7351522	7351523	IS_AST_PARENT	
7351470	7351522	IS_AST_PARENT	
7351526	7351523	FLOWS_TO	
7351523	7351472	FLOWS_TO	
7351472	7351481	FLOWS_TO	
7351481	7351492	FLOWS_TO	
7351492	7351511	FLOWS_TO	
7351511	7351527	FLOWS_TO	
7351523	7351528	DEF	
7351472	7351528	USE	
7351476	7351528	USE	
7351472	7351529	DEF	
7351473	7351529	DEF	
7351476	7351529	DEF	
7351481	7351529	USE	
7351485	7351529	USE	
7351492	7351529	USE	
7351501	7351529	USE	
7351481	7351530	DEF	
7351482	7351530	DEF	
7351485	7351530	DEF	
7351492	7351530	USE	
7351507	7351530	USE	
7351511	7351531	USE	
7351516	7351531	USE	
7351492	7351532	USE	
7351496	7351532	USE	
7351492	7351533	USE	
7351496	7351533	USE	
7351511	7351534	USE	
7351492	7351535	DEF	
7351493	7351535	DEF	
7351496	7351535	DEF	
7351523	7351472	REACHES	p
7351472	7351481	REACHES	p01
7351472	7351492	REACHES	p01
7351481	7351492	REACHES	p2
7351526	7351523	CONTROLS	
7351526	7351472	CONTROLS	
7351526	7351481	CONTROLS	
7351526	7351492	CONTROLS	
7351526	7351511	CONTROLS	
7351526	7351526	DOM	
7351526	7351523	DOM	
7351523	7351472	DOM	
7351481	7351492	DOM	
7351511	7351527	DOM	
7351472	7351481	DOM	
7351492	7351511	DOM	
7351523	7351526	POST_DOM	
7351481	7351472	POST_DOM	
7351472	7351523	POST_DOM	
7351511	7351492	POST_DOM	
7351527	7351527	POST_DOM	
7351492	7351481	POST_DOM	
7351527	7351511	POST_DOM	
7351469	7351470	IS_FUNCTION_OF_AST	
7351469	7351526	IS_FUNCTION_OF_CFG	
7351410	7351469	IS_FILE_OF	
7351540	7351541	IS_AST_PARENT	
7351540	7351542	IS_AST_PARENT	
7351539	7351540	IS_AST_PARENT	
7351538	7351539	IS_AST_PARENT	
7351544	7351545	IS_AST_PARENT	
7351544	7351546	IS_AST_PARENT	
7351543	7351544	IS_AST_PARENT	
7351538	7351543	IS_AST_PARENT	
7351548	7351549	IS_AST_PARENT	
7351548	7351550	IS_AST_PARENT	
7351547	7351548	IS_AST_PARENT	
7351538	7351547	IS_AST_PARENT	
7351553	7351554	IS_AST_PARENT	
7351552	7351553	IS_AST_PARENT	
7351557	7351558	IS_AST_PARENT	
7351557	7351559	IS_AST_PARENT	
7351556	7351557	IS_AST_PARENT	
7351555	7351556	IS_AST_PARENT	
7351560	7351561	IS_AST_PARENT	
7351555	7351560	IS_AST_PARENT	
7351552	7351555	IS_AST_PARENT	
7351551	7351552	IS_AST_PARENT	
7351538	7351551	IS_AST_PARENT	
7351563	7351564	IS_AST_PARENT	
7351565	7351566	IS_AST_PARENT	
7351565	7351567	IS_AST_PARENT	
7351563	7351565	IS_AST_PARENT	
7351562	7351563	IS_AST_PARENT	
7351538	7351562	IS_AST_PARENT	
7351569	7351570	IS_AST_PARENT	
7351571	7351572	IS_AST_PARENT	
7351573	7351574	IS_AST_PARENT	
7351573	7351575	IS_AST_PARENT	
7351571	7351573	IS_AST_PARENT	
7351569	7351571	IS_AST_PARENT	
7351568	7351569	IS_AST_PARENT	
7351538	7351568	IS_AST_PARENT	
7351578	7351579	IS_AST_PARENT	
7351578	7351580	IS_AST_PARENT	
7351577	7351578	IS_AST_PARENT	
7351581	7351582	IS_AST_PARENT	
7351581	7351583	IS_AST_PARENT	
7351577	7351581	IS_AST_PARENT	
7351576	7351577	IS_AST_PARENT	
7351538	7351576	IS_AST_PARENT	
7351586	7351587	IS_AST_PARENT	
7351586	7351588	IS_AST_PARENT	
7351585	7351586	IS_AST_PARENT	
7351589	7351590	IS_AST_PARENT	
7351591	7351592	IS_AST_PARENT	
7351591	7351593	IS_AST_PARENT	
7351589	7351591	IS_AST_PARENT	
7351585	7351589	IS_AST_PARENT	
7351584	7351585	IS_AST_PARENT	
7351538	7351584	IS_AST_PARENT	
7351537	7351538	IS_AST_PARENT	
7351537	7351594	IS_AST_PARENT	
7351537	7351595	IS_AST_PARENT	
7351597	7351598	IS_AST_PARENT	
7351597	7351599	IS_AST_PARENT	
7351596	7351597	IS_AST_PARENT	
7351600	7351601	IS_AST_PARENT	
7351600	7351602	IS_AST_PARENT	
7351596	7351600	IS_AST_PARENT	
7351537	7351596	IS_AST_PARENT	
7351603	7351597	FLOWS_TO	
7351597	7351600	FLOWS_TO	
7351600	7351539	FLOWS_TO	
7351539	7351543	FLOWS_TO	
7351543	7351547	FLOWS_TO	
7351547	7351551	FLOWS_TO	
7351551	7351562	FLOWS_TO	
7351562	7351568	FLOWS_TO	
7351568	7351576	FLOWS_TO	
7351576	7351584	FLOWS_TO	
7351584	7351604	FLOWS_TO	
7351597	7351605	DEF	
7351562	7351605	USE	
7351563	7351605	USE	
7351543	7351606	DEF	
7351544	7351606	DEF	
7351562	7351606	DEF	
7351563	7351606	DEF	
7351568	7351606	USE	
7351569	7351606	USE	
7351576	7351606	USE	
7351578	7351606	USE	
7351547	7351607	DEF	
7351548	7351607	DEF	
7351568	7351607	DEF	
7351569	7351607	DEF	
7351584	7351607	USE	
7351586	7351607	USE	
7351551	7351608	USE	
7351556	7351608	USE	
7351600	7351609	DEF	
7351551	7351609	USE	
7351560	7351609	USE	
7351576	7351610	DEF	
7351577	7351610	DEF	
7351584	7351611	DEF	
7351585	7351611	DEF	
7351539	7351612	DEF	
7351540	7351612	DEF	
7351576	7351612	USE	
7351577	7351612	USE	
7351584	7351612	USE	
7351585	7351612	USE	
7351597	7351562	REACHES	p
7351562	7351568	REACHES	p01
7351562	7351576	REACHES	p01
7351568	7351584	REACHES	p2
7351600	7351551	REACHES	v
7351539	7351576	REACHES	v012
7351539	7351584	REACHES	v012
7351603	7351597	CONTROLS	
7351603	7351600	CONTROLS	
7351603	7351539	CONTROLS	
7351603	7351543	CONTROLS	
7351603	7351547	CONTROLS	
7351603	7351551	CONTROLS	
7351603	7351562	CONTROLS	
7351603	7351568	CONTROLS	
7351603	7351576	CONTROLS	
7351603	7351584	CONTROLS	
7351603	7351597	DOM	
7351551	7351562	DOM	
7351568	7351576	DOM	
7351576	7351584	DOM	
7351547	7351551	DOM	
7351603	7351603	DOM	
7351584	7351604	DOM	
7351543	7351547	DOM	
7351597	7351600	DOM	
7351562	7351568	DOM	
7351600	7351539	DOM	
7351539	7351543	DOM	
7351604	7351584	POST_DOM	
7351584	7351576	POST_DOM	
7351568	7351562	POST_DOM	
7351600	7351597	POST_DOM	
7351562	7351551	POST_DOM	
7351597	7351603	POST_DOM	
7351604	7351604	POST_DOM	
7351551	7351547	POST_DOM	
7351539	7351600	POST_DOM	
7351576	7351568	POST_DOM	
7351543	7351539	POST_DOM	
7351547	7351543	POST_DOM	
7351536	7351537	IS_FUNCTION_OF_AST	
7351536	7351603	IS_FUNCTION_OF_CFG	
7351410	7351536	IS_FILE_OF	
7351617	7351618	IS_AST_PARENT	
7351617	7351619	IS_AST_PARENT	
7351616	7351617	IS_AST_PARENT	
7351615	7351616	IS_AST_PARENT	
7351621	7351622	IS_AST_PARENT	
7351621	7351623	IS_AST_PARENT	
7351620	7351621	IS_AST_PARENT	
7351624	7351625	IS_AST_PARENT	
7351624	7351626	IS_AST_PARENT	
7351627	7351628	IS_AST_PARENT	
7351630	7351631	IS_AST_PARENT	
7351629	7351630	IS_AST_PARENT	
7351629	7351632	IS_AST_PARENT	
7351627	7351629	IS_AST_PARENT	
7351624	7351627	IS_AST_PARENT	
7351620	7351624	IS_AST_PARENT	
7351615	7351620	IS_AST_PARENT	
7351635	7351636	IS_AST_PARENT	
7351634	7351635	IS_AST_PARENT	
7351638	7351639	IS_AST_PARENT	
7351637	7351638	IS_AST_PARENT	
7351640	7351641	IS_AST_PARENT	
7351637	7351640	IS_AST_PARENT	
7351634	7351637	IS_AST_PARENT	
7351633	7351634	IS_AST_PARENT	
7351615	7351633	IS_AST_PARENT	
7351643	7351644	IS_AST_PARENT	
7351645	7351646	IS_AST_PARENT	
7351645	7351647	IS_AST_PARENT	
7351643	7351645	IS_AST_PARENT	
7351642	7351643	IS_AST_PARENT	
7351615	7351642	IS_AST_PARENT	
7351650	7351651	IS_AST_PARENT	
7351650	7351652	IS_AST_PARENT	
7351649	7351650	IS_AST_PARENT	
7351648	7351649	IS_AST_PARENT	
7351655	7351656	IS_AST_PARENT	
7351655	7351657	IS_AST_PARENT	
7351654	7351655	IS_AST_PARENT	
7351653	7351654	IS_AST_PARENT	
7351659	7351660	IS_AST_PARENT	
7351662	7351663	IS_AST_PARENT	
7351661	7351662	IS_AST_PARENT	
7351665	7351666	IS_AST_PARENT	
7351664	7351665	IS_AST_PARENT	
7351661	7351664	IS_AST_PARENT	
7351659	7351661	IS_AST_PARENT	
7351658	7351659	IS_AST_PARENT	
7351653	7351658	IS_AST_PARENT	
7351668	7351669	IS_AST_PARENT	
7351671	7351672	IS_AST_PARENT	
7351670	7351671	IS_AST_PARENT	
7351674	7351675	IS_AST_PARENT	
7351673	7351674	IS_AST_PARENT	
7351676	7351677	IS_AST_PARENT	
7351673	7351676	IS_AST_PARENT	
7351670	7351673	IS_AST_PARENT	
7351668	7351670	IS_AST_PARENT	
7351667	7351668	IS_AST_PARENT	
7351653	7351667	IS_AST_PARENT	
7351680	7351681	IS_AST_PARENT	
7351679	7351680	IS_AST_PARENT	
7351683	7351684	IS_AST_PARENT	
7351682	7351683	IS_AST_PARENT	
7351685	7351686	IS_AST_PARENT	
7351682	7351685	IS_AST_PARENT	
7351679	7351682	IS_AST_PARENT	
7351678	7351679	IS_AST_PARENT	
7351653	7351678	IS_AST_PARENT	
7351688	7351689	IS_AST_PARENT	
7351688	7351690	IS_AST_PARENT	
7351687	7351688	IS_AST_PARENT	
7351653	7351687	IS_AST_PARENT	
7351692	7351693	IS_AST_PARENT	
7351692	7351694	IS_AST_PARENT	
7351691	7351692	IS_AST_PARENT	
7351653	7351691	IS_AST_PARENT	
7351648	7351653	IS_AST_PARENT	
7351615	7351648	IS_AST_PARENT	
7351697	7351698	IS_AST_PARENT	
7351697	7351699	IS_AST_PARENT	
7351696	7351697	IS_AST_PARENT	
7351695	7351696	IS_AST_PARENT	
7351702	7351703	IS_AST_PARENT	
7351702	7351704	IS_AST_PARENT	
7351701	7351702	IS_AST_PARENT	
7351700	7351701	IS_AST_PARENT	
7351706	7351707	IS_AST_PARENT	
7351709	7351710	IS_AST_PARENT	
7351708	7351709	IS_AST_PARENT	
7351712	7351713	IS_AST_PARENT	
7351711	7351712	IS_AST_PARENT	
7351708	7351711	IS_AST_PARENT	
7351706	7351708	IS_AST_PARENT	
7351705	7351706	IS_AST_PARENT	
7351700	7351705	IS_AST_PARENT	
7351715	7351716	IS_AST_PARENT	
7351718	7351719	IS_AST_PARENT	
7351717	7351718	IS_AST_PARENT	
7351721	7351722	IS_AST_PARENT	
7351720	7351721	IS_AST_PARENT	
7351723	7351724	IS_AST_PARENT	
7351720	7351723	IS_AST_PARENT	
7351717	7351720	IS_AST_PARENT	
7351715	7351717	IS_AST_PARENT	
7351714	7351715	IS_AST_PARENT	
7351700	7351714	IS_AST_PARENT	
7351727	7351728	IS_AST_PARENT	
7351726	7351727	IS_AST_PARENT	
7351730	7351731	IS_AST_PARENT	
7351729	7351730	IS_AST_PARENT	
7351732	7351733	IS_AST_PARENT	
7351729	7351732	IS_AST_PARENT	
7351726	7351729	IS_AST_PARENT	
7351725	7351726	IS_AST_PARENT	
7351700	7351725	IS_AST_PARENT	
7351735	7351736	IS_AST_PARENT	
7351735	7351737	IS_AST_PARENT	
7351734	7351735	IS_AST_PARENT	
7351700	7351734	IS_AST_PARENT	
7351739	7351740	IS_AST_PARENT	
7351739	7351741	IS_AST_PARENT	
7351738	7351739	IS_AST_PARENT	
7351700	7351738	IS_AST_PARENT	
7351695	7351700	IS_AST_PARENT	
7351615	7351695	IS_AST_PARENT	
7351615	7351742	IS_AST_PARENT	
7351615	7351743	IS_AST_PARENT	
7351615	7351744	IS_AST_PARENT	
7351615	7351745	IS_AST_PARENT	
7351614	7351615	IS_AST_PARENT	
7351614	7351746	IS_AST_PARENT	
7351614	7351747	IS_AST_PARENT	
7351749	7351750	IS_AST_PARENT	
7351749	7351751	IS_AST_PARENT	
7351748	7351749	IS_AST_PARENT	
7351752	7351753	IS_AST_PARENT	
7351752	7351754	IS_AST_PARENT	
7351748	7351752	IS_AST_PARENT	
7351755	7351756	IS_AST_PARENT	
7351755	7351757	IS_AST_PARENT	
7351748	7351755	IS_AST_PARENT	
7351614	7351748	IS_AST_PARENT	
7351758	7351749	FLOWS_TO	
7351749	7351752	FLOWS_TO	
7351752	7351755	FLOWS_TO	
7351755	7351616	FLOWS_TO	
7351616	7351620	FLOWS_TO	
7351620	7351633	FLOWS_TO	
7351633	7351642	FLOWS_TO	
7351642	7351649	FLOWS_TO	
7351649	7351654	FLOWS_TO	
7351649	7351696	FLOWS_TO	
7351654	7351658	FLOWS_TO	
7351658	7351667	FLOWS_TO	
7351667	7351678	FLOWS_TO	
7351678	7351687	FLOWS_TO	
7351687	7351691	FLOWS_TO	
7351691	7351649	FLOWS_TO	
7351696	7351701	FLOWS_TO	
7351696	7351742	FLOWS_TO	
7351701	7351705	FLOWS_TO	
7351705	7351714	FLOWS_TO	
7351714	7351725	FLOWS_TO	
7351725	7351734	FLOWS_TO	
7351734	7351738	FLOWS_TO	
7351738	7351742	FLOWS_TO	
7351742	7351743	FLOWS_TO	
7351743	7351744	FLOWS_TO	
7351744	7351745	FLOWS_TO	
7351745	7351759	FLOWS_TO	
7351616	7351760	DEF	
7351617	7351760	DEF	
7351642	7351760	DEF	
7351643	7351760	DEF	
7351649	7351760	USE	
7351691	7351760	DEF	
7351692	7351760	DEF	
7351691	7351760	USE	
7351692	7351760	USE	
7351696	7351760	USE	
7351738	7351760	USE	
7351739	7351760	USE	
7351738	7351760	DEF	
7351739	7351760	DEF	
7351620	7351761	USE	
7351627	7351761	USE	
7351620	7351762	DEF	
7351621	7351762	DEF	
7351654	7351762	DEF	
7351655	7351762	DEF	
7351667	7351762	USE	
7351676	7351762	USE	
7351701	7351762	DEF	
7351702	7351762	DEF	
7351714	7351762	USE	
7351723	7351762	USE	
7351620	7351763	DEF	
7351627	7351763	DEF	
7351624	7351763	DEF	
7351654	7351763	USE	
7351655	7351763	USE	
7351658	7351763	DEF	
7351659	7351763	DEF	
7351667	7351763	DEF	
7351668	7351763	DEF	
7351667	7351763	USE	
7351674	7351763	USE	
7351678	7351763	USE	
7351685	7351763	USE	
7351701	7351763	USE	
7351702	7351763	USE	
7351705	7351763	DEF	
7351706	7351763	DEF	
7351714	7351763	DEF	
7351715	7351763	DEF	
7351714	7351763	USE	
7351721	7351763	USE	
7351725	7351763	USE	
7351732	7351763	USE	
7351749	7351764	DEF	
7351642	7351764	USE	
7351645	7351764	USE	
7351755	7351765	DEF	
7351705	7351766	USE	
7351706	7351766	USE	
7351642	7351767	USE	
7351643	7351767	USE	
7351752	7351768	DEF	
7351658	7351768	USE	
7351665	7351768	USE	
7351678	7351768	USE	
7351683	7351768	USE	
7351687	7351768	USE	
7351688	7351768	USE	
7351687	7351768	DEF	
7351688	7351768	DEF	
7351705	7351768	USE	
7351712	7351768	USE	
7351725	7351768	USE	
7351730	7351768	USE	
7351734	7351768	USE	
7351735	7351768	USE	
7351734	7351768	DEF	
7351735	7351768	DEF	
7351658	7351769	USE	
7351659	7351769	USE	
7351667	7351770	USE	
7351668	7351770	USE	
7351714	7351770	USE	
7351715	7351770	USE	
7351642	7351771	USE	
7351643	7351771	USE	
7351687	7351658	REACHES	row
7351752	7351658	REACHES	row
7351687	7351678	REACHES	row
7351752	7351678	REACHES	row
7351687	7351687	REACHES	row
7351752	7351687	REACHES	row
7351752	7351734	REACHES	row
7351687	7351705	REACHES	row
7351752	7351705	REACHES	row
7351687	7351734	REACHES	row
7351687	7351725	REACHES	row
7351752	7351725	REACHES	row
7351654	7351667	REACHES	a
7351701	7351714	REACHES	a
7351620	7351654	REACHES	d
7351667	7351654	REACHES	d
7351658	7351667	REACHES	d
7351667	7351678	REACHES	d
7351620	7351701	REACHES	d
7351667	7351701	REACHES	d
7351705	7351714	REACHES	d
7351714	7351725	REACHES	d
7351749	7351642	REACHES	row_info
7351691	7351649	REACHES	rb
7351642	7351649	REACHES	rb
7351691	7351691	REACHES	rb
7351642	7351691	REACHES	rb
7351691	7351696	REACHES	rb
7351642	7351696	REACHES	rb
7351691	7351738	REACHES	rb
7351642	7351738	REACHES	rb
7351758	7351749	CONTROLS	
7351758	7351752	CONTROLS	
7351758	7351755	CONTROLS	
7351758	7351616	CONTROLS	
7351758	7351620	CONTROLS	
7351758	7351633	CONTROLS	
7351758	7351642	CONTROLS	
7351758	7351649	CONTROLS	
7351758	7351696	CONTROLS	
7351758	7351742	CONTROLS	
7351758	7351743	CONTROLS	
7351758	7351744	CONTROLS	
7351758	7351745	CONTROLS	
7351649	7351654	CONTROLS	
7351649	7351658	CONTROLS	
7351649	7351667	CONTROLS	
7351649	7351678	CONTROLS	
7351649	7351687	CONTROLS	
7351649	7351691	CONTROLS	
7351696	7351701	CONTROLS	
7351696	7351705	CONTROLS	
7351696	7351714	CONTROLS	
7351696	7351725	CONTROLS	
7351696	7351734	CONTROLS	
7351696	7351738	CONTROLS	
7351620	7351633	DOM	
7351701	7351705	DOM	
7351696	7351701	DOM	
7351658	7351667	DOM	
7351725	7351734	DOM	
7351749	7351752	DOM	
7351696	7351742	DOM	
7351755	7351616	DOM	
7351752	7351755	DOM	
7351734	7351738	DOM	
7351687	7351691	DOM	
7351616	7351620	DOM	
7351633	7351642	DOM	
7351742	7351743	DOM	
7351678	7351687	DOM	
7351758	7351749	DOM	
7351642	7351649	DOM	
7351714	7351725	DOM	
7351743	7351744	DOM	
7351649	7351696	DOM	
7351705	7351714	DOM	
7351667	7351678	DOM	
7351744	7351745	DOM	
7351654	7351658	DOM	
7351649	7351654	DOM	
7351745	7351759	DOM	
7351758	7351758	DOM	
7351642	7351633	POST_DOM	
7351714	7351705	POST_DOM	
7351705	7351701	POST_DOM	
7351678	7351667	POST_DOM	
7351738	7351734	POST_DOM	
7351743	7351742	POST_DOM	
7351755	7351752	POST_DOM	
7351620	7351616	POST_DOM	
7351616	7351755	POST_DOM	
7351742	7351738	POST_DOM	
7351649	7351691	POST_DOM	
7351633	7351620	POST_DOM	
7351649	7351642	POST_DOM	
7351744	7351743	POST_DOM	
7351691	7351687	POST_DOM	
7351696	7351649	POST_DOM	
7351752	7351749	POST_DOM	
7351734	7351725	POST_DOM	
7351745	7351744	POST_DOM	
7351742	7351696	POST_DOM	
7351725	7351714	POST_DOM	
7351687	7351678	POST_DOM	
7351759	7351745	POST_DOM	
7351667	7351658	POST_DOM	
7351658	7351654	POST_DOM	
7351759	7351759	POST_DOM	
7351749	7351758	POST_DOM	
7351613	7351614	IS_FUNCTION_OF_AST	
7351613	7351758	IS_FUNCTION_OF_CFG	
7351410	7351613	IS_FILE_OF	
7351776	7351777	IS_AST_PARENT	
7351776	7351778	IS_AST_PARENT	
7351775	7351776	IS_AST_PARENT	
7351774	7351775	IS_AST_PARENT	
7351780	7351781	IS_AST_PARENT	
7351780	7351782	IS_AST_PARENT	
7351779	7351780	IS_AST_PARENT	
7351783	7351784	IS_AST_PARENT	
7351783	7351785	IS_AST_PARENT	
7351786	7351787	IS_AST_PARENT	
7351789	7351790	IS_AST_PARENT	
7351788	7351789	IS_AST_PARENT	
7351788	7351791	IS_AST_PARENT	
7351786	7351788	IS_AST_PARENT	
7351783	7351786	IS_AST_PARENT	
7351779	7351783	IS_AST_PARENT	
7351774	7351779	IS_AST_PARENT	
7351794	7351795	IS_AST_PARENT	
7351793	7351794	IS_AST_PARENT	
7351797	7351798	IS_AST_PARENT	
7351796	7351797	IS_AST_PARENT	
7351799	7351800	IS_AST_PARENT	
7351796	7351799	IS_AST_PARENT	
7351793	7351796	IS_AST_PARENT	
7351792	7351793	IS_AST_PARENT	
7351774	7351792	IS_AST_PARENT	
7351802	7351803	IS_AST_PARENT	
7351805	7351806	IS_AST_PARENT	
7351805	7351807	IS_AST_PARENT	
7351804	7351805	IS_AST_PARENT	
7351804	7351808	IS_AST_PARENT	
7351802	7351804	IS_AST_PARENT	
7351801	7351802	IS_AST_PARENT	
7351774	7351801	IS_AST_PARENT	
7351811	7351812	IS_AST_PARENT	
7351811	7351813	IS_AST_PARENT	
7351810	7351811	IS_AST_PARENT	
7351809	7351810	IS_AST_PARENT	
7351816	7351817	IS_AST_PARENT	
7351816	7351818	IS_AST_PARENT	
7351815	7351816	IS_AST_PARENT	
7351814	7351815	IS_AST_PARENT	
7351820	7351821	IS_AST_PARENT	
7351823	7351824	IS_AST_PARENT	
7351822	7351823	IS_AST_PARENT	
7351826	7351827	IS_AST_PARENT	
7351825	7351826	IS_AST_PARENT	
7351822	7351825	IS_AST_PARENT	
7351820	7351822	IS_AST_PARENT	
7351819	7351820	IS_AST_PARENT	
7351814	7351819	IS_AST_PARENT	
7351829	7351830	IS_AST_PARENT	
7351832	7351833	IS_AST_PARENT	
7351831	7351832	IS_AST_PARENT	
7351835	7351836	IS_AST_PARENT	
7351834	7351835	IS_AST_PARENT	
7351837	7351838	IS_AST_PARENT	
7351834	7351837	IS_AST_PARENT	
7351831	7351834	IS_AST_PARENT	
7351829	7351831	IS_AST_PARENT	
7351828	7351829	IS_AST_PARENT	
7351814	7351828	IS_AST_PARENT	
7351841	7351842	IS_AST_PARENT	
7351840	7351841	IS_AST_PARENT	
7351844	7351845	IS_AST_PARENT	
7351843	7351844	IS_AST_PARENT	
7351846	7351847	IS_AST_PARENT	
7351843	7351846	IS_AST_PARENT	
7351840	7351843	IS_AST_PARENT	
7351839	7351840	IS_AST_PARENT	
7351814	7351839	IS_AST_PARENT	
7351849	7351850	IS_AST_PARENT	
7351849	7351851	IS_AST_PARENT	
7351848	7351849	IS_AST_PARENT	
7351814	7351848	IS_AST_PARENT	
7351853	7351854	IS_AST_PARENT	
7351853	7351855	IS_AST_PARENT	
7351852	7351853	IS_AST_PARENT	
7351814	7351852	IS_AST_PARENT	
7351809	7351814	IS_AST_PARENT	
7351774	7351809	IS_AST_PARENT	
7351774	7351856	IS_AST_PARENT	
7351774	7351857	IS_AST_PARENT	
7351774	7351858	IS_AST_PARENT	
7351774	7351859	IS_AST_PARENT	
7351773	7351774	IS_AST_PARENT	
7351773	7351860	IS_AST_PARENT	
7351773	7351861	IS_AST_PARENT	
7351863	7351864	IS_AST_PARENT	
7351863	7351865	IS_AST_PARENT	
7351862	7351863	IS_AST_PARENT	
7351866	7351867	IS_AST_PARENT	
7351866	7351868	IS_AST_PARENT	
7351862	7351866	IS_AST_PARENT	
7351869	7351870	IS_AST_PARENT	
7351869	7351871	IS_AST_PARENT	
7351862	7351869	IS_AST_PARENT	
7351773	7351862	IS_AST_PARENT	
7351872	7351863	FLOWS_TO	
7351863	7351866	FLOWS_TO	
7351866	7351869	FLOWS_TO	
7351869	7351775	FLOWS_TO	
7351775	7351779	FLOWS_TO	
7351779	7351792	FLOWS_TO	
7351792	7351801	FLOWS_TO	
7351801	7351810	FLOWS_TO	
7351810	7351815	FLOWS_TO	
7351810	7351856	FLOWS_TO	
7351815	7351819	FLOWS_TO	
7351819	7351828	FLOWS_TO	
7351828	7351839	FLOWS_TO	
7351839	7351848	FLOWS_TO	
7351848	7351852	FLOWS_TO	
7351852	7351810	FLOWS_TO	
7351856	7351857	FLOWS_TO	
7351857	7351858	FLOWS_TO	
7351858	7351859	FLOWS_TO	
7351859	7351873	FLOWS_TO	
7351775	7351874	DEF	
7351776	7351874	DEF	
7351801	7351874	DEF	
7351802	7351874	DEF	
7351810	7351874	USE	
7351852	7351874	USE	
7351853	7351874	USE	
7351852	7351874	DEF	
7351853	7351874	DEF	
7351779	7351875	USE	
7351786	7351875	USE	
7351779	7351876	DEF	
7351780	7351876	DEF	
7351815	7351876	DEF	
7351816	7351876	DEF	
7351828	7351876	USE	
7351837	7351876	USE	
7351779	7351877	DEF	
7351786	7351877	DEF	
7351783	7351877	DEF	
7351815	7351877	USE	
7351816	7351877	USE	
7351819	7351877	DEF	
7351820	7351877	DEF	
7351828	7351877	USE	
7351835	7351877	USE	
7351828	7351877	DEF	
7351829	7351877	DEF	
7351839	7351877	USE	
7351846	7351877	USE	
7351863	7351878	DEF	
7351801	7351878	USE	
7351805	7351878	USE	
7351869	7351879	DEF	
7351801	7351880	USE	
7351802	7351880	USE	
7351866	7351881	DEF	
7351819	7351881	USE	
7351826	7351881	USE	
7351839	7351881	USE	
7351844	7351881	USE	
7351848	7351881	DEF	
7351849	7351881	DEF	
7351848	7351881	USE	
7351849	7351881	USE	
7351819	7351882	USE	
7351820	7351882	USE	
7351828	7351883	USE	
7351829	7351883	USE	
7351801	7351884	USE	
7351802	7351884	USE	
7351815	7351828	REACHES	a
7351779	7351815	REACHES	d
7351828	7351815	REACHES	d
7351819	7351828	REACHES	d
7351828	7351839	REACHES	d
7351863	7351801	REACHES	row_info
7351801	7351810	REACHES	rb
7351852	7351810	REACHES	rb
7351801	7351852	REACHES	rb
7351852	7351852	REACHES	rb
7351848	7351819	REACHES	row
7351866	7351819	REACHES	row
7351848	7351839	REACHES	row
7351866	7351839	REACHES	row
7351848	7351848	REACHES	row
7351866	7351848	REACHES	row
7351872	7351863	CONTROLS	
7351872	7351866	CONTROLS	
7351872	7351869	CONTROLS	
7351872	7351775	CONTROLS	
7351872	7351779	CONTROLS	
7351872	7351792	CONTROLS	
7351872	7351801	CONTROLS	
7351872	7351810	CONTROLS	
7351872	7351856	CONTROLS	
7351872	7351857	CONTROLS	
7351872	7351858	CONTROLS	
7351872	7351859	CONTROLS	
7351810	7351815	CONTROLS	
7351810	7351819	CONTROLS	
7351810	7351828	CONTROLS	
7351810	7351839	CONTROLS	
7351810	7351848	CONTROLS	
7351810	7351852	CONTROLS	
7351819	7351828	DOM	
7351779	7351792	DOM	
7351866	7351869	DOM	
7351801	7351810	DOM	
7351792	7351801	DOM	
7351839	7351848	DOM	
7351775	7351779	DOM	
7351848	7351852	DOM	
7351872	7351863	DOM	
7351858	7351859	DOM	
7351872	7351872	DOM	
7351863	7351866	DOM	
7351869	7351775	DOM	
7351810	7351856	DOM	
7351857	7351858	DOM	
7351810	7351815	DOM	
7351856	7351857	DOM	
7351828	7351839	DOM	
7351859	7351873	DOM	
7351815	7351819	DOM	
7351839	7351828	POST_DOM	
7351801	7351792	POST_DOM	
7351775	7351869	POST_DOM	
7351856	7351810	POST_DOM	
7351810	7351801	POST_DOM	
7351852	7351848	POST_DOM	
7351792	7351779	POST_DOM	
7351810	7351852	POST_DOM	
7351866	7351863	POST_DOM	
7351873	7351859	POST_DOM	
7351863	7351872	POST_DOM	
7351859	7351858	POST_DOM	
7351857	7351856	POST_DOM	
7351779	7351775	POST_DOM	
7351869	7351866	POST_DOM	
7351858	7351857	POST_DOM	
7351819	7351815	POST_DOM	
7351848	7351839	POST_DOM	
7351873	7351873	POST_DOM	
7351828	7351819	POST_DOM	
7351772	7351773	IS_FUNCTION_OF_AST	
7351772	7351872	IS_FUNCTION_OF_CFG	
7351410	7351772	IS_FILE_OF	
7351889	7351890	IS_AST_PARENT	
7351889	7351891	IS_AST_PARENT	
7351888	7351889	IS_AST_PARENT	
7351887	7351888	IS_AST_PARENT	
7351893	7351894	IS_AST_PARENT	
7351893	7351895	IS_AST_PARENT	
7351896	7351897	IS_AST_PARENT	
7351899	7351900	IS_AST_PARENT	
7351898	7351899	IS_AST_PARENT	
7351898	7351901	IS_AST_PARENT	
7351896	7351898	IS_AST_PARENT	
7351893	7351896	IS_AST_PARENT	
7351892	7351893	IS_AST_PARENT	
7351887	7351892	IS_AST_PARENT	
7351903	7351904	IS_AST_PARENT	
7351903	7351905	IS_AST_PARENT	
7351902	7351903	IS_AST_PARENT	
7351887	7351902	IS_AST_PARENT	
7351907	7351908	IS_AST_PARENT	
7351907	7351909	IS_AST_PARENT	
7351906	7351907	IS_AST_PARENT	
7351910	7351911	IS_AST_PARENT	
7351910	7351912	IS_AST_PARENT	
7351913	7351914	IS_AST_PARENT	
7351913	7351915	IS_AST_PARENT	
7351910	7351913	IS_AST_PARENT	
7351906	7351910	IS_AST_PARENT	
7351887	7351906	IS_AST_PARENT	
7351918	7351919	IS_AST_PARENT	
7351917	7351918	IS_AST_PARENT	
7351921	7351922	IS_AST_PARENT	
7351920	7351921	IS_AST_PARENT	
7351923	7351924	IS_AST_PARENT	
7351920	7351923	IS_AST_PARENT	
7351917	7351920	IS_AST_PARENT	
7351916	7351917	IS_AST_PARENT	
7351887	7351916	IS_AST_PARENT	
7351926	7351927	IS_AST_PARENT	
7351928	7351929	IS_AST_PARENT	
7351928	7351930	IS_AST_PARENT	
7351926	7351928	IS_AST_PARENT	
7351925	7351926	IS_AST_PARENT	
7351887	7351925	IS_AST_PARENT	
7351933	7351934	IS_AST_PARENT	
7351933	7351935	IS_AST_PARENT	
7351932	7351933	IS_AST_PARENT	
7351931	7351932	IS_AST_PARENT	
7351938	7351939	IS_AST_PARENT	
7351938	7351940	IS_AST_PARENT	
7351937	7351938	IS_AST_PARENT	
7351936	7351937	IS_AST_PARENT	
7351942	7351943	IS_AST_PARENT	
7351945	7351946	IS_AST_PARENT	
7351944	7351945	IS_AST_PARENT	
7351948	7351949	IS_AST_PARENT	
7351947	7351948	IS_AST_PARENT	
7351944	7351947	IS_AST_PARENT	
7351942	7351944	IS_AST_PARENT	
7351941	7351942	IS_AST_PARENT	
7351936	7351941	IS_AST_PARENT	
7351951	7351952	IS_AST_PARENT	
7351951	7351953	IS_AST_PARENT	
7351950	7351951	IS_AST_PARENT	
7351936	7351950	IS_AST_PARENT	
7351955	7351956	IS_AST_PARENT	
7351958	7351959	IS_AST_PARENT	
7351957	7351958	IS_AST_PARENT	
7351961	7351962	IS_AST_PARENT	
7351960	7351961	IS_AST_PARENT	
7351957	7351960	IS_AST_PARENT	
7351955	7351957	IS_AST_PARENT	
7351954	7351955	IS_AST_PARENT	
7351936	7351954	IS_AST_PARENT	
7351964	7351965	IS_AST_PARENT	
7351967	7351968	IS_AST_PARENT	
7351966	7351967	IS_AST_PARENT	
7351970	7351971	IS_AST_PARENT	
7351969	7351970	IS_AST_PARENT	
7351972	7351973	IS_AST_PARENT	
7351969	7351972	IS_AST_PARENT	
7351966	7351969	IS_AST_PARENT	
7351964	7351966	IS_AST_PARENT	
7351963	7351964	IS_AST_PARENT	
7351936	7351963	IS_AST_PARENT	
7351975	7351976	IS_AST_PARENT	
7351978	7351979	IS_AST_PARENT	
7351977	7351978	IS_AST_PARENT	
7351981	7351982	IS_AST_PARENT	
7351980	7351981	IS_AST_PARENT	
7351985	7351986	IS_AST_PARENT	
7351984	7351985	IS_AST_PARENT	
7351990	7351991	IS_AST_PARENT	
7351989	7351990	IS_AST_PARENT	
7351993	7351994	IS_AST_PARENT	
7351992	7351993	IS_AST_PARENT	
7351995	7351996	IS_AST_PARENT	
7351992	7351995	IS_AST_PARENT	
7351989	7351992	IS_AST_PARENT	
7351988	7351989	IS_AST_PARENT	
7351987	7351988	IS_AST_PARENT	
7351999	7352000	IS_AST_PARENT	
7351998	7351999	IS_AST_PARENT	
7352002	7352003	IS_AST_PARENT	
7352001	7352002	IS_AST_PARENT	
7351998	7352001	IS_AST_PARENT	
7351997	7351998	IS_AST_PARENT	
7351987	7351997	IS_AST_PARENT	
7351984	7351987	IS_AST_PARENT	
7351983	7351984	IS_AST_PARENT	
7351980	7351983	IS_AST_PARENT	
7351977	7351980	IS_AST_PARENT	
7351975	7351977	IS_AST_PARENT	
7351974	7351975	IS_AST_PARENT	
7351936	7351974	IS_AST_PARENT	
7352005	7352006	IS_AST_PARENT	
7352008	7352009	IS_AST_PARENT	
7352007	7352008	IS_AST_PARENT	
7352011	7352012	IS_AST_PARENT	
7352010	7352011	IS_AST_PARENT	
7352013	7352014	IS_AST_PARENT	
7352010	7352013	IS_AST_PARENT	
7352007	7352010	IS_AST_PARENT	
7352005	7352007	IS_AST_PARENT	
7352004	7352005	IS_AST_PARENT	
7351936	7352004	IS_AST_PARENT	
7352017	7352018	IS_AST_PARENT	
7352016	7352017	IS_AST_PARENT	
7352020	7352021	IS_AST_PARENT	
7352019	7352020	IS_AST_PARENT	
7352022	7352023	IS_AST_PARENT	
7352019	7352022	IS_AST_PARENT	
7352016	7352019	IS_AST_PARENT	
7352015	7352016	IS_AST_PARENT	
7351936	7352015	IS_AST_PARENT	
7352025	7352026	IS_AST_PARENT	
7352025	7352027	IS_AST_PARENT	
7352024	7352025	IS_AST_PARENT	
7351936	7352024	IS_AST_PARENT	
7352029	7352030	IS_AST_PARENT	
7352029	7352031	IS_AST_PARENT	
7352028	7352029	IS_AST_PARENT	
7351936	7352028	IS_AST_PARENT	
7352033	7352034	IS_AST_PARENT	
7352033	7352035	IS_AST_PARENT	
7352032	7352033	IS_AST_PARENT	
7351936	7352032	IS_AST_PARENT	
7351931	7351936	IS_AST_PARENT	
7351887	7351931	IS_AST_PARENT	
7352038	7352039	IS_AST_PARENT	
7352038	7352040	IS_AST_PARENT	
7352037	7352038	IS_AST_PARENT	
7352036	7352037	IS_AST_PARENT	
7352043	7352044	IS_AST_PARENT	
7352043	7352045	IS_AST_PARENT	
7352042	7352043	IS_AST_PARENT	
7352041	7352042	IS_AST_PARENT	
7352047	7352048	IS_AST_PARENT	
7352050	7352051	IS_AST_PARENT	
7352049	7352050	IS_AST_PARENT	
7352053	7352054	IS_AST_PARENT	
7352052	7352053	IS_AST_PARENT	
7352049	7352052	IS_AST_PARENT	
7352047	7352049	IS_AST_PARENT	
7352046	7352047	IS_AST_PARENT	
7352041	7352046	IS_AST_PARENT	
7352056	7352057	IS_AST_PARENT	
7352056	7352058	IS_AST_PARENT	
7352055	7352056	IS_AST_PARENT	
7352041	7352055	IS_AST_PARENT	
7352060	7352061	IS_AST_PARENT	
7352063	7352064	IS_AST_PARENT	
7352062	7352063	IS_AST_PARENT	
7352066	7352067	IS_AST_PARENT	
7352065	7352066	IS_AST_PARENT	
7352062	7352065	IS_AST_PARENT	
7352060	7352062	IS_AST_PARENT	
7352059	7352060	IS_AST_PARENT	
7352041	7352059	IS_AST_PARENT	
7352069	7352070	IS_AST_PARENT	
7352072	7352073	IS_AST_PARENT	
7352071	7352072	IS_AST_PARENT	
7352075	7352076	IS_AST_PARENT	
7352074	7352075	IS_AST_PARENT	
7352077	7352078	IS_AST_PARENT	
7352074	7352077	IS_AST_PARENT	
7352071	7352074	IS_AST_PARENT	
7352069	7352071	IS_AST_PARENT	
7352068	7352069	IS_AST_PARENT	
7352041	7352068	IS_AST_PARENT	
7352080	7352081	IS_AST_PARENT	
7352083	7352084	IS_AST_PARENT	
7352082	7352083	IS_AST_PARENT	
7352086	7352087	IS_AST_PARENT	
7352085	7352086	IS_AST_PARENT	
7352090	7352091	IS_AST_PARENT	
7352089	7352090	IS_AST_PARENT	
7352095	7352096	IS_AST_PARENT	
7352094	7352095	IS_AST_PARENT	
7352098	7352099	IS_AST_PARENT	
7352097	7352098	IS_AST_PARENT	
7352100	7352101	IS_AST_PARENT	
7352097	7352100	IS_AST_PARENT	
7352094	7352097	IS_AST_PARENT	
7352093	7352094	IS_AST_PARENT	
7352092	7352093	IS_AST_PARENT	
7352104	7352105	IS_AST_PARENT	
7352103	7352104	IS_AST_PARENT	
7352107	7352108	IS_AST_PARENT	
7352106	7352107	IS_AST_PARENT	
7352103	7352106	IS_AST_PARENT	
7352102	7352103	IS_AST_PARENT	
7352092	7352102	IS_AST_PARENT	
7352089	7352092	IS_AST_PARENT	
7352088	7352089	IS_AST_PARENT	
7352085	7352088	IS_AST_PARENT	
7352082	7352085	IS_AST_PARENT	
7352080	7352082	IS_AST_PARENT	
7352079	7352080	IS_AST_PARENT	
7352041	7352079	IS_AST_PARENT	
7352110	7352111	IS_AST_PARENT	
7352113	7352114	IS_AST_PARENT	
7352112	7352113	IS_AST_PARENT	
7352116	7352117	IS_AST_PARENT	
7352115	7352116	IS_AST_PARENT	
7352118	7352119	IS_AST_PARENT	
7352115	7352118	IS_AST_PARENT	
7352112	7352115	IS_AST_PARENT	
7352110	7352112	IS_AST_PARENT	
7352109	7352110	IS_AST_PARENT	
7352041	7352109	IS_AST_PARENT	
7352122	7352123	IS_AST_PARENT	
7352121	7352122	IS_AST_PARENT	
7352125	7352126	IS_AST_PARENT	
7352124	7352125	IS_AST_PARENT	
7352127	7352128	IS_AST_PARENT	
7352124	7352127	IS_AST_PARENT	
7352121	7352124	IS_AST_PARENT	
7352120	7352121	IS_AST_PARENT	
7352041	7352120	IS_AST_PARENT	
7352130	7352131	IS_AST_PARENT	
7352130	7352132	IS_AST_PARENT	
7352129	7352130	IS_AST_PARENT	
7352041	7352129	IS_AST_PARENT	
7352134	7352135	IS_AST_PARENT	
7352134	7352136	IS_AST_PARENT	
7352133	7352134	IS_AST_PARENT	
7352041	7352133	IS_AST_PARENT	
7352138	7352139	IS_AST_PARENT	
7352138	7352140	IS_AST_PARENT	
7352137	7352138	IS_AST_PARENT	
7352041	7352137	IS_AST_PARENT	
7352036	7352041	IS_AST_PARENT	
7351887	7352036	IS_AST_PARENT	
7351886	7351887	IS_AST_PARENT	
7351886	7352141	IS_AST_PARENT	
7351886	7352142	IS_AST_PARENT	
7352144	7352145	IS_AST_PARENT	
7352144	7352146	IS_AST_PARENT	
7352143	7352144	IS_AST_PARENT	
7352147	7352148	IS_AST_PARENT	
7352147	7352149	IS_AST_PARENT	
7352143	7352147	IS_AST_PARENT	
7352150	7352151	IS_AST_PARENT	
7352150	7352152	IS_AST_PARENT	
7352143	7352150	IS_AST_PARENT	
7351886	7352143	IS_AST_PARENT	
7352153	7352144	FLOWS_TO	
7352144	7352147	FLOWS_TO	
7352147	7352150	FLOWS_TO	
7352150	7351888	FLOWS_TO	
7351888	7351892	FLOWS_TO	
7351892	7351902	FLOWS_TO	
7351902	7351906	FLOWS_TO	
7351906	7351916	FLOWS_TO	
7351916	7351925	FLOWS_TO	
7351925	7351932	FLOWS_TO	
7351932	7351937	FLOWS_TO	
7351932	7352037	FLOWS_TO	
7351937	7351941	FLOWS_TO	
7351941	7351950	FLOWS_TO	
7351950	7351954	FLOWS_TO	
7351954	7351963	FLOWS_TO	
7351963	7351974	FLOWS_TO	
7351974	7352004	FLOWS_TO	
7352004	7352015	FLOWS_TO	
7352015	7352024	FLOWS_TO	
7352024	7352028	FLOWS_TO	
7352028	7352032	FLOWS_TO	
7352032	7351932	FLOWS_TO	
7352037	7352042	FLOWS_TO	
7352037	7352154	FLOWS_TO	
7352042	7352046	FLOWS_TO	
7352046	7352055	FLOWS_TO	
7352055	7352059	FLOWS_TO	
7352059	7352068	FLOWS_TO	
7352068	7352079	FLOWS_TO	
7352079	7352109	FLOWS_TO	
7352109	7352120	FLOWS_TO	
7352120	7352129	FLOWS_TO	
7352129	7352133	FLOWS_TO	
7352133	7352137	FLOWS_TO	
7352137	7352154	FLOWS_TO	
7351892	7352155	USE	
7351896	7352155	USE	
7351906	7352156	DEF	
7351907	7352156	DEF	
7351950	7352156	DEF	
7351951	7352156	DEF	
7351963	7352156	USE	
7351970	7352156	USE	
7351974	7352156	USE	
7351993	7352156	USE	
7352055	7352156	DEF	
7352056	7352156	DEF	
7352068	7352156	USE	
7352075	7352156	USE	
7352079	7352156	USE	
7352098	7352156	USE	
7351902	7352157	DEF	
7351903	7352157	DEF	
7351941	7352157	DEF	
7351942	7352157	DEF	
7351963	7352157	USE	
7351972	7352157	USE	
7351974	7352157	USE	
7351995	7352157	USE	
7352046	7352157	DEF	
7352047	7352157	DEF	
7352068	7352157	USE	
7352077	7352157	USE	
7352079	7352157	USE	
7352100	7352157	USE	
7351906	7352158	DEF	
7351910	7352158	DEF	
7351950	7352158	USE	
7351951	7352158	USE	
7351954	7352158	DEF	
7351955	7352158	DEF	
7352004	7352158	DEF	
7352005	7352158	DEF	
7352004	7352158	USE	
7352011	7352158	USE	
7352015	7352158	USE	
7352022	7352158	USE	
7352055	7352158	USE	
7352056	7352158	USE	
7352059	7352158	DEF	
7352060	7352158	DEF	
7352109	7352158	USE	
7352116	7352158	USE	
7352109	7352158	DEF	
7352110	7352158	DEF	
7352120	7352158	USE	
7352127	7352158	USE	
7352144	7352159	DEF	
7351925	7352159	USE	
7351928	7352159	USE	
7351974	7352160	USE	
7351975	7352160	USE	
7352079	7352160	USE	
7352080	7352160	USE	
7352150	7352161	DEF	
7351941	7352161	USE	
7351948	7352161	USE	
7352024	7352161	USE	
7352025	7352161	USE	
7352024	7352161	DEF	
7352025	7352161	DEF	
7352046	7352161	USE	
7352053	7352161	USE	
7352129	7352161	DEF	
7352130	7352161	DEF	
7352129	7352161	USE	
7352130	7352161	USE	
7352046	7352162	USE	
7352047	7352162	USE	
7352059	7352162	USE	
7352060	7352162	USE	
7351941	7352163	USE	
7351942	7352163	USE	
7351954	7352163	USE	
7351955	7352163	USE	
7351963	7352164	USE	
7351964	7352164	USE	
7352068	7352164	USE	
7352069	7352164	USE	
7351925	7352165	USE	
7351926	7352165	USE	
7351888	7352166	DEF	
7351889	7352166	DEF	
7351925	7352166	DEF	
7351926	7352166	DEF	
7351932	7352166	USE	
7352032	7352166	DEF	
7352033	7352166	DEF	
7352032	7352166	USE	
7352033	7352166	USE	
7352037	7352166	USE	
7352137	7352166	DEF	
7352138	7352166	DEF	
7352137	7352166	USE	
7352138	7352166	USE	
7351892	7352167	DEF	
7351893	7352167	DEF	
7351896	7352167	DEF	
7351906	7352167	DEF	
7351913	7352167	DEF	
7351906	7352167	USE	
7351913	7352167	USE	
7351937	7352168	DEF	
7351938	7352168	DEF	
7351963	7352168	DEF	
7351964	7352168	DEF	
7351974	7352168	DEF	
7351975	7352168	DEF	
7351974	7352168	USE	
7351981	7352168	USE	
7352004	7352168	USE	
7352013	7352168	USE	
7352042	7352168	DEF	
7352043	7352168	DEF	
7352068	7352168	DEF	
7352069	7352168	DEF	
7352079	7352168	USE	
7352086	7352168	USE	
7352079	7352168	DEF	
7352080	7352168	DEF	
7352109	7352168	USE	
7352118	7352168	USE	
7351925	7352169	USE	
7351926	7352169	USE	
7351974	7352170	USE	
7351997	7352170	USE	
7352079	7352170	USE	
7352102	7352170	USE	
7351974	7352171	USE	
7351983	7352171	USE	
7352079	7352171	USE	
7352088	7352171	USE	
7352147	7352172	DEF	
7351954	7352172	USE	
7351961	7352172	USE	
7352015	7352172	USE	
7352020	7352172	USE	
7352028	7352172	USE	
7352029	7352172	USE	
7352028	7352172	DEF	
7352029	7352172	DEF	
7352059	7352172	USE	
7352066	7352172	USE	
7352120	7352172	USE	
7352125	7352172	USE	
7352133	7352172	DEF	
7352134	7352172	DEF	
7352133	7352172	USE	
7352134	7352172	USE	
7352004	7352173	USE	
7352005	7352173	USE	
7352109	7352173	USE	
7352110	7352173	USE	
7351974	7352174	USE	
7351988	7352174	USE	
7352079	7352174	USE	
7352093	7352174	USE	
7352024	7351941	REACHES	prev
7352150	7351941	REACHES	prev
7352150	7352024	REACHES	prev
7352024	7352024	REACHES	prev
7352024	7352046	REACHES	prev
7352150	7352046	REACHES	prev
7352150	7352129	REACHES	prev
7352024	7352129	REACHES	prev
7351892	7351906	REACHES	zero
7352032	7351932	REACHES	rb
7351925	7351932	REACHES	rb
7352032	7352032	REACHES	rb
7351925	7352032	REACHES	rb
7352032	7352037	REACHES	rb
7351925	7352037	REACHES	rb
7352032	7352137	REACHES	rb
7351925	7352137	REACHES	rb
7351963	7351974	REACHES	avg
7351974	7352004	REACHES	avg
7352068	7352079	REACHES	avg
7352079	7352109	REACHES	avg
7352028	7352028	REACHES	row
7352028	7352015	REACHES	row
7352147	7351954	REACHES	row
7352028	7351954	REACHES	row
7352028	7352133	REACHES	row
7352147	7352015	REACHES	row
7352147	7352028	REACHES	row
7352147	7352059	REACHES	row
7352028	7352059	REACHES	row
7352028	7352120	REACHES	row
7352147	7352120	REACHES	row
7352147	7352133	REACHES	row
7351950	7351963	REACHES	a
7351950	7351974	REACHES	a
7352055	7352068	REACHES	a
7352055	7352079	REACHES	a
7351941	7351963	REACHES	b
7351941	7351974	REACHES	b
7352046	7352068	REACHES	b
7352046	7352079	REACHES	b
7351906	7351950	REACHES	d
7352004	7351950	REACHES	d
7351954	7352004	REACHES	d
7352004	7352015	REACHES	d
7351906	7352055	REACHES	d
7352004	7352055	REACHES	d
7352059	7352109	REACHES	d
7352109	7352120	REACHES	d
7352144	7351925	REACHES	row_info
7352153	7352144	CONTROLS	
7352153	7352147	CONTROLS	
7352153	7352150	CONTROLS	
7352153	7351888	CONTROLS	
7352153	7351892	CONTROLS	
7352153	7351902	CONTROLS	
7352153	7351906	CONTROLS	
7352153	7351916	CONTROLS	
7352153	7351925	CONTROLS	
7352153	7351932	CONTROLS	
7352153	7352037	CONTROLS	
7351932	7351937	CONTROLS	
7351932	7351941	CONTROLS	
7351932	7351950	CONTROLS	
7351932	7351954	CONTROLS	
7351932	7351963	CONTROLS	
7351932	7351974	CONTROLS	
7351932	7352004	CONTROLS	
7351932	7352015	CONTROLS	
7351932	7352024	CONTROLS	
7351932	7352028	CONTROLS	
7351932	7352032	CONTROLS	
7352037	7352042	CONTROLS	
7352037	7352046	CONTROLS	
7352037	7352055	CONTROLS	
7352037	7352059	CONTROLS	
7352037	7352068	CONTROLS	
7352037	7352079	CONTROLS	
7352037	7352109	CONTROLS	
7352037	7352120	CONTROLS	
7352037	7352129	CONTROLS	
7352037	7352133	CONTROLS	
7352037	7352137	CONTROLS	
7352129	7352133	DOM	
7352144	7352147	DOM	
7352046	7352055	DOM	
7351941	7351950	DOM	
7352109	7352120	DOM	
7352120	7352129	DOM	
7351892	7351902	DOM	
7352079	7352109	DOM	
7352055	7352059	DOM	
7352028	7352032	DOM	
7352068	7352079	DOM	
7351974	7352004	DOM	
7351906	7351916	DOM	
7352133	7352137	DOM	
7352037	7352154	DOM	
7352153	7352144	DOM	
7351950	7351954	DOM	
7351937	7351941	DOM	
7351963	7351974	DOM	
7352024	7352028	DOM	
7352147	7352150	DOM	
7351925	7351932	DOM	
7352015	7352024	DOM	
7351932	7352037	DOM	
7351902	7351906	DOM	
7351932	7351937	DOM	
7352042	7352046	DOM	
7351888	7351892	DOM	
7352153	7352153	DOM	
7352059	7352068	DOM	
7352004	7352015	DOM	
7351916	7351925	DOM	
7352037	7352042	DOM	
7352150	7351888	DOM	
7351954	7351963	DOM	
7352137	7352133	POST_DOM	
7352150	7352147	POST_DOM	
7352059	7352055	POST_DOM	
7351954	7351950	POST_DOM	
7352129	7352120	POST_DOM	
7352133	7352129	POST_DOM	
7351906	7351902	POST_DOM	
7352120	7352109	POST_DOM	
7352068	7352059	POST_DOM	
7351932	7352032	POST_DOM	
7352109	7352079	POST_DOM	
7352015	7352004	POST_DOM	
7351925	7351916	POST_DOM	
7352154	7352154	POST_DOM	
7352154	7352137	POST_DOM	
7352147	7352144	POST_DOM	
7351963	7351954	POST_DOM	
7351950	7351941	POST_DOM	
7352004	7351974	POST_DOM	
7352032	7352028	POST_DOM	
7352037	7351932	POST_DOM	
7351888	7352150	POST_DOM	
7352028	7352024	POST_DOM	
7352154	7352037	POST_DOM	
7351916	7351906	POST_DOM	
7351941	7351937	POST_DOM	
7352055	7352046	POST_DOM	
7351902	7351892	POST_DOM	
7352144	7352153	POST_DOM	
7352079	7352068	POST_DOM	
7352024	7352015	POST_DOM	
7351932	7351925	POST_DOM	
7352046	7352042	POST_DOM	
7351892	7351888	POST_DOM	
7351974	7351963	POST_DOM	
7351885	7351886	IS_FUNCTION_OF_AST	
7351885	7352153	IS_FUNCTION_OF_CFG	
7351410	7351885	IS_FILE_OF	
7352179	7352180	IS_AST_PARENT	
7352179	7352181	IS_AST_PARENT	
7352178	7352179	IS_AST_PARENT	
7352177	7352178	IS_AST_PARENT	
7352183	7352184	IS_AST_PARENT	
7352183	7352185	IS_AST_PARENT	
7352186	7352187	IS_AST_PARENT	
7352189	7352190	IS_AST_PARENT	
7352188	7352189	IS_AST_PARENT	
7352188	7352191	IS_AST_PARENT	
7352186	7352188	IS_AST_PARENT	
7352183	7352186	IS_AST_PARENT	
7352182	7352183	IS_AST_PARENT	
7352177	7352182	IS_AST_PARENT	
7352193	7352194	IS_AST_PARENT	
7352193	7352195	IS_AST_PARENT	
7352192	7352193	IS_AST_PARENT	
7352177	7352192	IS_AST_PARENT	
7352197	7352198	IS_AST_PARENT	
7352197	7352199	IS_AST_PARENT	
7352196	7352197	IS_AST_PARENT	
7352200	7352201	IS_AST_PARENT	
7352200	7352202	IS_AST_PARENT	
7352203	7352204	IS_AST_PARENT	
7352203	7352205	IS_AST_PARENT	
7352200	7352203	IS_AST_PARENT	
7352196	7352200	IS_AST_PARENT	
7352177	7352196	IS_AST_PARENT	
7352208	7352209	IS_AST_PARENT	
7352207	7352208	IS_AST_PARENT	
7352211	7352212	IS_AST_PARENT	
7352210	7352211	IS_AST_PARENT	
7352213	7352214	IS_AST_PARENT	
7352210	7352213	IS_AST_PARENT	
7352207	7352210	IS_AST_PARENT	
7352206	7352207	IS_AST_PARENT	
7352177	7352206	IS_AST_PARENT	
7352216	7352217	IS_AST_PARENT	
7352219	7352220	IS_AST_PARENT	
7352219	7352221	IS_AST_PARENT	
7352218	7352219	IS_AST_PARENT	
7352218	7352222	IS_AST_PARENT	
7352216	7352218	IS_AST_PARENT	
7352215	7352216	IS_AST_PARENT	
7352177	7352215	IS_AST_PARENT	
7352225	7352226	IS_AST_PARENT	
7352225	7352227	IS_AST_PARENT	
7352224	7352225	IS_AST_PARENT	
7352223	7352224	IS_AST_PARENT	
7352230	7352231	IS_AST_PARENT	
7352230	7352232	IS_AST_PARENT	
7352229	7352230	IS_AST_PARENT	
7352228	7352229	IS_AST_PARENT	
7352234	7352235	IS_AST_PARENT	
7352237	7352238	IS_AST_PARENT	
7352236	7352237	IS_AST_PARENT	
7352240	7352241	IS_AST_PARENT	
7352239	7352240	IS_AST_PARENT	
7352236	7352239	IS_AST_PARENT	
7352234	7352236	IS_AST_PARENT	
7352233	7352234	IS_AST_PARENT	
7352228	7352233	IS_AST_PARENT	
7352243	7352244	IS_AST_PARENT	
7352243	7352245	IS_AST_PARENT	
7352242	7352243	IS_AST_PARENT	
7352228	7352242	IS_AST_PARENT	
7352247	7352248	IS_AST_PARENT	
7352250	7352251	IS_AST_PARENT	
7352249	7352250	IS_AST_PARENT	
7352253	7352254	IS_AST_PARENT	
7352252	7352253	IS_AST_PARENT	
7352249	7352252	IS_AST_PARENT	
7352247	7352249	IS_AST_PARENT	
7352246	7352247	IS_AST_PARENT	
7352228	7352246	IS_AST_PARENT	
7352256	7352257	IS_AST_PARENT	
7352259	7352260	IS_AST_PARENT	
7352258	7352259	IS_AST_PARENT	
7352262	7352263	IS_AST_PARENT	
7352261	7352262	IS_AST_PARENT	
7352264	7352265	IS_AST_PARENT	
7352261	7352264	IS_AST_PARENT	
7352258	7352261	IS_AST_PARENT	
7352256	7352258	IS_AST_PARENT	
7352255	7352256	IS_AST_PARENT	
7352228	7352255	IS_AST_PARENT	
7352267	7352268	IS_AST_PARENT	
7352270	7352271	IS_AST_PARENT	
7352269	7352270	IS_AST_PARENT	
7352273	7352274	IS_AST_PARENT	
7352272	7352273	IS_AST_PARENT	
7352277	7352278	IS_AST_PARENT	
7352276	7352277	IS_AST_PARENT	
7352282	7352283	IS_AST_PARENT	
7352281	7352282	IS_AST_PARENT	
7352285	7352286	IS_AST_PARENT	
7352284	7352285	IS_AST_PARENT	
7352287	7352288	IS_AST_PARENT	
7352284	7352287	IS_AST_PARENT	
7352281	7352284	IS_AST_PARENT	
7352280	7352281	IS_AST_PARENT	
7352279	7352280	IS_AST_PARENT	
7352291	7352292	IS_AST_PARENT	
7352290	7352291	IS_AST_PARENT	
7352294	7352295	IS_AST_PARENT	
7352293	7352294	IS_AST_PARENT	
7352290	7352293	IS_AST_PARENT	
7352289	7352290	IS_AST_PARENT	
7352279	7352289	IS_AST_PARENT	
7352276	7352279	IS_AST_PARENT	
7352275	7352276	IS_AST_PARENT	
7352272	7352275	IS_AST_PARENT	
7352269	7352272	IS_AST_PARENT	
7352267	7352269	IS_AST_PARENT	
7352266	7352267	IS_AST_PARENT	
7352228	7352266	IS_AST_PARENT	
7352297	7352298	IS_AST_PARENT	
7352300	7352301	IS_AST_PARENT	
7352299	7352300	IS_AST_PARENT	
7352303	7352304	IS_AST_PARENT	
7352302	7352303	IS_AST_PARENT	
7352305	7352306	IS_AST_PARENT	
7352302	7352305	IS_AST_PARENT	
7352299	7352302	IS_AST_PARENT	
7352297	7352299	IS_AST_PARENT	
7352296	7352297	IS_AST_PARENT	
7352228	7352296	IS_AST_PARENT	
7352309	7352310	IS_AST_PARENT	
7352308	7352309	IS_AST_PARENT	
7352312	7352313	IS_AST_PARENT	
7352311	7352312	IS_AST_PARENT	
7352314	7352315	IS_AST_PARENT	
7352311	7352314	IS_AST_PARENT	
7352308	7352311	IS_AST_PARENT	
7352307	7352308	IS_AST_PARENT	
7352228	7352307	IS_AST_PARENT	
7352317	7352318	IS_AST_PARENT	
7352317	7352319	IS_AST_PARENT	
7352316	7352317	IS_AST_PARENT	
7352228	7352316	IS_AST_PARENT	
7352321	7352322	IS_AST_PARENT	
7352321	7352323	IS_AST_PARENT	
7352320	7352321	IS_AST_PARENT	
7352228	7352320	IS_AST_PARENT	
7352325	7352326	IS_AST_PARENT	
7352325	7352327	IS_AST_PARENT	
7352324	7352325	IS_AST_PARENT	
7352228	7352324	IS_AST_PARENT	
7352223	7352228	IS_AST_PARENT	
7352177	7352223	IS_AST_PARENT	
7352176	7352177	IS_AST_PARENT	
7352176	7352328	IS_AST_PARENT	
7352176	7352329	IS_AST_PARENT	
7352331	7352332	IS_AST_PARENT	
7352331	7352333	IS_AST_PARENT	
7352330	7352331	IS_AST_PARENT	
7352334	7352335	IS_AST_PARENT	
7352334	7352336	IS_AST_PARENT	
7352330	7352334	IS_AST_PARENT	
7352337	7352338	IS_AST_PARENT	
7352337	7352339	IS_AST_PARENT	
7352330	7352337	IS_AST_PARENT	
7352176	7352330	IS_AST_PARENT	
7352340	7352331	FLOWS_TO	
7352331	7352334	FLOWS_TO	
7352334	7352337	FLOWS_TO	
7352337	7352178	FLOWS_TO	
7352178	7352182	FLOWS_TO	
7352182	7352192	FLOWS_TO	
7352192	7352196	FLOWS_TO	
7352196	7352206	FLOWS_TO	
7352206	7352215	FLOWS_TO	
7352215	7352224	FLOWS_TO	
7352224	7352229	FLOWS_TO	
7352224	7352341	FLOWS_TO	
7352229	7352233	FLOWS_TO	
7352233	7352242	FLOWS_TO	
7352242	7352246	FLOWS_TO	
7352246	7352255	FLOWS_TO	
7352255	7352266	FLOWS_TO	
7352266	7352296	FLOWS_TO	
7352296	7352307	FLOWS_TO	
7352307	7352316	FLOWS_TO	
7352316	7352320	FLOWS_TO	
7352320	7352324	FLOWS_TO	
7352324	7352224	FLOWS_TO	
7352182	7352342	USE	
7352186	7352342	USE	
7352196	7352343	DEF	
7352197	7352343	DEF	
7352242	7352343	DEF	
7352243	7352343	DEF	
7352255	7352343	USE	
7352262	7352343	USE	
7352266	7352343	USE	
7352285	7352343	USE	
7352192	7352344	DEF	
7352193	7352344	DEF	
7352233	7352344	DEF	
7352234	7352344	DEF	
7352255	7352344	USE	
7352264	7352344	USE	
7352266	7352344	USE	
7352287	7352344	USE	
7352196	7352345	DEF	
7352200	7352345	DEF	
7352242	7352345	USE	
7352243	7352345	USE	
7352246	7352345	DEF	
7352247	7352345	DEF	
7352296	7352345	DEF	
7352297	7352345	DEF	
7352296	7352345	USE	
7352303	7352345	USE	
7352307	7352345	USE	
7352314	7352345	USE	
7352331	7352346	DEF	
7352215	7352346	USE	
7352219	7352346	USE	
7352266	7352347	USE	
7352267	7352347	USE	
7352337	7352348	DEF	
7352233	7352348	USE	
7352240	7352348	USE	
7352316	7352348	DEF	
7352317	7352348	DEF	
7352316	7352348	USE	
7352317	7352348	USE	
7352233	7352349	USE	
7352234	7352349	USE	
7352246	7352349	USE	
7352247	7352349	USE	
7352255	7352350	USE	
7352256	7352350	USE	
7352215	7352351	USE	
7352216	7352351	USE	
7352178	7352352	DEF	
7352179	7352352	DEF	
7352215	7352352	DEF	
7352216	7352352	DEF	
7352224	7352352	USE	
7352324	7352352	DEF	
7352325	7352352	DEF	
7352324	7352352	USE	
7352325	7352352	USE	
7352182	7352353	DEF	
7352183	7352353	DEF	
7352186	7352353	DEF	
7352196	7352353	DEF	
7352203	7352353	DEF	
7352196	7352353	USE	
7352203	7352353	USE	
7352229	7352354	DEF	
7352230	7352354	DEF	
7352255	7352354	DEF	
7352256	7352354	DEF	
7352266	7352354	USE	
7352273	7352354	USE	
7352266	7352354	DEF	
7352267	7352354	DEF	
7352296	7352354	USE	
7352305	7352354	USE	
7352215	7352355	USE	
7352216	7352355	USE	
7352266	7352356	USE	
7352289	7352356	USE	
7352266	7352357	USE	
7352275	7352357	USE	
7352334	7352358	DEF	
7352246	7352358	USE	
7352253	7352358	USE	
7352307	7352358	USE	
7352312	7352358	USE	
7352320	7352358	USE	
7352321	7352358	USE	
7352320	7352358	DEF	
7352321	7352358	DEF	
7352296	7352359	USE	
7352297	7352359	USE	
7352266	7352360	USE	
7352280	7352360	USE	
7352316	7352233	REACHES	prev
7352337	7352233	REACHES	prev
7352316	7352316	REACHES	prev
7352337	7352316	REACHES	prev
7352182	7352196	REACHES	zero
7352255	7352266	REACHES	avg
7352266	7352296	REACHES	avg
7352320	7352246	REACHES	row
7352334	7352246	REACHES	row
7352320	7352307	REACHES	row
7352334	7352307	REACHES	row
7352320	7352320	REACHES	row
7352334	7352320	REACHES	row
7352242	7352255	REACHES	a
7352242	7352266	REACHES	a
7352233	7352255	REACHES	b
7352233	7352266	REACHES	b
7352196	7352242	REACHES	d
7352296	7352242	REACHES	d
7352246	7352296	REACHES	d
7352296	7352307	REACHES	d
7352331	7352215	REACHES	row_info
7352324	7352224	REACHES	rb
7352215	7352224	REACHES	rb
7352324	7352324	REACHES	rb
7352215	7352324	REACHES	rb
7352340	7352331	CONTROLS	
7352340	7352334	CONTROLS	
7352340	7352337	CONTROLS	
7352340	7352178	CONTROLS	
7352340	7352182	CONTROLS	
7352340	7352192	CONTROLS	
7352340	7352196	CONTROLS	
7352340	7352206	CONTROLS	
7352340	7352215	CONTROLS	
7352340	7352224	CONTROLS	
7352224	7352229	CONTROLS	
7352224	7352233	CONTROLS	
7352224	7352242	CONTROLS	
7352224	7352246	CONTROLS	
7352224	7352255	CONTROLS	
7352224	7352266	CONTROLS	
7352224	7352296	CONTROLS	
7352224	7352307	CONTROLS	
7352224	7352316	CONTROLS	
7352224	7352320	CONTROLS	
7352224	7352324	CONTROLS	
7352340	7352340	DOM	
7352337	7352178	DOM	
7352307	7352316	DOM	
7352224	7352341	DOM	
7352206	7352215	DOM	
7352229	7352233	DOM	
7352196	7352206	DOM	
7352296	7352307	DOM	
7352331	7352334	DOM	
7352182	7352192	DOM	
7352320	7352324	DOM	
7352255	7352266	DOM	
7352178	7352182	DOM	
7352242	7352246	DOM	
7352316	7352320	DOM	
7352215	7352224	DOM	
7352233	7352242	DOM	
7352340	7352331	DOM	
7352192	7352196	DOM	
7352224	7352229	DOM	
7352246	7352255	DOM	
7352334	7352337	DOM	
7352266	7352296	DOM	
7352331	7352340	POST_DOM	
7352182	7352178	POST_DOM	
7352320	7352316	POST_DOM	
7352341	7352341	POST_DOM	
7352224	7352215	POST_DOM	
7352242	7352233	POST_DOM	
7352215	7352206	POST_DOM	
7352316	7352307	POST_DOM	
7352196	7352192	POST_DOM	
7352337	7352334	POST_DOM	
7352224	7352324	POST_DOM	
7352296	7352266	POST_DOM	
7352192	7352182	POST_DOM	
7352324	7352320	POST_DOM	
7352255	7352246	POST_DOM	
7352341	7352224	POST_DOM	
7352246	7352242	POST_DOM	
7352206	7352196	POST_DOM	
7352334	7352331	POST_DOM	
7352233	7352229	POST_DOM	
7352266	7352255	POST_DOM	
7352178	7352337	POST_DOM	
7352307	7352296	POST_DOM	
7352175	7352176	IS_FUNCTION_OF_AST	
7352175	7352340	IS_FUNCTION_OF_CFG	
7351410	7352175	IS_FILE_OF	
7352366	7352367	IS_AST_PARENT	
7352365	7352366	IS_AST_PARENT	
7352369	7352370	IS_AST_PARENT	
7352368	7352369	IS_AST_PARENT	
7352365	7352368	IS_AST_PARENT	
7352364	7352365	IS_AST_PARENT	
7352363	7352364	IS_AST_PARENT	
7352362	7352363	IS_AST_PARENT	
7352362	7352371	IS_AST_PARENT	
7352362	7352372	IS_AST_PARENT	
7352374	7352375	IS_AST_PARENT	
7352374	7352376	IS_AST_PARENT	
7352373	7352374	IS_AST_PARENT	
7352362	7352373	IS_AST_PARENT	
7352377	7352374	FLOWS_TO	
7352374	7352364	FLOWS_TO	
7352364	7352378	FLOWS_TO	
7352364	7352379	USE	
7352374	7352380	DEF	
7352364	7352380	USE	
7352369	7352380	USE	
7352374	7352364	REACHES	x
7352377	7352374	CONTROLS	
7352377	7352364	CONTROLS	
7352377	7352377	DOM	
7352374	7352364	DOM	
7352364	7352378	DOM	
7352377	7352374	DOM	
7352374	7352377	POST_DOM	
7352378	7352378	POST_DOM	
7352378	7352364	POST_DOM	
7352364	7352374	POST_DOM	
7352361	7352362	IS_FUNCTION_OF_AST	
7352361	7352377	IS_FUNCTION_OF_CFG	
7351410	7352361	IS_FILE_OF	
7352386	7352387	IS_AST_PARENT	
7352385	7352386	IS_AST_PARENT	
7352389	7352390	IS_AST_PARENT	
7352388	7352389	IS_AST_PARENT	
7352391	7352392	IS_AST_PARENT	
7352388	7352391	IS_AST_PARENT	
7352393	7352394	IS_AST_PARENT	
7352388	7352393	IS_AST_PARENT	
7352385	7352388	IS_AST_PARENT	
7352384	7352385	IS_AST_PARENT	
7352383	7352384	IS_AST_PARENT	
7352382	7352383	IS_AST_PARENT	
7352382	7352395	IS_AST_PARENT	
7352382	7352396	IS_AST_PARENT	
7352398	7352399	IS_AST_PARENT	
7352398	7352400	IS_AST_PARENT	
7352397	7352398	IS_AST_PARENT	
7352401	7352402	IS_AST_PARENT	
7352401	7352403	IS_AST_PARENT	
7352397	7352401	IS_AST_PARENT	
7352404	7352405	IS_AST_PARENT	
7352404	7352406	IS_AST_PARENT	
7352397	7352404	IS_AST_PARENT	
7352382	7352397	IS_AST_PARENT	
7352407	7352398	FLOWS_TO	
7352398	7352401	FLOWS_TO	
7352401	7352404	FLOWS_TO	
7352404	7352384	FLOWS_TO	
7352384	7352408	FLOWS_TO	
7352398	7352409	DEF	
7352384	7352409	USE	
7352393	7352409	USE	
7352401	7352410	DEF	
7352384	7352410	USE	
7352391	7352410	USE	
7352404	7352411	DEF	
7352384	7352411	USE	
7352389	7352411	USE	
7352384	7352412	USE	
7352398	7352384	REACHES	c
7352401	7352384	REACHES	t
7352404	7352384	REACHES	e
7352407	7352398	CONTROLS	
7352407	7352401	CONTROLS	
7352407	7352404	CONTROLS	
7352407	7352384	CONTROLS	
7352407	7352407	DOM	
7352407	7352398	DOM	
7352401	7352404	DOM	
7352398	7352401	DOM	
7352404	7352384	DOM	
7352384	7352408	DOM	
7352398	7352407	POST_DOM	
7352401	7352398	POST_DOM	
7352384	7352404	POST_DOM	
7352404	7352401	POST_DOM	
7352408	7352408	POST_DOM	
7352408	7352384	POST_DOM	
7352381	7352382	IS_FUNCTION_OF_AST	
7352381	7352407	IS_FUNCTION_OF_CFG	
7351410	7352381	IS_FILE_OF	
7352417	7352418	IS_AST_PARENT	
7352417	7352419	IS_AST_PARENT	
7352416	7352417	IS_AST_PARENT	
7352415	7352416	IS_AST_PARENT	
7352421	7352422	IS_AST_PARENT	
7352421	7352423	IS_AST_PARENT	
7352424	7352425	IS_AST_PARENT	
7352427	7352428	IS_AST_PARENT	
7352426	7352427	IS_AST_PARENT	
7352426	7352429	IS_AST_PARENT	
7352424	7352426	IS_AST_PARENT	
7352421	7352424	IS_AST_PARENT	
7352420	7352421	IS_AST_PARENT	
7352415	7352420	IS_AST_PARENT	
7352431	7352432	IS_AST_PARENT	
7352431	7352433	IS_AST_PARENT	
7352430	7352431	IS_AST_PARENT	
7352434	7352435	IS_AST_PARENT	
7352434	7352436	IS_AST_PARENT	
7352437	7352438	IS_AST_PARENT	
7352437	7352439	IS_AST_PARENT	
7352434	7352437	IS_AST_PARENT	
7352430	7352434	IS_AST_PARENT	
7352440	7352441	IS_AST_PARENT	
7352440	7352442	IS_AST_PARENT	
7352430	7352440	IS_AST_PARENT	
7352443	7352444	IS_AST_PARENT	
7352443	7352445	IS_AST_PARENT	
7352446	7352447	IS_AST_PARENT	
7352446	7352448	IS_AST_PARENT	
7352443	7352446	IS_AST_PARENT	
7352430	7352443	IS_AST_PARENT	
7352415	7352430	IS_AST_PARENT	
7352451	7352452	IS_AST_PARENT	
7352450	7352451	IS_AST_PARENT	
7352454	7352455	IS_AST_PARENT	
7352453	7352454	IS_AST_PARENT	
7352456	7352457	IS_AST_PARENT	
7352453	7352456	IS_AST_PARENT	
7352450	7352453	IS_AST_PARENT	
7352449	7352450	IS_AST_PARENT	
7352415	7352449	IS_AST_PARENT	
7352459	7352460	IS_AST_PARENT	
7352461	7352462	IS_AST_PARENT	
7352461	7352463	IS_AST_PARENT	
7352459	7352461	IS_AST_PARENT	
7352458	7352459	IS_AST_PARENT	
7352415	7352458	IS_AST_PARENT	
7352466	7352467	IS_AST_PARENT	
7352466	7352468	IS_AST_PARENT	
7352465	7352466	IS_AST_PARENT	
7352464	7352465	IS_AST_PARENT	
7352471	7352472	IS_AST_PARENT	
7352471	7352473	IS_AST_PARENT	
7352470	7352471	IS_AST_PARENT	
7352474	7352475	IS_AST_PARENT	
7352474	7352476	IS_AST_PARENT	
7352470	7352474	IS_AST_PARENT	
7352477	7352478	IS_AST_PARENT	
7352477	7352479	IS_AST_PARENT	
7352470	7352477	IS_AST_PARENT	
7352480	7352481	IS_AST_PARENT	
7352480	7352482	IS_AST_PARENT	
7352470	7352480	IS_AST_PARENT	
7352483	7352484	IS_AST_PARENT	
7352483	7352485	IS_AST_PARENT	
7352470	7352483	IS_AST_PARENT	
7352469	7352470	IS_AST_PARENT	
7352487	7352488	IS_AST_PARENT	
7352487	7352489	IS_AST_PARENT	
7352486	7352487	IS_AST_PARENT	
7352469	7352486	IS_AST_PARENT	
7352491	7352492	IS_AST_PARENT	
7352494	7352495	IS_AST_PARENT	
7352493	7352494	IS_AST_PARENT	
7352499	7352500	IS_AST_PARENT	
7352498	7352499	IS_AST_PARENT	
7352502	7352503	IS_AST_PARENT	
7352501	7352502	IS_AST_PARENT	
7352498	7352501	IS_AST_PARENT	
7352497	7352498	IS_AST_PARENT	
7352496	7352497	IS_AST_PARENT	
7352504	7352505	IS_AST_PARENT	
7352496	7352504	IS_AST_PARENT	
7352493	7352496	IS_AST_PARENT	
7352491	7352493	IS_AST_PARENT	
7352490	7352491	IS_AST_PARENT	
7352469	7352490	IS_AST_PARENT	
7352507	7352508	IS_AST_PARENT	
7352507	7352509	IS_AST_PARENT	
7352506	7352507	IS_AST_PARENT	
7352469	7352506	IS_AST_PARENT	
7352511	7352512	IS_AST_PARENT	
7352514	7352515	IS_AST_PARENT	
7352513	7352514	IS_AST_PARENT	
7352519	7352520	IS_AST_PARENT	
7352518	7352519	IS_AST_PARENT	
7352522	7352523	IS_AST_PARENT	
7352521	7352522	IS_AST_PARENT	
7352518	7352521	IS_AST_PARENT	
7352517	7352518	IS_AST_PARENT	
7352516	7352517	IS_AST_PARENT	
7352524	7352525	IS_AST_PARENT	
7352516	7352524	IS_AST_PARENT	
7352513	7352516	IS_AST_PARENT	
7352511	7352513	IS_AST_PARENT	
7352510	7352511	IS_AST_PARENT	
7352469	7352510	IS_AST_PARENT	
7352527	7352528	IS_AST_PARENT	
7352530	7352531	IS_AST_PARENT	
7352529	7352530	IS_AST_PARENT	
7352533	7352534	IS_AST_PARENT	
7352532	7352533	IS_AST_PARENT	
7352535	7352536	IS_AST_PARENT	
7352532	7352535	IS_AST_PARENT	
7352529	7352532	IS_AST_PARENT	
7352527	7352529	IS_AST_PARENT	
7352526	7352527	IS_AST_PARENT	
7352469	7352526	IS_AST_PARENT	
7352538	7352539	IS_AST_PARENT	
7352541	7352542	IS_AST_PARENT	
7352540	7352541	IS_AST_PARENT	
7352544	7352545	IS_AST_PARENT	
7352543	7352544	IS_AST_PARENT	
7352546	7352547	IS_AST_PARENT	
7352543	7352546	IS_AST_PARENT	
7352540	7352543	IS_AST_PARENT	
7352538	7352540	IS_AST_PARENT	
7352537	7352538	IS_AST_PARENT	
7352469	7352537	IS_AST_PARENT	
7352549	7352550	IS_AST_PARENT	
7352552	7352553	IS_AST_PARENT	
7352551	7352552	IS_AST_PARENT	
7352555	7352556	IS_AST_PARENT	
7352554	7352555	IS_AST_PARENT	
7352557	7352558	IS_AST_PARENT	
7352554	7352557	IS_AST_PARENT	
7352551	7352554	IS_AST_PARENT	
7352549	7352551	IS_AST_PARENT	
7352548	7352549	IS_AST_PARENT	
7352469	7352548	IS_AST_PARENT	
7352560	7352561	IS_AST_PARENT	
7352563	7352564	IS_AST_PARENT	
7352562	7352563	IS_AST_PARENT	
7352566	7352567	IS_AST_PARENT	
7352565	7352566	IS_AST_PARENT	
7352562	7352565	IS_AST_PARENT	
7352560	7352562	IS_AST_PARENT	
7352559	7352560	IS_AST_PARENT	
7352469	7352559	IS_AST_PARENT	
7352569	7352570	IS_AST_PARENT	
7352572	7352573	IS_AST_PARENT	
7352571	7352572	IS_AST_PARENT	
7352575	7352576	IS_AST_PARENT	
7352574	7352575	IS_AST_PARENT	
7352571	7352574	IS_AST_PARENT	
7352569	7352571	IS_AST_PARENT	
7352568	7352569	IS_AST_PARENT	
7352469	7352568	IS_AST_PARENT	
7352578	7352579	IS_AST_PARENT	
7352581	7352582	IS_AST_PARENT	
7352580	7352581	IS_AST_PARENT	
7352584	7352585	IS_AST_PARENT	
7352583	7352584	IS_AST_PARENT	
7352580	7352583	IS_AST_PARENT	
7352578	7352580	IS_AST_PARENT	
7352577	7352578	IS_AST_PARENT	
7352469	7352577	IS_AST_PARENT	
7352587	7352588	IS_AST_PARENT	
7352590	7352591	IS_AST_PARENT	
7352589	7352590	IS_AST_PARENT	
7352593	7352594	IS_AST_PARENT	
7352592	7352593	IS_AST_PARENT	
7352597	7352598	IS_AST_PARENT	
7352596	7352597	IS_AST_PARENT	
7352600	7352601	IS_AST_PARENT	
7352599	7352600	IS_AST_PARENT	
7352602	7352603	IS_AST_PARENT	
7352599	7352602	IS_AST_PARENT	
7352596	7352599	IS_AST_PARENT	
7352595	7352596	IS_AST_PARENT	
7352592	7352595	IS_AST_PARENT	
7352589	7352592	IS_AST_PARENT	
7352587	7352589	IS_AST_PARENT	
7352586	7352587	IS_AST_PARENT	
7352469	7352586	IS_AST_PARENT	
7352605	7352606	IS_AST_PARENT	
7352608	7352609	IS_AST_PARENT	
7352607	7352608	IS_AST_PARENT	
7352613	7352614	IS_AST_PARENT	
7352612	7352613	IS_AST_PARENT	
7352616	7352617	IS_AST_PARENT	
7352615	7352616	IS_AST_PARENT	
7352618	7352619	IS_AST_PARENT	
7352615	7352618	IS_AST_PARENT	
7352612	7352615	IS_AST_PARENT	
7352611	7352612	IS_AST_PARENT	
7352610	7352611	IS_AST_PARENT	
7352620	7352621	IS_AST_PARENT	
7352610	7352620	IS_AST_PARENT	
7352624	7352625	IS_AST_PARENT	
7352623	7352624	IS_AST_PARENT	
7352629	7352630	IS_AST_PARENT	
7352628	7352629	IS_AST_PARENT	
7352632	7352633	IS_AST_PARENT	
7352631	7352632	IS_AST_PARENT	
7352634	7352635	IS_AST_PARENT	
7352631	7352634	IS_AST_PARENT	
7352628	7352631	IS_AST_PARENT	
7352627	7352628	IS_AST_PARENT	
7352626	7352627	IS_AST_PARENT	
7352636	7352637	IS_AST_PARENT	
7352626	7352636	IS_AST_PARENT	
7352638	7352639	IS_AST_PARENT	
7352626	7352638	IS_AST_PARENT	
7352623	7352626	IS_AST_PARENT	
7352622	7352623	IS_AST_PARENT	
7352610	7352622	IS_AST_PARENT	
7352607	7352610	IS_AST_PARENT	
7352605	7352607	IS_AST_PARENT	
7352604	7352605	IS_AST_PARENT	
7352469	7352604	IS_AST_PARENT	
7352641	7352642	IS_AST_PARENT	
7352644	7352645	IS_AST_PARENT	
7352643	7352644	IS_AST_PARENT	
7352647	7352648	IS_AST_PARENT	
7352646	7352647	IS_AST_PARENT	
7352649	7352650	IS_AST_PARENT	
7352646	7352649	IS_AST_PARENT	
7352643	7352646	IS_AST_PARENT	
7352641	7352643	IS_AST_PARENT	
7352640	7352641	IS_AST_PARENT	
7352469	7352640	IS_AST_PARENT	
7352653	7352654	IS_AST_PARENT	
7352652	7352653	IS_AST_PARENT	
7352656	7352657	IS_AST_PARENT	
7352655	7352656	IS_AST_PARENT	
7352660	7352661	IS_AST_PARENT	
7352659	7352660	IS_AST_PARENT	
7352663	7352664	IS_AST_PARENT	
7352662	7352663	IS_AST_PARENT	
7352665	7352666	IS_AST_PARENT	
7352662	7352665	IS_AST_PARENT	
7352659	7352662	IS_AST_PARENT	
7352658	7352659	IS_AST_PARENT	
7352655	7352658	IS_AST_PARENT	
7352652	7352655	IS_AST_PARENT	
7352651	7352652	IS_AST_PARENT	
7352469	7352651	IS_AST_PARENT	
7352668	7352669	IS_AST_PARENT	
7352668	7352670	IS_AST_PARENT	
7352667	7352668	IS_AST_PARENT	
7352469	7352667	IS_AST_PARENT	
7352672	7352673	IS_AST_PARENT	
7352672	7352674	IS_AST_PARENT	
7352671	7352672	IS_AST_PARENT	
7352469	7352671	IS_AST_PARENT	
7352676	7352677	IS_AST_PARENT	
7352676	7352678	IS_AST_PARENT	
7352675	7352676	IS_AST_PARENT	
7352469	7352675	IS_AST_PARENT	
7352464	7352469	IS_AST_PARENT	
7352415	7352464	IS_AST_PARENT	
7352681	7352682	IS_AST_PARENT	
7352681	7352683	IS_AST_PARENT	
7352680	7352681	IS_AST_PARENT	
7352679	7352680	IS_AST_PARENT	
7352686	7352687	IS_AST_PARENT	
7352686	7352688	IS_AST_PARENT	
7352685	7352686	IS_AST_PARENT	
7352689	7352690	IS_AST_PARENT	
7352689	7352691	IS_AST_PARENT	
7352685	7352689	IS_AST_PARENT	
7352692	7352693	IS_AST_PARENT	
7352692	7352694	IS_AST_PARENT	
7352685	7352692	IS_AST_PARENT	
7352695	7352696	IS_AST_PARENT	
7352695	7352697	IS_AST_PARENT	
7352685	7352695	IS_AST_PARENT	
7352698	7352699	IS_AST_PARENT	
7352698	7352700	IS_AST_PARENT	
7352685	7352698	IS_AST_PARENT	
7352684	7352685	IS_AST_PARENT	
7352702	7352703	IS_AST_PARENT	
7352702	7352704	IS_AST_PARENT	
7352701	7352702	IS_AST_PARENT	
7352684	7352701	IS_AST_PARENT	
7352706	7352707	IS_AST_PARENT	
7352709	7352710	IS_AST_PARENT	
7352708	7352709	IS_AST_PARENT	
7352714	7352715	IS_AST_PARENT	
7352713	7352714	IS_AST_PARENT	
7352717	7352718	IS_AST_PARENT	
7352716	7352717	IS_AST_PARENT	
7352713	7352716	IS_AST_PARENT	
7352712	7352713	IS_AST_PARENT	
7352711	7352712	IS_AST_PARENT	
7352719	7352720	IS_AST_PARENT	
7352711	7352719	IS_AST_PARENT	
7352708	7352711	IS_AST_PARENT	
7352706	7352708	IS_AST_PARENT	
7352705	7352706	IS_AST_PARENT	
7352684	7352705	IS_AST_PARENT	
7352722	7352723	IS_AST_PARENT	
7352722	7352724	IS_AST_PARENT	
7352721	7352722	IS_AST_PARENT	
7352684	7352721	IS_AST_PARENT	
7352726	7352727	IS_AST_PARENT	
7352729	7352730	IS_AST_PARENT	
7352728	7352729	IS_AST_PARENT	
7352734	7352735	IS_AST_PARENT	
7352733	7352734	IS_AST_PARENT	
7352737	7352738	IS_AST_PARENT	
7352736	7352737	IS_AST_PARENT	
7352733	7352736	IS_AST_PARENT	
7352732	7352733	IS_AST_PARENT	
7352731	7352732	IS_AST_PARENT	
7352739	7352740	IS_AST_PARENT	
7352731	7352739	IS_AST_PARENT	
7352728	7352731	IS_AST_PARENT	
7352726	7352728	IS_AST_PARENT	
7352725	7352726	IS_AST_PARENT	
7352684	7352725	IS_AST_PARENT	
7352742	7352743	IS_AST_PARENT	
7352745	7352746	IS_AST_PARENT	
7352744	7352745	IS_AST_PARENT	
7352748	7352749	IS_AST_PARENT	
7352747	7352748	IS_AST_PARENT	
7352750	7352751	IS_AST_PARENT	
7352747	7352750	IS_AST_PARENT	
7352744	7352747	IS_AST_PARENT	
7352742	7352744	IS_AST_PARENT	
7352741	7352742	IS_AST_PARENT	
7352684	7352741	IS_AST_PARENT	
7352753	7352754	IS_AST_PARENT	
7352756	7352757	IS_AST_PARENT	
7352755	7352756	IS_AST_PARENT	
7352759	7352760	IS_AST_PARENT	
7352758	7352759	IS_AST_PARENT	
7352761	7352762	IS_AST_PARENT	
7352758	7352761	IS_AST_PARENT	
7352755	7352758	IS_AST_PARENT	
7352753	7352755	IS_AST_PARENT	
7352752	7352753	IS_AST_PARENT	
7352684	7352752	IS_AST_PARENT	
7352764	7352765	IS_AST_PARENT	
7352767	7352768	IS_AST_PARENT	
7352766	7352767	IS_AST_PARENT	
7352770	7352771	IS_AST_PARENT	
7352769	7352770	IS_AST_PARENT	
7352772	7352773	IS_AST_PARENT	
7352769	7352772	IS_AST_PARENT	
7352766	7352769	IS_AST_PARENT	
7352764	7352766	IS_AST_PARENT	
7352763	7352764	IS_AST_PARENT	
7352684	7352763	IS_AST_PARENT	
7352775	7352776	IS_AST_PARENT	
7352778	7352779	IS_AST_PARENT	
7352777	7352778	IS_AST_PARENT	
7352781	7352782	IS_AST_PARENT	
7352780	7352781	IS_AST_PARENT	
7352777	7352780	IS_AST_PARENT	
7352775	7352777	IS_AST_PARENT	
7352774	7352775	IS_AST_PARENT	
7352684	7352774	IS_AST_PARENT	
7352784	7352785	IS_AST_PARENT	
7352787	7352788	IS_AST_PARENT	
7352786	7352787	IS_AST_PARENT	
7352790	7352791	IS_AST_PARENT	
7352789	7352790	IS_AST_PARENT	
7352786	7352789	IS_AST_PARENT	
7352784	7352786	IS_AST_PARENT	
7352783	7352784	IS_AST_PARENT	
7352684	7352783	IS_AST_PARENT	
7352793	7352794	IS_AST_PARENT	
7352796	7352797	IS_AST_PARENT	
7352795	7352796	IS_AST_PARENT	
7352799	7352800	IS_AST_PARENT	
7352798	7352799	IS_AST_PARENT	
7352795	7352798	IS_AST_PARENT	
7352793	7352795	IS_AST_PARENT	
7352792	7352793	IS_AST_PARENT	
7352684	7352792	IS_AST_PARENT	
7352802	7352803	IS_AST_PARENT	
7352805	7352806	IS_AST_PARENT	
7352804	7352805	IS_AST_PARENT	
7352808	7352809	IS_AST_PARENT	
7352807	7352808	IS_AST_PARENT	
7352812	7352813	IS_AST_PARENT	
7352811	7352812	IS_AST_PARENT	
7352815	7352816	IS_AST_PARENT	
7352814	7352815	IS_AST_PARENT	
7352817	7352818	IS_AST_PARENT	
7352814	7352817	IS_AST_PARENT	
7352811	7352814	IS_AST_PARENT	
7352810	7352811	IS_AST_PARENT	
7352807	7352810	IS_AST_PARENT	
7352804	7352807	IS_AST_PARENT	
7352802	7352804	IS_AST_PARENT	
7352801	7352802	IS_AST_PARENT	
7352684	7352801	IS_AST_PARENT	
7352820	7352821	IS_AST_PARENT	
7352823	7352824	IS_AST_PARENT	
7352822	7352823	IS_AST_PARENT	
7352828	7352829	IS_AST_PARENT	
7352827	7352828	IS_AST_PARENT	
7352831	7352832	IS_AST_PARENT	
7352830	7352831	IS_AST_PARENT	
7352833	7352834	IS_AST_PARENT	
7352830	7352833	IS_AST_PARENT	
7352827	7352830	IS_AST_PARENT	
7352826	7352827	IS_AST_PARENT	
7352825	7352826	IS_AST_PARENT	
7352835	7352836	IS_AST_PARENT	
7352825	7352835	IS_AST_PARENT	
7352839	7352840	IS_AST_PARENT	
7352838	7352839	IS_AST_PARENT	
7352844	7352845	IS_AST_PARENT	
7352843	7352844	IS_AST_PARENT	
7352847	7352848	IS_AST_PARENT	
7352846	7352847	IS_AST_PARENT	
7352849	7352850	IS_AST_PARENT	
7352846	7352849	IS_AST_PARENT	
7352843	7352846	IS_AST_PARENT	
7352842	7352843	IS_AST_PARENT	
7352841	7352842	IS_AST_PARENT	
7352851	7352852	IS_AST_PARENT	
7352841	7352851	IS_AST_PARENT	
7352853	7352854	IS_AST_PARENT	
7352841	7352853	IS_AST_PARENT	
7352838	7352841	IS_AST_PARENT	
7352837	7352838	IS_AST_PARENT	
7352825	7352837	IS_AST_PARENT	
7352822	7352825	IS_AST_PARENT	
7352820	7352822	IS_AST_PARENT	
7352819	7352820	IS_AST_PARENT	
7352684	7352819	IS_AST_PARENT	
7352856	7352857	IS_AST_PARENT	
7352859	7352860	IS_AST_PARENT	
7352858	7352859	IS_AST_PARENT	
7352862	7352863	IS_AST_PARENT	
7352861	7352862	IS_AST_PARENT	
7352864	7352865	IS_AST_PARENT	
7352861	7352864	IS_AST_PARENT	
7352858	7352861	IS_AST_PARENT	
7352856	7352858	IS_AST_PARENT	
7352855	7352856	IS_AST_PARENT	
7352684	7352855	IS_AST_PARENT	
7352868	7352869	IS_AST_PARENT	
7352867	7352868	IS_AST_PARENT	
7352871	7352872	IS_AST_PARENT	
7352870	7352871	IS_AST_PARENT	
7352875	7352876	IS_AST_PARENT	
7352874	7352875	IS_AST_PARENT	
7352878	7352879	IS_AST_PARENT	
7352877	7352878	IS_AST_PARENT	
7352880	7352881	IS_AST_PARENT	
7352877	7352880	IS_AST_PARENT	
7352874	7352877	IS_AST_PARENT	
7352873	7352874	IS_AST_PARENT	
7352870	7352873	IS_AST_PARENT	
7352867	7352870	IS_AST_PARENT	
7352866	7352867	IS_AST_PARENT	
7352684	7352866	IS_AST_PARENT	
7352883	7352884	IS_AST_PARENT	
7352883	7352885	IS_AST_PARENT	
7352882	7352883	IS_AST_PARENT	
7352684	7352882	IS_AST_PARENT	
7352887	7352888	IS_AST_PARENT	
7352887	7352889	IS_AST_PARENT	
7352886	7352887	IS_AST_PARENT	
7352684	7352886	IS_AST_PARENT	
7352891	7352892	IS_AST_PARENT	
7352891	7352893	IS_AST_PARENT	
7352890	7352891	IS_AST_PARENT	
7352684	7352890	IS_AST_PARENT	
7352679	7352684	IS_AST_PARENT	
7352415	7352679	IS_AST_PARENT	
7352414	7352415	IS_AST_PARENT	
7352414	7352894	IS_AST_PARENT	
7352414	7352895	IS_AST_PARENT	
7352897	7352898	IS_AST_PARENT	
7352897	7352899	IS_AST_PARENT	
7352896	7352897	IS_AST_PARENT	
7352900	7352901	IS_AST_PARENT	
7352900	7352902	IS_AST_PARENT	
7352896	7352900	IS_AST_PARENT	
7352903	7352904	IS_AST_PARENT	
7352903	7352905	IS_AST_PARENT	
7352896	7352903	IS_AST_PARENT	
7352414	7352896	IS_AST_PARENT	
7352906	7352897	FLOWS_TO	
7352897	7352900	FLOWS_TO	
7352900	7352903	FLOWS_TO	
7352903	7352416	FLOWS_TO	
7352416	7352420	FLOWS_TO	
7352420	7352430	FLOWS_TO	
7352430	7352449	FLOWS_TO	
7352449	7352458	FLOWS_TO	
7352458	7352465	FLOWS_TO	
7352465	7352470	FLOWS_TO	
7352465	7352680	FLOWS_TO	
7352470	7352486	FLOWS_TO	
7352486	7352490	FLOWS_TO	
7352490	7352506	FLOWS_TO	
7352506	7352510	FLOWS_TO	
7352510	7352526	FLOWS_TO	
7352526	7352537	FLOWS_TO	
7352537	7352548	FLOWS_TO	
7352548	7352559	FLOWS_TO	
7352559	7352568	FLOWS_TO	
7352568	7352577	FLOWS_TO	
7352577	7352586	FLOWS_TO	
7352586	7352604	FLOWS_TO	
7352604	7352640	FLOWS_TO	
7352640	7352651	FLOWS_TO	
7352651	7352667	FLOWS_TO	
7352667	7352671	FLOWS_TO	
7352671	7352675	FLOWS_TO	
7352675	7352465	FLOWS_TO	
7352680	7352685	FLOWS_TO	
7352680	7352907	FLOWS_TO	
7352685	7352701	FLOWS_TO	
7352701	7352705	FLOWS_TO	
7352705	7352721	FLOWS_TO	
7352721	7352725	FLOWS_TO	
7352725	7352741	FLOWS_TO	
7352741	7352752	FLOWS_TO	
7352752	7352763	FLOWS_TO	
7352763	7352774	FLOWS_TO	
7352774	7352783	FLOWS_TO	
7352783	7352792	FLOWS_TO	
7352792	7352801	FLOWS_TO	
7352801	7352819	FLOWS_TO	
7352819	7352855	FLOWS_TO	
7352855	7352866	FLOWS_TO	
7352866	7352882	FLOWS_TO	
7352882	7352886	FLOWS_TO	
7352886	7352890	FLOWS_TO	
7352890	7352907	FLOWS_TO	
7352420	7352908	USE	
7352424	7352908	USE	
7352470	7352909	DEF	
7352480	7352909	DEF	
7352586	7352909	DEF	
7352587	7352909	DEF	
7352604	7352909	USE	
7352632	7352909	USE	
7352616	7352909	USE	
7352685	7352909	DEF	
7352695	7352909	DEF	
7352801	7352909	DEF	
7352802	7352909	DEF	
7352819	7352909	USE	
7352831	7352909	USE	
7352847	7352909	USE	
7352903	7352910	DEF	
7352490	7352910	USE	
7352502	7352910	USE	
7352667	7352910	USE	
7352668	7352910	USE	
7352667	7352910	DEF	
7352668	7352910	DEF	
7352705	7352910	USE	
7352717	7352910	USE	
7352882	7352910	USE	
7352883	7352910	USE	
7352882	7352910	DEF	
7352883	7352910	DEF	
7352651	7352911	USE	
7352658	7352911	USE	
7352866	7352911	USE	
7352873	7352911	USE	
7352526	7352912	USE	
7352527	7352912	USE	
7352537	7352912	USE	
7352538	7352912	USE	
7352741	7352912	USE	
7352742	7352912	USE	
7352752	7352912	USE	
7352753	7352912	USE	
7352470	7352913	DEF	
7352483	7352913	DEF	
7352604	7352913	DEF	
7352605	7352913	DEF	
7352640	7352913	USE	
7352649	7352913	USE	
7352685	7352913	DEF	
7352698	7352913	DEF	
7352819	7352913	DEF	
7352820	7352913	DEF	
7352855	7352913	USE	
7352864	7352913	USE	
7352420	7352914	DEF	
7352424	7352914	DEF	
7352421	7352914	DEF	
7352430	7352914	DEF	
7352446	7352914	DEF	
7352430	7352914	USE	
7352437	7352914	USE	
7352446	7352914	USE	
7352437	7352914	DEF	
7352490	7352914	USE	
7352504	7352914	USE	
7352510	7352914	USE	
7352524	7352914	USE	
7352705	7352914	USE	
7352719	7352914	USE	
7352725	7352914	USE	
7352739	7352914	USE	
7352604	7352915	USE	
7352622	7352915	USE	
7352605	7352915	USE	
7352819	7352915	USE	
7352837	7352915	USE	
7352820	7352915	USE	
7352458	7352916	USE	
7352459	7352916	USE	
7352900	7352917	DEF	
7352510	7352917	USE	
7352522	7352917	USE	
7352651	7352917	USE	
7352656	7352917	USE	
7352671	7352917	USE	
7352672	7352917	USE	
7352671	7352917	DEF	
7352672	7352917	DEF	
7352725	7352917	USE	
7352737	7352917	USE	
7352866	7352917	USE	
7352871	7352917	USE	
7352886	7352917	DEF	
7352887	7352917	DEF	
7352886	7352917	USE	
7352887	7352917	USE	
7352430	7352918	DEF	
7352440	7352918	DEF	
7352506	7352918	DEF	
7352507	7352918	DEF	
7352537	7352918	USE	
7352544	7352918	USE	
7352604	7352918	USE	
7352620	7352918	USE	
7352721	7352918	DEF	
7352722	7352918	DEF	
7352752	7352918	USE	
7352759	7352918	USE	
7352819	7352918	USE	
7352835	7352918	USE	
7352430	7352919	DEF	
7352434	7352919	DEF	
7352486	7352919	USE	
7352487	7352919	USE	
7352490	7352919	DEF	
7352491	7352919	DEF	
7352526	7352919	USE	
7352533	7352919	USE	
7352604	7352919	USE	
7352636	7352919	USE	
7352701	7352919	USE	
7352702	7352919	USE	
7352705	7352919	DEF	
7352706	7352919	DEF	
7352741	7352919	USE	
7352748	7352919	USE	
7352819	7352919	USE	
7352851	7352919	USE	
7352430	7352920	DEF	
7352431	7352920	DEF	
7352486	7352920	DEF	
7352487	7352920	DEF	
7352526	7352920	USE	
7352535	7352920	USE	
7352537	7352920	USE	
7352546	7352920	USE	
7352604	7352920	USE	
7352638	7352920	USE	
7352701	7352920	DEF	
7352702	7352920	DEF	
7352741	7352920	USE	
7352750	7352920	USE	
7352752	7352920	USE	
7352761	7352920	USE	
7352819	7352920	USE	
7352853	7352920	USE	
7352430	7352921	DEF	
7352443	7352921	DEF	
7352506	7352921	USE	
7352507	7352921	USE	
7352510	7352921	DEF	
7352511	7352921	DEF	
7352640	7352921	USE	
7352647	7352921	USE	
7352640	7352921	DEF	
7352641	7352921	DEF	
7352651	7352921	USE	
7352665	7352921	USE	
7352663	7352921	USE	
7352721	7352921	USE	
7352722	7352921	USE	
7352725	7352921	DEF	
7352726	7352921	DEF	
7352855	7352921	USE	
7352862	7352921	USE	
7352855	7352921	DEF	
7352856	7352921	DEF	
7352866	7352921	USE	
7352880	7352921	USE	
7352878	7352921	USE	
7352897	7352922	DEF	
7352458	7352922	USE	
7352461	7352922	USE	
7352490	7352923	USE	
7352491	7352923	USE	
7352510	7352923	USE	
7352511	7352923	USE	
7352705	7352923	USE	
7352706	7352923	USE	
7352725	7352923	USE	
7352726	7352923	USE	
7352586	7352924	USE	
7352587	7352924	USE	
7352595	7352924	USE	
7352801	7352924	USE	
7352810	7352924	USE	
7352802	7352924	USE	
7352705	7352925	USE	
7352712	7352925	USE	
7352725	7352925	USE	
7352732	7352925	USE	
7352490	7352926	USE	
7352497	7352926	USE	
7352510	7352926	USE	
7352517	7352926	USE	
7352458	7352927	USE	
7352459	7352927	USE	
7352416	7352928	DEF	
7352417	7352928	DEF	
7352458	7352928	DEF	
7352459	7352928	DEF	
7352465	7352928	USE	
7352675	7352928	USE	
7352676	7352928	USE	
7352675	7352928	DEF	
7352676	7352928	DEF	
7352680	7352928	USE	
7352890	7352928	USE	
7352891	7352928	USE	
7352890	7352928	DEF	
7352891	7352928	DEF	
7352470	7352929	DEF	
7352471	7352929	DEF	
7352526	7352929	DEF	
7352527	7352929	DEF	
7352548	7352929	USE	
7352555	7352929	USE	
7352559	7352929	DEF	
7352560	7352929	DEF	
7352559	7352929	USE	
7352566	7352929	USE	
7352586	7352929	USE	
7352600	7352929	USE	
7352604	7352929	USE	
7352618	7352929	USE	
7352685	7352929	DEF	
7352686	7352929	DEF	
7352741	7352929	DEF	
7352742	7352929	DEF	
7352763	7352929	USE	
7352770	7352929	USE	
7352774	7352929	DEF	
7352775	7352929	DEF	
7352774	7352929	USE	
7352781	7352929	USE	
7352801	7352929	USE	
7352815	7352929	USE	
7352819	7352929	USE	
7352833	7352929	USE	
7352470	7352930	DEF	
7352474	7352930	DEF	
7352537	7352930	DEF	
7352538	7352930	DEF	
7352548	7352930	USE	
7352557	7352930	USE	
7352568	7352930	DEF	
7352569	7352930	DEF	
7352568	7352930	USE	
7352575	7352930	USE	
7352586	7352930	USE	
7352602	7352930	USE	
7352604	7352930	USE	
7352634	7352930	USE	
7352685	7352930	DEF	
7352689	7352930	DEF	
7352752	7352930	DEF	
7352753	7352930	DEF	
7352763	7352930	USE	
7352772	7352930	USE	
7352783	7352930	DEF	
7352784	7352930	DEF	
7352783	7352930	USE	
7352790	7352930	USE	
7352801	7352930	USE	
7352817	7352930	USE	
7352819	7352930	USE	
7352849	7352930	USE	
7352470	7352931	DEF	
7352477	7352931	DEF	
7352548	7352931	DEF	
7352549	7352931	DEF	
7352577	7352931	DEF	
7352578	7352931	DEF	
7352577	7352931	USE	
7352584	7352931	USE	
7352586	7352931	USE	
7352593	7352931	USE	
7352685	7352931	DEF	
7352692	7352931	DEF	
7352763	7352931	DEF	
7352764	7352931	DEF	
7352792	7352931	DEF	
7352793	7352931	DEF	
7352792	7352931	USE	
7352799	7352931	USE	
7352801	7352931	USE	
7352808	7352931	USE	
7352548	7352932	USE	
7352549	7352932	USE	
7352763	7352932	USE	
7352764	7352932	USE	
7352559	7352933	USE	
7352560	7352933	USE	
7352568	7352933	USE	
7352569	7352933	USE	
7352577	7352933	USE	
7352578	7352933	USE	
7352774	7352933	USE	
7352775	7352933	USE	
7352783	7352933	USE	
7352784	7352933	USE	
7352792	7352933	USE	
7352793	7352933	USE	
7352604	7352934	USE	
7352611	7352934	USE	
7352627	7352934	USE	
7352819	7352934	USE	
7352842	7352934	USE	
7352826	7352934	USE	
7352640	7352935	USE	
7352641	7352935	USE	
7352855	7352935	USE	
7352856	7352935	USE	
7352667	7352490	REACHES	prev
7352903	7352490	REACHES	prev
7352667	7352667	REACHES	prev
7352903	7352667	REACHES	prev
7352667	7352705	REACHES	prev
7352903	7352705	REACHES	prev
7352667	7352882	REACHES	prev
7352903	7352882	REACHES	prev
7352604	7352640	REACHES	nearest
7352819	7352855	REACHES	nearest
7352420	7352430	REACHES	zero
7352430	7352490	REACHES	zero
7352430	7352510	REACHES	zero
7352430	7352705	REACHES	zero
7352430	7352725	REACHES	zero
7352458	7352465	REACHES	rb
7352675	7352465	REACHES	rb
7352458	7352675	REACHES	rb
7352675	7352675	REACHES	rb
7352458	7352680	REACHES	rb
7352675	7352680	REACHES	rb
7352458	7352890	REACHES	rb
7352675	7352890	REACHES	rb
7352586	7352604	REACHES	smallest
7352801	7352819	REACHES	smallest
7352900	7352510	REACHES	row
7352671	7352510	REACHES	row
7352900	7352651	REACHES	row
7352671	7352886	REACHES	row
7352671	7352651	REACHES	row
7352900	7352671	REACHES	row
7352671	7352671	REACHES	row
7352900	7352725	REACHES	row
7352671	7352866	REACHES	row
7352900	7352886	REACHES	row
7352671	7352725	REACHES	row
7352900	7352866	REACHES	row
7352506	7352537	REACHES	a
7352506	7352604	REACHES	a
7352721	7352752	REACHES	a
7352721	7352819	REACHES	a
7352430	7352486	REACHES	b
7352490	7352486	REACHES	b
7352490	7352526	REACHES	b
7352490	7352604	REACHES	b
7352430	7352701	REACHES	b
7352490	7352701	REACHES	b
7352705	7352741	REACHES	b
7352705	7352819	REACHES	b
7352486	7352526	REACHES	c
7352486	7352537	REACHES	c
7352486	7352604	REACHES	c
7352701	7352741	REACHES	c
7352701	7352752	REACHES	c
7352701	7352819	REACHES	c
7352640	7352506	REACHES	d
7352430	7352506	REACHES	d
7352510	7352640	REACHES	d
7352640	7352651	REACHES	d
7352640	7352721	REACHES	d
7352430	7352721	REACHES	d
7352725	7352855	REACHES	d
7352855	7352866	REACHES	d
7352897	7352458	REACHES	row_info
7352526	7352548	REACHES	pa
7352526	7352559	REACHES	pa
7352559	7352586	REACHES	pa
7352559	7352604	REACHES	pa
7352741	7352763	REACHES	pa
7352741	7352774	REACHES	pa
7352774	7352801	REACHES	pa
7352774	7352819	REACHES	pa
7352537	7352548	REACHES	pb
7352537	7352568	REACHES	pb
7352568	7352586	REACHES	pb
7352568	7352604	REACHES	pb
7352752	7352763	REACHES	pb
7352752	7352783	REACHES	pb
7352783	7352801	REACHES	pb
7352783	7352819	REACHES	pb
7352548	7352577	REACHES	pc
7352577	7352586	REACHES	pc
7352763	7352792	REACHES	pc
7352792	7352801	REACHES	pc
7352906	7352897	CONTROLS	
7352906	7352900	CONTROLS	
7352906	7352903	CONTROLS	
7352906	7352416	CONTROLS	
7352906	7352420	CONTROLS	
7352906	7352430	CONTROLS	
7352906	7352449	CONTROLS	
7352906	7352458	CONTROLS	
7352906	7352465	CONTROLS	
7352906	7352680	CONTROLS	
7352465	7352470	CONTROLS	
7352465	7352486	CONTROLS	
7352465	7352490	CONTROLS	
7352465	7352506	CONTROLS	
7352465	7352510	CONTROLS	
7352465	7352526	CONTROLS	
7352465	7352537	CONTROLS	
7352465	7352548	CONTROLS	
7352465	7352559	CONTROLS	
7352465	7352568	CONTROLS	
7352465	7352577	CONTROLS	
7352465	7352586	CONTROLS	
7352465	7352604	CONTROLS	
7352465	7352640	CONTROLS	
7352465	7352651	CONTROLS	
7352465	7352667	CONTROLS	
7352465	7352671	CONTROLS	
7352465	7352675	CONTROLS	
7352680	7352685	CONTROLS	
7352680	7352701	CONTROLS	
7352680	7352705	CONTROLS	
7352680	7352721	CONTROLS	
7352680	7352725	CONTROLS	
7352680	7352741	CONTROLS	
7352680	7352752	CONTROLS	
7352680	7352763	CONTROLS	
7352680	7352774	CONTROLS	
7352680	7352783	CONTROLS	
7352680	7352792	CONTROLS	
7352680	7352801	CONTROLS	
7352680	7352819	CONTROLS	
7352680	7352855	CONTROLS	
7352680	7352866	CONTROLS	
7352680	7352882	CONTROLS	
7352680	7352886	CONTROLS	
7352680	7352890	CONTROLS	
7352903	7352416	DOM	
7352449	7352458	DOM	
7352721	7352725	DOM	
7352886	7352890	DOM	
7352801	7352819	DOM	
7352906	7352897	DOM	
7352640	7352651	DOM	
7352705	7352721	DOM	
7352906	7352906	DOM	
7352701	7352705	DOM	
7352510	7352526	DOM	
7352763	7352774	DOM	
7352774	7352783	DOM	
7352604	7352640	DOM	
7352680	7352907	DOM	
7352792	7352801	DOM	
7352855	7352866	DOM	
7352559	7352568	DOM	
7352568	7352577	DOM	
7352506	7352510	DOM	
7352465	7352680	DOM	
7352526	7352537	DOM	
7352680	7352685	DOM	
7352470	7352486	DOM	
7352783	7352792	DOM	
7352486	7352490	DOM	
7352866	7352882	DOM	
7352416	7352420	DOM	
7352465	7352470	DOM	
7352537	7352548	DOM	
7352577	7352586	DOM	
7352741	7352752	DOM	
7352548	7352559	DOM	
7352586	7352604	DOM	
7352458	7352465	DOM	
7352490	7352506	DOM	
7352671	7352675	DOM	
7352897	7352900	DOM	
7352667	7352671	DOM	
7352651	7352667	DOM	
7352685	7352701	DOM	
7352725	7352741	DOM	
7352819	7352855	DOM	
7352430	7352449	DOM	
7352882	7352886	DOM	
7352420	7352430	DOM	
7352752	7352763	DOM	
7352900	7352903	DOM	
7352420	7352416	POST_DOM	
7352465	7352458	POST_DOM	
7352741	7352725	POST_DOM	
7352907	7352890	POST_DOM	
7352855	7352819	POST_DOM	
7352900	7352897	POST_DOM	
7352667	7352651	POST_DOM	
7352725	7352721	POST_DOM	
7352897	7352906	POST_DOM	
7352721	7352705	POST_DOM	
7352537	7352526	POST_DOM	
7352792	7352783	POST_DOM	
7352783	7352774	POST_DOM	
7352907	7352907	POST_DOM	
7352651	7352640	POST_DOM	
7352882	7352866	POST_DOM	
7352819	7352801	POST_DOM	
7352586	7352577	POST_DOM	
7352577	7352568	POST_DOM	
7352907	7352680	POST_DOM	
7352526	7352510	POST_DOM	
7352548	7352537	POST_DOM	
7352701	7352685	POST_DOM	
7352490	7352486	POST_DOM	
7352801	7352792	POST_DOM	
7352506	7352490	POST_DOM	
7352886	7352882	POST_DOM	
7352430	7352420	POST_DOM	
7352559	7352548	POST_DOM	
7352486	7352470	POST_DOM	
7352604	7352586	POST_DOM	
7352763	7352752	POST_DOM	
7352568	7352559	POST_DOM	
7352640	7352604	POST_DOM	
7352680	7352465	POST_DOM	
7352510	7352506	POST_DOM	
7352465	7352675	POST_DOM	
7352903	7352900	POST_DOM	
7352675	7352671	POST_DOM	
7352671	7352667	POST_DOM	
7352705	7352701	POST_DOM	
7352752	7352741	POST_DOM	
7352866	7352855	POST_DOM	
7352458	7352449	POST_DOM	
7352890	7352886	POST_DOM	
7352449	7352430	POST_DOM	
7352774	7352763	POST_DOM	
7352416	7352903	POST_DOM	
7352413	7352414	IS_FUNCTION_OF_AST	
7352413	7352906	IS_FUNCTION_OF_CFG	
7351410	7352413	IS_FILE_OF	
7352940	7352941	IS_AST_PARENT	
7352940	7352942	IS_AST_PARENT	
7352939	7352940	IS_AST_PARENT	
7352938	7352939	IS_AST_PARENT	
7352944	7352945	IS_AST_PARENT	
7352944	7352946	IS_AST_PARENT	
7352947	7352948	IS_AST_PARENT	
7352950	7352951	IS_AST_PARENT	
7352949	7352950	IS_AST_PARENT	
7352949	7352952	IS_AST_PARENT	
7352947	7352949	IS_AST_PARENT	
7352944	7352947	IS_AST_PARENT	
7352943	7352944	IS_AST_PARENT	
7352938	7352943	IS_AST_PARENT	
7352954	7352955	IS_AST_PARENT	
7352954	7352956	IS_AST_PARENT	
7352953	7352954	IS_AST_PARENT	
7352957	7352958	IS_AST_PARENT	
7352957	7352959	IS_AST_PARENT	
7352953	7352957	IS_AST_PARENT	
7352960	7352961	IS_AST_PARENT	
7352960	7352962	IS_AST_PARENT	
7352953	7352960	IS_AST_PARENT	
7352963	7352964	IS_AST_PARENT	
7352963	7352965	IS_AST_PARENT	
7352953	7352963	IS_AST_PARENT	
7352966	7352967	IS_AST_PARENT	
7352966	7352968	IS_AST_PARENT	
7352953	7352966	IS_AST_PARENT	
7352938	7352953	IS_AST_PARENT	
7352970	7352971	IS_AST_PARENT	
7352970	7352972	IS_AST_PARENT	
7352969	7352970	IS_AST_PARENT	
7352973	7352974	IS_AST_PARENT	
7352973	7352975	IS_AST_PARENT	
7352976	7352977	IS_AST_PARENT	
7352976	7352978	IS_AST_PARENT	
7352973	7352976	IS_AST_PARENT	
7352969	7352973	IS_AST_PARENT	
7352979	7352980	IS_AST_PARENT	
7352979	7352981	IS_AST_PARENT	
7352969	7352979	IS_AST_PARENT	
7352982	7352983	IS_AST_PARENT	
7352982	7352984	IS_AST_PARENT	
7352985	7352986	IS_AST_PARENT	
7352985	7352987	IS_AST_PARENT	
7352982	7352985	IS_AST_PARENT	
7352969	7352982	IS_AST_PARENT	
7352938	7352969	IS_AST_PARENT	
7352990	7352991	IS_AST_PARENT	
7352989	7352990	IS_AST_PARENT	
7352993	7352994	IS_AST_PARENT	
7352992	7352993	IS_AST_PARENT	
7352995	7352996	IS_AST_PARENT	
7352992	7352995	IS_AST_PARENT	
7352989	7352992	IS_AST_PARENT	
7352988	7352989	IS_AST_PARENT	
7352938	7352988	IS_AST_PARENT	
7352998	7352999	IS_AST_PARENT	
7353001	7353002	IS_AST_PARENT	
7353001	7353003	IS_AST_PARENT	
7353000	7353001	IS_AST_PARENT	
7353000	7353004	IS_AST_PARENT	
7352998	7353000	IS_AST_PARENT	
7352997	7352998	IS_AST_PARENT	
7352938	7352997	IS_AST_PARENT	
7353007	7353008	IS_AST_PARENT	
7353007	7353009	IS_AST_PARENT	
7353006	7353007	IS_AST_PARENT	
7353005	7353006	IS_AST_PARENT	
7353012	7353013	IS_AST_PARENT	
7353012	7353014	IS_AST_PARENT	
7353011	7353012	IS_AST_PARENT	
7353010	7353011	IS_AST_PARENT	
7353016	7353017	IS_AST_PARENT	
7353019	7353020	IS_AST_PARENT	
7353018	7353019	IS_AST_PARENT	
7353024	7353025	IS_AST_PARENT	
7353023	7353024	IS_AST_PARENT	
7353027	7353028	IS_AST_PARENT	
7353026	7353027	IS_AST_PARENT	
7353023	7353026	IS_AST_PARENT	
7353022	7353023	IS_AST_PARENT	
7353021	7353022	IS_AST_PARENT	
7353029	7353030	IS_AST_PARENT	
7353021	7353029	IS_AST_PARENT	
7353018	7353021	IS_AST_PARENT	
7353016	7353018	IS_AST_PARENT	
7353015	7353016	IS_AST_PARENT	
7353010	7353015	IS_AST_PARENT	
7353032	7353033	IS_AST_PARENT	
7353032	7353034	IS_AST_PARENT	
7353031	7353032	IS_AST_PARENT	
7353010	7353031	IS_AST_PARENT	
7353036	7353037	IS_AST_PARENT	
7353039	7353040	IS_AST_PARENT	
7353038	7353039	IS_AST_PARENT	
7353044	7353045	IS_AST_PARENT	
7353043	7353044	IS_AST_PARENT	
7353047	7353048	IS_AST_PARENT	
7353046	7353047	IS_AST_PARENT	
7353043	7353046	IS_AST_PARENT	
7353042	7353043	IS_AST_PARENT	
7353041	7353042	IS_AST_PARENT	
7353049	7353050	IS_AST_PARENT	
7353041	7353049	IS_AST_PARENT	
7353038	7353041	IS_AST_PARENT	
7353036	7353038	IS_AST_PARENT	
7353035	7353036	IS_AST_PARENT	
7353010	7353035	IS_AST_PARENT	
7353052	7353053	IS_AST_PARENT	
7353055	7353056	IS_AST_PARENT	
7353054	7353055	IS_AST_PARENT	
7353058	7353059	IS_AST_PARENT	
7353057	7353058	IS_AST_PARENT	
7353060	7353061	IS_AST_PARENT	
7353057	7353060	IS_AST_PARENT	
7353054	7353057	IS_AST_PARENT	
7353052	7353054	IS_AST_PARENT	
7353051	7353052	IS_AST_PARENT	
7353010	7353051	IS_AST_PARENT	
7353063	7353064	IS_AST_PARENT	
7353066	7353067	IS_AST_PARENT	
7353065	7353066	IS_AST_PARENT	
7353069	7353070	IS_AST_PARENT	
7353068	7353069	IS_AST_PARENT	
7353071	7353072	IS_AST_PARENT	
7353068	7353071	IS_AST_PARENT	
7353065	7353068	IS_AST_PARENT	
7353063	7353065	IS_AST_PARENT	
7353062	7353063	IS_AST_PARENT	
7353010	7353062	IS_AST_PARENT	
7353074	7353075	IS_AST_PARENT	
7353077	7353078	IS_AST_PARENT	
7353076	7353077	IS_AST_PARENT	
7353080	7353081	IS_AST_PARENT	
7353079	7353080	IS_AST_PARENT	
7353082	7353083	IS_AST_PARENT	
7353079	7353082	IS_AST_PARENT	
7353076	7353079	IS_AST_PARENT	
7353074	7353076	IS_AST_PARENT	
7353073	7353074	IS_AST_PARENT	
7353010	7353073	IS_AST_PARENT	
7353085	7353086	IS_AST_PARENT	
7353088	7353089	IS_AST_PARENT	
7353087	7353088	IS_AST_PARENT	
7353091	7353092	IS_AST_PARENT	
7353090	7353091	IS_AST_PARENT	
7353087	7353090	IS_AST_PARENT	
7353085	7353087	IS_AST_PARENT	
7353084	7353085	IS_AST_PARENT	
7353010	7353084	IS_AST_PARENT	
7353094	7353095	IS_AST_PARENT	
7353097	7353098	IS_AST_PARENT	
7353096	7353097	IS_AST_PARENT	
7353100	7353101	IS_AST_PARENT	
7353099	7353100	IS_AST_PARENT	
7353096	7353099	IS_AST_PARENT	
7353094	7353096	IS_AST_PARENT	
7353093	7353094	IS_AST_PARENT	
7353010	7353093	IS_AST_PARENT	
7353103	7353104	IS_AST_PARENT	
7353106	7353107	IS_AST_PARENT	
7353105	7353106	IS_AST_PARENT	
7353109	7353110	IS_AST_PARENT	
7353108	7353109	IS_AST_PARENT	
7353105	7353108	IS_AST_PARENT	
7353103	7353105	IS_AST_PARENT	
7353102	7353103	IS_AST_PARENT	
7353010	7353102	IS_AST_PARENT	
7353112	7353113	IS_AST_PARENT	
7353115	7353116	IS_AST_PARENT	
7353114	7353115	IS_AST_PARENT	
7353118	7353119	IS_AST_PARENT	
7353117	7353118	IS_AST_PARENT	
7353122	7353123	IS_AST_PARENT	
7353121	7353122	IS_AST_PARENT	
7353125	7353126	IS_AST_PARENT	
7353124	7353125	IS_AST_PARENT	
7353127	7353128	IS_AST_PARENT	
7353124	7353127	IS_AST_PARENT	
7353121	7353124	IS_AST_PARENT	
7353120	7353121	IS_AST_PARENT	
7353117	7353120	IS_AST_PARENT	
7353114	7353117	IS_AST_PARENT	
7353112	7353114	IS_AST_PARENT	
7353111	7353112	IS_AST_PARENT	
7353010	7353111	IS_AST_PARENT	
7353130	7353131	IS_AST_PARENT	
7353133	7353134	IS_AST_PARENT	
7353132	7353133	IS_AST_PARENT	
7353138	7353139	IS_AST_PARENT	
7353137	7353138	IS_AST_PARENT	
7353141	7353142	IS_AST_PARENT	
7353140	7353141	IS_AST_PARENT	
7353143	7353144	IS_AST_PARENT	
7353140	7353143	IS_AST_PARENT	
7353137	7353140	IS_AST_PARENT	
7353136	7353137	IS_AST_PARENT	
7353135	7353136	IS_AST_PARENT	
7353145	7353146	IS_AST_PARENT	
7353135	7353145	IS_AST_PARENT	
7353149	7353150	IS_AST_PARENT	
7353148	7353149	IS_AST_PARENT	
7353154	7353155	IS_AST_PARENT	
7353153	7353154	IS_AST_PARENT	
7353157	7353158	IS_AST_PARENT	
7353156	7353157	IS_AST_PARENT	
7353159	7353160	IS_AST_PARENT	
7353156	7353159	IS_AST_PARENT	
7353153	7353156	IS_AST_PARENT	
7353152	7353153	IS_AST_PARENT	
7353151	7353152	IS_AST_PARENT	
7353161	7353162	IS_AST_PARENT	
7353151	7353161	IS_AST_PARENT	
7353163	7353164	IS_AST_PARENT	
7353151	7353163	IS_AST_PARENT	
7353148	7353151	IS_AST_PARENT	
7353147	7353148	IS_AST_PARENT	
7353135	7353147	IS_AST_PARENT	
7353132	7353135	IS_AST_PARENT	
7353130	7353132	IS_AST_PARENT	
7353129	7353130	IS_AST_PARENT	
7353010	7353129	IS_AST_PARENT	
7353166	7353167	IS_AST_PARENT	
7353169	7353170	IS_AST_PARENT	
7353168	7353169	IS_AST_PARENT	
7353172	7353173	IS_AST_PARENT	
7353171	7353172	IS_AST_PARENT	
7353174	7353175	IS_AST_PARENT	
7353171	7353174	IS_AST_PARENT	
7353168	7353171	IS_AST_PARENT	
7353166	7353168	IS_AST_PARENT	
7353165	7353166	IS_AST_PARENT	
7353010	7353165	IS_AST_PARENT	
7353178	7353179	IS_AST_PARENT	
7353177	7353178	IS_AST_PARENT	
7353181	7353182	IS_AST_PARENT	
7353180	7353181	IS_AST_PARENT	
7353185	7353186	IS_AST_PARENT	
7353184	7353185	IS_AST_PARENT	
7353188	7353189	IS_AST_PARENT	
7353187	7353188	IS_AST_PARENT	
7353190	7353191	IS_AST_PARENT	
7353187	7353190	IS_AST_PARENT	
7353184	7353187	IS_AST_PARENT	
7353183	7353184	IS_AST_PARENT	
7353180	7353183	IS_AST_PARENT	
7353177	7353180	IS_AST_PARENT	
7353176	7353177	IS_AST_PARENT	
7353010	7353176	IS_AST_PARENT	
7353193	7353194	IS_AST_PARENT	
7353193	7353195	IS_AST_PARENT	
7353192	7353193	IS_AST_PARENT	
7353010	7353192	IS_AST_PARENT	
7353197	7353198	IS_AST_PARENT	
7353197	7353199	IS_AST_PARENT	
7353196	7353197	IS_AST_PARENT	
7353010	7353196	IS_AST_PARENT	
7353201	7353202	IS_AST_PARENT	
7353201	7353203	IS_AST_PARENT	
7353200	7353201	IS_AST_PARENT	
7353010	7353200	IS_AST_PARENT	
7353005	7353010	IS_AST_PARENT	
7352938	7353005	IS_AST_PARENT	
7352937	7352938	IS_AST_PARENT	
7352937	7353204	IS_AST_PARENT	
7352937	7353205	IS_AST_PARENT	
7353207	7353208	IS_AST_PARENT	
7353207	7353209	IS_AST_PARENT	
7353206	7353207	IS_AST_PARENT	
7353210	7353211	IS_AST_PARENT	
7353210	7353212	IS_AST_PARENT	
7353206	7353210	IS_AST_PARENT	
7353213	7353214	IS_AST_PARENT	
7353213	7353215	IS_AST_PARENT	
7353206	7353213	IS_AST_PARENT	
7352937	7353206	IS_AST_PARENT	
7353216	7353207	FLOWS_TO	
7353207	7353210	FLOWS_TO	
7353210	7353213	FLOWS_TO	
7353213	7352939	FLOWS_TO	
7352939	7352943	FLOWS_TO	
7352943	7352953	FLOWS_TO	
7352953	7352969	FLOWS_TO	
7352969	7352988	FLOWS_TO	
7352988	7352997	FLOWS_TO	
7352997	7353006	FLOWS_TO	
7353006	7353011	FLOWS_TO	
7353006	7353217	FLOWS_TO	
7353011	7353015	FLOWS_TO	
7353015	7353031	FLOWS_TO	
7353031	7353035	FLOWS_TO	
7353035	7353051	FLOWS_TO	
7353051	7353062	FLOWS_TO	
7353062	7353073	FLOWS_TO	
7353073	7353084	FLOWS_TO	
7353084	7353093	FLOWS_TO	
7353093	7353102	FLOWS_TO	
7353102	7353111	FLOWS_TO	
7353111	7353129	FLOWS_TO	
7353129	7353165	FLOWS_TO	
7353165	7353176	FLOWS_TO	
7353176	7353192	FLOWS_TO	
7353192	7353196	FLOWS_TO	
7353196	7353200	FLOWS_TO	
7353200	7353006	FLOWS_TO	
7352943	7353218	USE	
7352947	7353218	USE	
7352953	7353219	DEF	
7352963	7353219	DEF	
7353111	7353219	DEF	
7353112	7353219	DEF	
7353129	7353219	USE	
7353141	7353219	USE	
7353157	7353219	USE	
7353213	7353220	DEF	
7353015	7353220	USE	
7353027	7353220	USE	
7353192	7353220	USE	
7353193	7353220	USE	
7353192	7353220	DEF	
7353193	7353220	DEF	
7353176	7353221	USE	
7353183	7353221	USE	
7353051	7353222	USE	
7353052	7353222	USE	
7353062	7353222	USE	
7353063	7353222	USE	
7352953	7353223	DEF	
7352966	7353223	DEF	
7353129	7353223	DEF	
7353130	7353223	DEF	
7353165	7353223	USE	
7353174	7353223	USE	
7352943	7353224	DEF	
7352947	7353224	DEF	
7352944	7353224	DEF	
7352969	7353224	USE	
7352985	7353224	USE	
7352969	7353224	DEF	
7352976	7353224	DEF	
7352976	7353224	USE	
7352985	7353224	DEF	
7353015	7353224	USE	
7353029	7353224	USE	
7353035	7353224	USE	
7353049	7353224	USE	
7353129	7353225	USE	
7353147	7353225	USE	
7353130	7353225	USE	
7352997	7353226	USE	
7352998	7353226	USE	
7353210	7353227	DEF	
7353035	7353227	USE	
7353047	7353227	USE	
7353176	7353227	USE	
7353181	7353227	USE	
7353196	7353227	DEF	
7353197	7353227	DEF	
7353196	7353227	USE	
7353197	7353227	USE	
7352969	7353228	DEF	
7352979	7353228	DEF	
7353031	7353228	DEF	
7353032	7353228	DEF	
7353062	7353228	USE	
7353069	7353228	USE	
7353129	7353228	USE	
7353145	7353228	USE	
7352969	7353229	DEF	
7352973	7353229	DEF	
7353011	7353229	USE	
7353012	7353229	USE	
7353015	7353229	DEF	
7353016	7353229	DEF	
7353051	7353229	USE	
7353058	7353229	USE	
7353129	7353229	USE	
7353161	7353229	USE	
7352969	7353230	DEF	
7352970	7353230	DEF	
7353011	7353230	DEF	
7353012	7353230	DEF	
7353051	7353230	USE	
7353060	7353230	USE	
7353062	7353230	USE	
7353071	7353230	USE	
7353129	7353230	USE	
7353163	7353230	USE	
7352969	7353231	DEF	
7352982	7353231	DEF	
7353031	7353231	USE	
7353032	7353231	USE	
7353035	7353231	DEF	
7353036	7353231	DEF	
7353165	7353231	USE	
7353172	7353231	USE	
7353165	7353231	DEF	
7353166	7353231	DEF	
7353176	7353231	USE	
7353190	7353231	USE	
7353188	7353231	USE	
7353207	7353232	DEF	
7352997	7353232	USE	
7353001	7353232	USE	
7353015	7353233	USE	
7353016	7353233	USE	
7353035	7353233	USE	
7353036	7353233	USE	
7353111	7353234	USE	
7353120	7353234	USE	
7353112	7353234	USE	
7353015	7353235	USE	
7353022	7353235	USE	
7353035	7353235	USE	
7353042	7353235	USE	
7352997	7353236	USE	
7352998	7353236	USE	
7352939	7353237	DEF	
7352940	7353237	DEF	
7352997	7353237	DEF	
7352998	7353237	DEF	
7353006	7353237	USE	
7353200	7353237	USE	
7353201	7353237	USE	
7353200	7353237	DEF	
7353201	7353237	DEF	
7352953	7353238	DEF	
7352954	7353238	DEF	
7353051	7353238	DEF	
7353052	7353238	DEF	
7353073	7353238	USE	
7353080	7353238	USE	
7353084	7353238	USE	
7353091	7353238	USE	
7353084	7353238	DEF	
7353085	7353238	DEF	
7353111	7353238	USE	
7353125	7353238	USE	
7353129	7353238	USE	
7353143	7353238	USE	
7352953	7353239	DEF	
7352957	7353239	DEF	
7353062	7353239	DEF	
7353063	7353239	DEF	
7353073	7353239	USE	
7353082	7353239	USE	
7353093	7353239	DEF	
7353094	7353239	DEF	
7353093	7353239	USE	
7353100	7353239	USE	
7353111	7353239	USE	
7353127	7353239	USE	
7353129	7353239	USE	
7353159	7353239	USE	
7352953	7353240	DEF	
7352960	7353240	DEF	
7353073	7353240	DEF	
7353074	7353240	DEF	
7353102	7353240	DEF	
7353103	7353240	DEF	
7353102	7353240	USE	
7353109	7353240	USE	
7353111	7353240	USE	
7353118	7353240	USE	
7353073	7353241	USE	
7353074	7353241	USE	
7353084	7353242	USE	
7353085	7353242	USE	
7353093	7353242	USE	
7353094	7353242	USE	
7353102	7353242	USE	
7353103	7353242	USE	
7353129	7353243	USE	
7353152	7353243	USE	
7353136	7353243	USE	
7353165	7353244	USE	
7353166	7353244	USE	
7353111	7353129	REACHES	smallest
7353213	7353015	REACHES	prev
7353192	7353015	REACHES	prev
7353213	7353192	REACHES	prev
7353192	7353192	REACHES	prev
7353129	7353165	REACHES	nearest
7352943	7352969	REACHES	zero
7352969	7353015	REACHES	zero
7352969	7353035	REACHES	zero
7353210	7353035	REACHES	row
7353196	7353035	REACHES	row
7353210	7353176	REACHES	row
7353196	7353176	REACHES	row
7353210	7353196	REACHES	row
7353196	7353196	REACHES	row
7353031	7353062	REACHES	a
7353031	7353129	REACHES	a
7352969	7353011	REACHES	b
7353015	7353011	REACHES	b
7353015	7353051	REACHES	b
7353015	7353129	REACHES	b
7353011	7353051	REACHES	c
7353011	7353062	REACHES	c
7353011	7353129	REACHES	c
7353165	7353031	REACHES	d
7352969	7353031	REACHES	d
7353035	7353165	REACHES	d
7353165	7353176	REACHES	d
7353207	7352997	REACHES	row_info
7353200	7353006	REACHES	rb
7352997	7353006	REACHES	rb
7353200	7353200	REACHES	rb
7352997	7353200	REACHES	rb
7353051	7353073	REACHES	pa
7353051	7353084	REACHES	pa
7353084	7353111	REACHES	pa
7353084	7353129	REACHES	pa
7353062	7353073	REACHES	pb
7353062	7353093	REACHES	pb
7353093	7353111	REACHES	pb
7353093	7353129	REACHES	pb
7353073	7353102	REACHES	pc
7353102	7353111	REACHES	pc
7353216	7353207	CONTROLS	
7353216	7353210	CONTROLS	
7353216	7353213	CONTROLS	
7353216	7352939	CONTROLS	
7353216	7352943	CONTROLS	
7353216	7352953	CONTROLS	
7353216	7352969	CONTROLS	
7353216	7352988	CONTROLS	
7353216	7352997	CONTROLS	
7353216	7353006	CONTROLS	
7353006	7353011	CONTROLS	
7353006	7353015	CONTROLS	
7353006	7353031	CONTROLS	
7353006	7353035	CONTROLS	
7353006	7353051	CONTROLS	
7353006	7353062	CONTROLS	
7353006	7353073	CONTROLS	
7353006	7353084	CONTROLS	
7353006	7353093	CONTROLS	
7353006	7353102	CONTROLS	
7353006	7353111	CONTROLS	
7353006	7353129	CONTROLS	
7353006	7353165	CONTROLS	
7353006	7353176	CONTROLS	
7353006	7353192	CONTROLS	
7353006	7353196	CONTROLS	
7353006	7353200	CONTROLS	
7353035	7353051	DOM	
7353196	7353200	DOM	
7353210	7353213	DOM	
7353015	7353031	DOM	
7353062	7353073	DOM	
7353031	7353035	DOM	
7353192	7353196	DOM	
7353073	7353084	DOM	
7352969	7352988	DOM	
7353006	7353011	DOM	
7352988	7352997	DOM	
7353093	7353102	DOM	
7353051	7353062	DOM	
7353165	7353176	DOM	
7352997	7353006	DOM	
7353102	7353111	DOM	
7353129	7353165	DOM	
7353006	7353217	DOM	
7352943	7352953	DOM	
7353213	7352939	DOM	
7353011	7353015	DOM	
7353216	7353216	DOM	
7352953	7352969	DOM	
7353216	7353207	DOM	
7353111	7353129	DOM	
7353207	7353210	DOM	
7352939	7352943	DOM	
7353084	7353093	DOM	
7353176	7353192	DOM	
7353006	7353200	POST_DOM	
7353062	7353051	POST_DOM	
7352939	7353213	POST_DOM	
7353084	7353073	POST_DOM	
7353035	7353031	POST_DOM	
7353051	7353035	POST_DOM	
7353200	7353196	POST_DOM	
7353093	7353084	POST_DOM	
7352997	7352988	POST_DOM	
7353015	7353011	POST_DOM	
7353006	7352997	POST_DOM	
7353111	7353102	POST_DOM	
7353073	7353062	POST_DOM	
7353192	7353176	POST_DOM	
7353217	7353006	POST_DOM	
7353129	7353111	POST_DOM	
7353176	7353165	POST_DOM	
7353217	7353217	POST_DOM	
7352969	7352953	POST_DOM	
7352943	7352939	POST_DOM	
7353031	7353015	POST_DOM	
7352988	7352969	POST_DOM	
7353207	7353216	POST_DOM	
7353210	7353207	POST_DOM	
7353165	7353129	POST_DOM	
7353213	7353210	POST_DOM	
7352953	7352943	POST_DOM	
7353196	7353192	POST_DOM	
7353102	7353093	POST_DOM	
7352936	7352937	IS_FUNCTION_OF_AST	
7352936	7353216	IS_FUNCTION_OF_CFG	
7351410	7352936	IS_FILE_OF	
