command	key	type	code	location	functionId	childNum	isCFGNode	operator	baseType	completeType	identifier
ANR	6235340	File	data/converged/CVE-2018-16863_ghostpdl/jbig2_mmr.h								
ANR	6235341	DeclStmt									
ANR	6235342	Decl							define _JBIG2_MMR_H int	"define _JBIG2_MMR_H int ( Jbig2Ctx * ctx , Jbig2Segment * segment , const Jbig2GenericRegionParams * params , const byte * data , size_t size , Jbig2Image * image )"	jbig2_decode_generic_mmr
ANR	6235343	DeclStmt									
ANR	6235344	Decl							int	"int ( Jbig2Ctx * ctx , const Jbig2GenericRegionParams * params , const byte * data , size_t size , Jbig2Image * image , size_t * consumed_bytes )"	jbig2_decode_halftone_mmr
