command	key	type	code	location	functionId	childNum	isCFGNode	operator	baseType	completeType	identifier
ANR	90891	File	data/converged/CVE-2017-12588_rsyslog/plugins_mmpstrucdata_mmpstrucdata.c								
ANR	90892	ClassDef	_instanceData	52:8:1327:1422							
ANR	90893	DeclStmt									
ANR	90894	Decl							uchar	uchar *	jsonRoot
ANR	90895	DeclStmt									
ANR	90896	Decl							_instanceData	_instanceData	instanceData
ANR	90897	ClassDef	wrkrInstanceData	56:8:1433:1501							
ANR	90898	DeclStmt									
ANR	90899	Decl							instanceData	instanceData *	pData
ANR	90900	DeclStmt									
ANR	90901	Decl							wrkrInstanceData	wrkrInstanceData	wrkrInstanceData_t
ANR	90902	ClassDef	modConfData_s	60:0:1504:1577							
ANR	90903	DeclStmt									
ANR	90904	Decl							rsconf_t	rsconf_t *	pConf
ANR	90905	DeclStmt									
ANR	90906	Decl							modConfData_t	modConfData_t *	loadModConf
ANR	90907	DeclStmt									
ANR	90908	Decl							modConfData_t	modConfData_t *	runModConf
ANR	90909	DeclStmt									
ANR	90910	Decl							struct cnfparamdescr	struct cnfparamdescr [ ]	actpdescr
ANR	90911	DeclStmt									
ANR	90912	Decl							struct cnfparamblk	struct cnfparamblk	actpblk
ANR	90913	DeclStmt									
ANR	90914	Decl							BEGINbeginCnfLoad CODESTARTbeginCnfLoad	BEGINbeginCnfLoad CODESTARTbeginCnfLoad	loadModConf
ANR	90915	DeclStmt									
ANR	90916	Decl							ENDbeginCnfLoad BEGINendCnfLoad CODESTARTendCnfLoad ENDendCnfLoad BEGINcheckCnf CODESTARTcheckCnf ENDcheckCnf BEGINactivateCnf CODESTARTactivateCnf	ENDbeginCnfLoad BEGINendCnfLoad CODESTARTendCnfLoad ENDendCnfLoad BEGINcheckCnf CODESTARTcheckCnf ENDcheckCnf BEGINactivateCnf CODESTARTactivateCnf	runModConf
ANR	90917	DeclStmt									
ANR	90918	Decl							ENDactivateCnf BEGINfreeCnf CODESTARTfreeCnf ENDfreeCnf BEGINcreateInstance CODESTARTcreateInstance ENDcreateInstance BEGINcreateWrkrInstance CODESTARTcreateWrkrInstance ENDcreateWrkrInstance BEGINisCompatibleWithFeature CODESTARTisCompatibleWithFeature ENDisCompatibleWithFeature BEGINfreeInstance CODESTARTfreeInstance	ENDactivateCnf BEGINfreeCnf CODESTARTfreeCnf ENDfreeCnf BEGINcreateInstance CODESTARTcreateInstance ENDcreateInstance BEGINcreateWrkrInstance CODESTARTcreateWrkrInstance ENDcreateWrkrInstance BEGINisCompatibleWithFeature CODESTARTisCompatibleWithFeature ENDisCompatibleWithFeature BEGINfreeInstance CODESTARTfreeInstance	free
ANR	90919	Function	setInstParamDefaults	126:0:2778:2866							
ANR	90920	FunctionDef	setInstParamDefaults (instanceData * pData)		90919	0					
ANR	90921	CompoundStatement		128:0:2839:2866	90919	0					
ANR	90922	ExpressionStatement	pData -> jsonRoot = NULL	129:1:2842:2864	90919	0	True				
ANR	90923	AssignmentExpression	pData -> jsonRoot = NULL		90919	0		=			
ANR	90924	PtrMemberAccess	pData -> jsonRoot		90919	0					
ANR	90925	Identifier	pData		90919	0					
ANR	90926	Identifier	jsonRoot		90919	1					
ANR	90927	Identifier	NULL		90919	1					
ANR	90928	ReturnType	static inline void		90919	1					
ANR	90929	Identifier	setInstParamDefaults		90919	2					
ANR	90930	ParameterList	instanceData * pData		90919	3					
ANR	90931	Parameter	instanceData * pData	127:21:2818:2836	90919	0	True				
ANR	90932	ParameterType	instanceData *		90919	0					
ANR	90933	Identifier	pData		90919	1					
ANR	90934	CFGEntryNode	ENTRY		90919		True				
ANR	90935	CFGExitNode	EXIT		90919		True				
ANR	90936	Symbol	pData		90919						
ANR	90937	Symbol	NULL		90919						
ANR	90938	Symbol	pData -> jsonRoot		90919						
ANR	90939	Symbol	* pData		90919						
ANR	90940	DeclStmt									
ANR	90941	Decl							struct cnfparamvals	struct cnfparamvals *	pvals
ANR	90942	DeclStmt									
ANR	90943	Decl							int	int	i
ANR	90944	DeclStmt									
ANR	90945	Decl							CODESTARTnewActInst	CODESTARTnewActInst	DBGPRINTF
ANR	90946	DeclStmt									
ANR	90947	Decl							CODE_STD_FINALIZERnewActInst	CODE_STD_FINALIZERnewActInst	cnfparamvalsDestruct
ANR	90948	Function	parsePARAM_VALUE	175:0:3865:4485							
ANR	90949	FunctionDef	"parsePARAM_VALUE (uchar * sdbuf , int lenbuf , int * curridx , uchar * fieldbuf)"		90948	0					
ANR	90950	CompoundStatement		177:0:3955:4485	90948	0					
ANR	90951	IdentifierDeclStatement	"int i , j ;"	178:1:3958:3966	90948	0	True				
ANR	90952	IdentifierDecl	i		90948	0					
ANR	90953	IdentifierDeclType	int		90948	0					
ANR	90954	Identifier	i		90948	1					
ANR	90955	IdentifierDecl	j		90948	1					
ANR	90956	IdentifierDeclType	int		90948	0					
ANR	90957	Identifier	j		90948	1					
ANR	90958	ExpressionStatement	DEFiRet	179:1:3969:3976	90948	1	True				
ANR	90959	Identifier	DEFiRet		90948	0					
ANR	90960	ExpressionStatement	i = * curridx	180:1:3979:3991	90948	2	True				
ANR	90961	AssignmentExpression	i = * curridx		90948	0		=			
ANR	90962	Identifier	i		90948	0					
ANR	90963	UnaryOperationExpression	* curridx		90948	1					
ANR	90964	UnaryOperator	*		90948	0					
ANR	90965	Identifier	curridx		90948	1					
ANR	90966	ExpressionStatement	j = 0	181:1:3994:3999	90948	3	True				
ANR	90967	AssignmentExpression	j = 0		90948	0		=			
ANR	90968	Identifier	j		90948	0					
ANR	90969	PrimaryExpression	0		90948	1					
ANR	90970	WhileStatement	"while ( i < lenbuf && sdbuf [ i ] != '""' )"		90948	4					
ANR	90971	Condition	"i < lenbuf && sdbuf [ i ] != '""'"	182:7:4008:4036	90948	0	True				
ANR	90972	AndExpression	"i < lenbuf && sdbuf [ i ] != '""'"		90948	0		&&			
ANR	90973	RelationalExpression	i < lenbuf		90948	0		<			
ANR	90974	Identifier	i		90948	0					
ANR	90975	Identifier	lenbuf		90948	1					
ANR	90976	EqualityExpression	"sdbuf [ i ] != '""'"		90948	1		!=			
ANR	90977	ArrayIndexing	sdbuf [ i ]		90948	0					
ANR	90978	Identifier	sdbuf		90948	0					
ANR	90979	Identifier	i		90948	1					
ANR	90980	PrimaryExpression	"'""'"		90948	1					
ANR	90981	CompoundStatement		6:38:83:83	90948	1					
ANR	90982	IfStatement	if ( sdbuf [ i ] == '\\\\' )		90948	0					
ANR	90983	Condition	sdbuf [ i ] == '\\\\'	183:5:4046:4061	90948	0	True				
ANR	90984	EqualityExpression	sdbuf [ i ] == '\\\\'		90948	0		==			
ANR	90985	ArrayIndexing	sdbuf [ i ]		90948	0					
ANR	90986	Identifier	sdbuf		90948	0					
ANR	90987	Identifier	i		90948	1					
ANR	90988	PrimaryExpression	'\\\\'		90948	1					
ANR	90989	CompoundStatement		7:23:108:108	90948	1					
ANR	90990	IfStatement	if ( ++ i == lenbuf )		90948	0					
ANR	90991	Condition	++ i == lenbuf	184:6:4072:4084	90948	0	True				
ANR	90992	EqualityExpression	++ i == lenbuf		90948	0		==			
ANR	90993	UnaryExpression	++ i		90948	0					
ANR	90994	IncDec	++		90948	0					
ANR	90995	Identifier	i		90948	1					
ANR	90996	Identifier	lenbuf		90948	1					
ANR	90997	CompoundStatement		8:21:131:131	90948	1					
ANR	90998	ExpressionStatement	fieldbuf [ j ++ ] = '\\\\'	185:4:4093:4113	90948	0	True				
ANR	90999	AssignmentExpression	fieldbuf [ j ++ ] = '\\\\'		90948	0		=			
ANR	91000	ArrayIndexing	fieldbuf [ j ++ ]		90948	0					
ANR	91001	Identifier	fieldbuf		90948	0					
ANR	91002	PostIncDecOperationExpression	j ++		90948	1					
ANR	91003	Identifier	j		90948	0					
ANR	91004	IncDec	++		90948	1					
ANR	91005	PrimaryExpression	'\\\\'		90948	1					
ANR	91006	ElseStatement	else		90948	0					
ANR	91007	CompoundStatement		10:10:169:169	90948	0					
ANR	91008	IfStatement	"if ( sdbuf [ i ] == '""' )"		90948	0					
ANR	91009	Condition	"sdbuf [ i ] == '""'"	187:7:4134:4148	90948	0	True				
ANR	91010	EqualityExpression	"sdbuf [ i ] == '""'"		90948	0		==			
ANR	91011	ArrayIndexing	sdbuf [ i ]		90948	0					
ANR	91012	Identifier	sdbuf		90948	0					
ANR	91013	Identifier	i		90948	1					
ANR	91014	PrimaryExpression	"'""'"		90948	1					
ANR	91015	CompoundStatement		11:24:195:195	90948	1					
ANR	91016	ExpressionStatement	"fieldbuf [ j ++ ] = '""'"	188:5:4158:4177	90948	0	True				
ANR	91017	AssignmentExpression	"fieldbuf [ j ++ ] = '""'"		90948	0		=			
ANR	91018	ArrayIndexing	fieldbuf [ j ++ ]		90948	0					
ANR	91019	Identifier	fieldbuf		90948	0					
ANR	91020	PostIncDecOperationExpression	j ++		90948	1					
ANR	91021	Identifier	j		90948	0					
ANR	91022	IncDec	++		90948	1					
ANR	91023	PrimaryExpression	"'""'"		90948	1					
ANR	91024	ElseStatement	else		90948	0					
ANR	91025	IfStatement	if ( sdbuf [ i ] == '\\\\' )		90948	0					
ANR	91026	Condition	sdbuf [ i ] == '\\\\'	189:14:4193:4208	90948	0	True				
ANR	91027	EqualityExpression	sdbuf [ i ] == '\\\\'		90948	0		==			
ANR	91028	ArrayIndexing	sdbuf [ i ]		90948	0					
ANR	91029	Identifier	sdbuf		90948	0					
ANR	91030	Identifier	i		90948	1					
ANR	91031	PrimaryExpression	'\\\\'		90948	1					
ANR	91032	CompoundStatement		13:32:255:255	90948	1					
ANR	91033	ExpressionStatement	fieldbuf [ j ++ ] = '\\\\'	190:5:4218:4238	90948	0	True				
ANR	91034	AssignmentExpression	fieldbuf [ j ++ ] = '\\\\'		90948	0		=			
ANR	91035	ArrayIndexing	fieldbuf [ j ++ ]		90948	0					
ANR	91036	Identifier	fieldbuf		90948	0					
ANR	91037	PostIncDecOperationExpression	j ++		90948	1					
ANR	91038	Identifier	j		90948	0					
ANR	91039	IncDec	++		90948	1					
ANR	91040	PrimaryExpression	'\\\\'		90948	1					
ANR	91041	ElseStatement	else		90948	0					
ANR	91042	IfStatement	if ( sdbuf [ i ] == ']' )		90948	0					
ANR	91043	Condition	sdbuf [ i ] == ']'	191:14:4254:4268	90948	0	True				
ANR	91044	EqualityExpression	sdbuf [ i ] == ']'		90948	0		==			
ANR	91045	ArrayIndexing	sdbuf [ i ]		90948	0					
ANR	91046	Identifier	sdbuf		90948	0					
ANR	91047	Identifier	i		90948	1					
ANR	91048	PrimaryExpression	']'		90948	1					
ANR	91049	CompoundStatement		15:31:315:315	90948	1					
ANR	91050	ExpressionStatement	"fieldbuf [ j ++ ] = '""'"	192:5:4278:4297	90948	0	True				
ANR	91051	AssignmentExpression	"fieldbuf [ j ++ ] = '""'"		90948	0		=			
ANR	91052	ArrayIndexing	fieldbuf [ j ++ ]		90948	0					
ANR	91053	Identifier	fieldbuf		90948	0					
ANR	91054	PostIncDecOperationExpression	j ++		90948	1					
ANR	91055	Identifier	j		90948	0					
ANR	91056	IncDec	++		90948	1					
ANR	91057	PrimaryExpression	"'""'"		90948	1					
ANR	91058	ElseStatement	else		90948	0					
ANR	91059	CompoundStatement		17:11:354:354	90948	0					
ANR	91060	ExpressionStatement	fieldbuf [ j ++ ] = '\\\\'	194:5:4317:4337	90948	0	True				
ANR	91061	AssignmentExpression	fieldbuf [ j ++ ] = '\\\\'		90948	0		=			
ANR	91062	ArrayIndexing	fieldbuf [ j ++ ]		90948	0					
ANR	91063	Identifier	fieldbuf		90948	0					
ANR	91064	PostIncDecOperationExpression	j ++		90948	1					
ANR	91065	Identifier	j		90948	0					
ANR	91066	IncDec	++		90948	1					
ANR	91067	PrimaryExpression	'\\\\'		90948	1					
ANR	91068	ExpressionStatement	fieldbuf [ j ++ ] = sdbuf [ i ]	195:5:4344:4368	90948	1	True				
ANR	91069	AssignmentExpression	fieldbuf [ j ++ ] = sdbuf [ i ]		90948	0		=			
ANR	91070	ArrayIndexing	fieldbuf [ j ++ ]		90948	0					
ANR	91071	Identifier	fieldbuf		90948	0					
ANR	91072	PostIncDecOperationExpression	j ++		90948	1					
ANR	91073	Identifier	j		90948	0					
ANR	91074	IncDec	++		90948	1					
ANR	91075	ArrayIndexing	sdbuf [ i ]		90948	1					
ANR	91076	Identifier	sdbuf		90948	0					
ANR	91077	Identifier	i		90948	1					
ANR	91078	ExpressionStatement	++ i	197:4:4380:4383	90948	1	True				
ANR	91079	UnaryExpression	++ i		90948	0					
ANR	91080	IncDec	++		90948	0					
ANR	91081	Identifier	i		90948	1					
ANR	91082	ElseStatement	else		90948	0					
ANR	91083	CompoundStatement		23:9:443:443	90948	0					
ANR	91084	ExpressionStatement	fieldbuf [ j ++ ] = sdbuf [ i ++ ]	200:3:4404:4430	90948	0	True				
ANR	91085	AssignmentExpression	fieldbuf [ j ++ ] = sdbuf [ i ++ ]		90948	0		=			
ANR	91086	ArrayIndexing	fieldbuf [ j ++ ]		90948	0					
ANR	91087	Identifier	fieldbuf		90948	0					
ANR	91088	PostIncDecOperationExpression	j ++		90948	1					
ANR	91089	Identifier	j		90948	0					
ANR	91090	IncDec	++		90948	1					
ANR	91091	ArrayIndexing	sdbuf [ i ++ ]		90948	1					
ANR	91092	Identifier	sdbuf		90948	0					
ANR	91093	PostIncDecOperationExpression	i ++		90948	1					
ANR	91094	Identifier	i		90948	0					
ANR	91095	IncDec	++		90948	1					
ANR	91096	ExpressionStatement	fieldbuf [ j ] = '\\0'	203:1:4440:4458	90948	5	True				
ANR	91097	AssignmentExpression	fieldbuf [ j ] = '\\0'		90948	0		=			
ANR	91098	ArrayIndexing	fieldbuf [ j ]		90948	0					
ANR	91099	Identifier	fieldbuf		90948	0					
ANR	91100	Identifier	j		90948	1					
ANR	91101	PrimaryExpression	'\\0'		90948	1					
ANR	91102	ExpressionStatement	* curridx = i	204:1:4461:4473	90948	6	True				
ANR	91103	AssignmentExpression	* curridx = i		90948	0		=			
ANR	91104	UnaryOperationExpression	* curridx		90948	0					
ANR	91105	UnaryOperator	*		90948	0					
ANR	91106	Identifier	curridx		90948	1					
ANR	91107	Identifier	i		90948	1					
ANR	91108	ExpressionStatement	RETiRet	205:1:4476:4483	90948	7	True				
ANR	91109	Identifier	RETiRet		90948	0					
ANR	91110	ReturnType	static rsRetVal		90948	1					
ANR	91111	Identifier	parsePARAM_VALUE		90948	2					
ANR	91112	ParameterList	"uchar * sdbuf , int lenbuf , int * curridx , uchar * fieldbuf"		90948	3					
ANR	91113	Parameter	uchar * sdbuf	176:17:3898:3909	90948	0	True				
ANR	91114	ParameterType	uchar *		90948	0					
ANR	91115	Identifier	sdbuf		90948	1					
ANR	91116	Parameter	int lenbuf	176:31:3912:3921	90948	1	True				
ANR	91117	ParameterType	int		90948	0					
ANR	91118	Identifier	lenbuf		90948	1					
ANR	91119	Parameter	int * curridx	176:43:3924:3935	90948	2	True				
ANR	91120	ParameterType	int *		90948	0					
ANR	91121	Identifier	curridx		90948	1					
ANR	91122	Parameter	uchar * fieldbuf	176:57:3938:3952	90948	3	True				
ANR	91123	ParameterType	uchar *		90948	0					
ANR	91124	Identifier	fieldbuf		90948	1					
ANR	91125	CFGEntryNode	ENTRY		90948		True				
ANR	91126	CFGExitNode	EXIT		90948		True				
ANR	91127	Symbol	lenbuf		90948						
ANR	91128	Symbol	curridx		90948						
ANR	91129	Symbol	sdbuf		90948						
ANR	91130	Symbol	* i		90948						
ANR	91131	Symbol	* j		90948						
ANR	91132	Symbol	* fieldbuf		90948						
ANR	91133	Symbol	* sdbuf		90948						
ANR	91134	Symbol	fieldbuf		90948						
ANR	91135	Symbol	i		90948						
ANR	91136	Symbol	j		90948						
ANR	91137	Symbol	* curridx		90948						
ANR	91138	Function	parseSD_NAME	209:0:4489:4840							
ANR	91139	FunctionDef	"parseSD_NAME (uchar * sdbuf , int lenbuf , int * curridx , uchar * namebuf)"		91138	0					
ANR	91140	CompoundStatement		211:0:4574:4840	91138	0					
ANR	91141	IdentifierDeclStatement	"int i , j ;"	212:1:4577:4585	91138	0	True				
ANR	91142	IdentifierDecl	i		91138	0					
ANR	91143	IdentifierDeclType	int		91138	0					
ANR	91144	Identifier	i		91138	1					
ANR	91145	IdentifierDecl	j		91138	1					
ANR	91146	IdentifierDeclType	int		91138	0					
ANR	91147	Identifier	j		91138	1					
ANR	91148	ExpressionStatement	DEFiRet	213:1:4588:4595	91138	1	True				
ANR	91149	Identifier	DEFiRet		91138	0					
ANR	91150	ExpressionStatement	i = * curridx	214:1:4598:4610	91138	2	True				
ANR	91151	AssignmentExpression	i = * curridx		91138	0		=			
ANR	91152	Identifier	i		91138	0					
ANR	91153	UnaryOperationExpression	* curridx		91138	1					
ANR	91154	UnaryOperator	*		91138	0					
ANR	91155	Identifier	curridx		91138	1					
ANR	91156	ForStatement	for ( j = 0 ; i < lenbuf && j < 32 ; ++ j )		91138	3					
ANR	91157	ForInit	j = 0 ;	215:5:4617:4623	91138	0	True				
ANR	91158	AssignmentExpression	j = 0		91138	0		=			
ANR	91159	Identifier	j		91138	0					
ANR	91160	PrimaryExpression	0		91138	1					
ANR	91161	Condition	i < lenbuf && j < 32	215:13:4625:4644	91138	1	True				
ANR	91162	AndExpression	i < lenbuf && j < 32		91138	0		&&			
ANR	91163	RelationalExpression	i < lenbuf		91138	0		<			
ANR	91164	Identifier	i		91138	0					
ANR	91165	Identifier	lenbuf		91138	1					
ANR	91166	RelationalExpression	j < 32		91138	1		<			
ANR	91167	Identifier	j		91138	0					
ANR	91168	PrimaryExpression	32		91138	1					
ANR	91169	UnaryExpression	++ j	215:35:4647:4649	91138	2	True				
ANR	91170	IncDec	++		91138	0					
ANR	91171	Identifier	j		91138	1					
ANR	91172	CompoundStatement		5:40:77:77	91138	3					
ANR	91173	IfStatement	"if ( sdbuf [ i ] == '=' || sdbuf [ i ] == '""' || sdbuf [ i ] == ']' || sdbuf [ i ] == ' ' )"		91138	0					
ANR	91174	Condition	"sdbuf [ i ] == '=' || sdbuf [ i ] == '""' || sdbuf [ i ] == ']' || sdbuf [ i ] == ' '"	216:8:4662:4738	91138	0	True				
ANR	91175	OrExpression	"sdbuf [ i ] == '=' || sdbuf [ i ] == '""' || sdbuf [ i ] == ']' || sdbuf [ i ] == ' '"		91138	0		||			
ANR	91176	EqualityExpression	sdbuf [ i ] == '='		91138	0		==			
ANR	91177	ArrayIndexing	sdbuf [ i ]		91138	0					
ANR	91178	Identifier	sdbuf		91138	0					
ANR	91179	Identifier	i		91138	1					
ANR	91180	PrimaryExpression	'='		91138	1					
ANR	91181	OrExpression	"sdbuf [ i ] == '""' || sdbuf [ i ] == ']' || sdbuf [ i ] == ' '"		91138	1		||			
ANR	91182	EqualityExpression	"sdbuf [ i ] == '""'"		91138	0		==			
ANR	91183	ArrayIndexing	sdbuf [ i ]		91138	0					
ANR	91184	Identifier	sdbuf		91138	0					
ANR	91185	Identifier	i		91138	1					
ANR	91186	PrimaryExpression	"'""'"		91138	1					
ANR	91187	OrExpression	sdbuf [ i ] == ']' || sdbuf [ i ] == ' '		91138	1		||			
ANR	91188	EqualityExpression	sdbuf [ i ] == ']'		91138	0		==			
ANR	91189	ArrayIndexing	sdbuf [ i ]		91138	0					
ANR	91190	Identifier	sdbuf		91138	0					
ANR	91191	Identifier	i		91138	1					
ANR	91192	PrimaryExpression	']'		91138	1					
ANR	91193	EqualityExpression	sdbuf [ i ] == ' '		91138	1		==			
ANR	91194	ArrayIndexing	sdbuf [ i ]		91138	0					
ANR	91195	Identifier	sdbuf		91138	0					
ANR	91196	Identifier	i		91138	1					
ANR	91197	PrimaryExpression	' '		91138	1					
ANR	91198	BreakStatement	break ;	218:3:4744:4749	91138	1	True				
ANR	91199	ExpressionStatement	namebuf [ j ] = tolower ( sdbuf [ i ] )	219:2:4753:4783	91138	1	True				
ANR	91200	AssignmentExpression	namebuf [ j ] = tolower ( sdbuf [ i ] )		91138	0		=			
ANR	91201	ArrayIndexing	namebuf [ j ]		91138	0					
ANR	91202	Identifier	namebuf		91138	0					
ANR	91203	Identifier	j		91138	1					
ANR	91204	CallExpression	tolower ( sdbuf [ i ] )		91138	1					
ANR	91205	Callee	tolower		91138	0					
ANR	91206	Identifier	tolower		91138	0					
ANR	91207	ArgumentList	sdbuf [ i ]		91138	1					
ANR	91208	Argument	sdbuf [ i ]		91138	0					
ANR	91209	ArrayIndexing	sdbuf [ i ]		91138	0					
ANR	91210	Identifier	sdbuf		91138	0					
ANR	91211	Identifier	i		91138	1					
ANR	91212	ExpressionStatement	++ i	220:2:4787:4790	91138	2	True				
ANR	91213	UnaryExpression	++ i		91138	0					
ANR	91214	IncDec	++		91138	0					
ANR	91215	Identifier	i		91138	1					
ANR	91216	ExpressionStatement	namebuf [ j ] = '\\0'	222:1:4796:4813	91138	4	True				
ANR	91217	AssignmentExpression	namebuf [ j ] = '\\0'		91138	0		=			
ANR	91218	ArrayIndexing	namebuf [ j ]		91138	0					
ANR	91219	Identifier	namebuf		91138	0					
ANR	91220	Identifier	j		91138	1					
ANR	91221	PrimaryExpression	'\\0'		91138	1					
ANR	91222	ExpressionStatement	* curridx = i	223:1:4816:4828	91138	5	True				
ANR	91223	AssignmentExpression	* curridx = i		91138	0		=			
ANR	91224	UnaryOperationExpression	* curridx		91138	0					
ANR	91225	UnaryOperator	*		91138	0					
ANR	91226	Identifier	curridx		91138	1					
ANR	91227	Identifier	i		91138	1					
ANR	91228	ExpressionStatement	RETiRet	224:1:4831:4838	91138	6	True				
ANR	91229	Identifier	RETiRet		91138	0					
ANR	91230	ReturnType	static rsRetVal		91138	1					
ANR	91231	Identifier	parseSD_NAME		91138	2					
ANR	91232	ParameterList	"uchar * sdbuf , int lenbuf , int * curridx , uchar * namebuf"		91138	3					
ANR	91233	Parameter	uchar * sdbuf	210:13:4518:4529	91138	0	True				
ANR	91234	ParameterType	uchar *		91138	0					
ANR	91235	Identifier	sdbuf		91138	1					
ANR	91236	Parameter	int lenbuf	210:27:4532:4541	91138	1	True				
ANR	91237	ParameterType	int		91138	0					
ANR	91238	Identifier	lenbuf		91138	1					
ANR	91239	Parameter	int * curridx	210:39:4544:4555	91138	2	True				
ANR	91240	ParameterType	int *		91138	0					
ANR	91241	Identifier	curridx		91138	1					
ANR	91242	Parameter	uchar * namebuf	210:53:4558:4571	91138	3	True				
ANR	91243	ParameterType	uchar *		91138	0					
ANR	91244	Identifier	namebuf		91138	1					
ANR	91245	CFGEntryNode	ENTRY		91138		True				
ANR	91246	CFGExitNode	EXIT		91138		True				
ANR	91247	Symbol	lenbuf		91138						
ANR	91248	Symbol	curridx		91138						
ANR	91249	Symbol	* namebuf		91138						
ANR	91250	Symbol	sdbuf		91138						
ANR	91251	Symbol	* i		91138						
ANR	91252	Symbol	* j		91138						
ANR	91253	Symbol	tolower		91138						
ANR	91254	Symbol	* sdbuf		91138						
ANR	91255	Symbol	i		91138						
ANR	91256	Symbol	namebuf		91138						
ANR	91257	Symbol	j		91138						
ANR	91258	Symbol	* curridx		91138						
ANR	91259	Function	parseSD_PARAM	228:0:4844:5510							
ANR	91260	FunctionDef	"parseSD_PARAM (uchar * sdbuf , int lenbuf , int * curridx , struct json_object * jroot)"		91259	0					
ANR	91261	CompoundStatement		230:0:4941:5510	91259	0					
ANR	91262	IdentifierDeclStatement	int i ;	231:1:4944:4949	91259	0	True				
ANR	91263	IdentifierDecl	i		91259	0					
ANR	91264	IdentifierDeclType	int		91259	0					
ANR	91265	Identifier	i		91259	1					
ANR	91266	IdentifierDeclStatement	uchar pName [ 33 ] ;	232:1:4952:4967	91259	1	True				
ANR	91267	IdentifierDecl	pName [ 33 ]		91259	0					
ANR	91268	IdentifierDeclType	uchar [ 33 ]		91259	0					
ANR	91269	Identifier	pName		91259	1					
ANR	91270	PrimaryExpression	33		91259	2					
ANR	91271	IdentifierDeclStatement	uchar pVal [ 32 * 1024 ] ;	233:1:4970:4989	91259	2	True				
ANR	91272	IdentifierDecl	pVal [ 32 * 1024 ]		91259	0					
ANR	91273	IdentifierDeclType	uchar [ 32 * 1024 ]		91259	0					
ANR	91274	Identifier	pVal		91259	1					
ANR	91275	MultiplicativeExpression	32 * 1024		91259	2		*			
ANR	91276	PrimaryExpression	32		91259	0					
ANR	91277	PrimaryExpression	1024		91259	1					
ANR	91278	IdentifierDeclStatement	struct json_object * jval ;	234:1:4992:5016	91259	3	True				
ANR	91279	IdentifierDecl	* jval		91259	0					
ANR	91280	IdentifierDeclType	struct json_object *		91259	0					
ANR	91281	Identifier	jval		91259	1					
ANR	91282	ExpressionStatement	DEFiRet	235:1:5019:5026	91259	4	True				
ANR	91283	Identifier	DEFiRet		91259	0					
ANR	91284	ExpressionStatement	i = * curridx	237:1:5031:5043	91259	5	True				
ANR	91285	AssignmentExpression	i = * curridx		91259	0		=			
ANR	91286	Identifier	i		91259	0					
ANR	91287	UnaryOperationExpression	* curridx		91259	1					
ANR	91288	UnaryOperator	*		91259	0					
ANR	91289	Identifier	curridx		91259	1					
ANR	91290	ExpressionStatement	"CHKiRet ( parseSD_NAME ( sdbuf , lenbuf , & i , pName ) )"	238:1:5046:5093	91259	6	True				
ANR	91291	CallExpression	"CHKiRet ( parseSD_NAME ( sdbuf , lenbuf , & i , pName ) )"		91259	0					
ANR	91292	Callee	CHKiRet		91259	0					
ANR	91293	Identifier	CHKiRet		91259	0					
ANR	91294	ArgumentList	"parseSD_NAME ( sdbuf , lenbuf , & i , pName )"		91259	1					
ANR	91295	Argument	"parseSD_NAME ( sdbuf , lenbuf , & i , pName )"		91259	0					
ANR	91296	CallExpression	"parseSD_NAME ( sdbuf , lenbuf , & i , pName )"		91259	0					
ANR	91297	Callee	parseSD_NAME		91259	0					
ANR	91298	Identifier	parseSD_NAME		91259	0					
ANR	91299	ArgumentList	sdbuf		91259	1					
ANR	91300	Argument	sdbuf		91259	0					
ANR	91301	Identifier	sdbuf		91259	0					
ANR	91302	Argument	lenbuf		91259	1					
ANR	91303	Identifier	lenbuf		91259	0					
ANR	91304	Argument	& i		91259	2					
ANR	91305	UnaryOperationExpression	& i		91259	0					
ANR	91306	UnaryOperator	&		91259	0					
ANR	91307	Identifier	i		91259	1					
ANR	91308	Argument	pName		91259	3					
ANR	91309	Identifier	pName		91259	0					
ANR	91310	IfStatement	if ( sdbuf [ i ] != '=' )		91259	7					
ANR	91311	Condition	sdbuf [ i ] != '='	239:4:5099:5113	91259	0	True				
ANR	91312	EqualityExpression	sdbuf [ i ] != '='		91259	0		!=			
ANR	91313	ArrayIndexing	sdbuf [ i ]		91259	0					
ANR	91314	Identifier	sdbuf		91259	0					
ANR	91315	Identifier	i		91259	1					
ANR	91316	PrimaryExpression	'='		91259	1					
ANR	91317	CompoundStatement		10:21:174:174	91259	1					
ANR	91318	ExpressionStatement	ABORT_FINALIZE ( RS_RET_STRUC_DATA_INVLD )	240:2:5120:5159	91259	0	True				
ANR	91319	CallExpression	ABORT_FINALIZE ( RS_RET_STRUC_DATA_INVLD )		91259	0					
ANR	91320	Callee	ABORT_FINALIZE		91259	0					
ANR	91321	Identifier	ABORT_FINALIZE		91259	0					
ANR	91322	ArgumentList	RS_RET_STRUC_DATA_INVLD		91259	1					
ANR	91323	Argument	RS_RET_STRUC_DATA_INVLD		91259	0					
ANR	91324	Identifier	RS_RET_STRUC_DATA_INVLD		91259	0					
ANR	91325	ExpressionStatement	++ i	242:1:5165:5168	91259	8	True				
ANR	91326	UnaryExpression	++ i		91259	0					
ANR	91327	IncDec	++		91259	0					
ANR	91328	Identifier	i		91259	1					
ANR	91329	IfStatement	"if ( sdbuf [ i ] != '""' )"		91259	9					
ANR	91330	Condition	"sdbuf [ i ] != '""'"	243:4:5174:5188	91259	0	True				
ANR	91331	EqualityExpression	"sdbuf [ i ] != '""'"		91259	0		!=			
ANR	91332	ArrayIndexing	sdbuf [ i ]		91259	0					
ANR	91333	Identifier	sdbuf		91259	0					
ANR	91334	Identifier	i		91259	1					
ANR	91335	PrimaryExpression	"'""'"		91259	1					
ANR	91336	CompoundStatement		14:21:249:249	91259	1					
ANR	91337	ExpressionStatement	ABORT_FINALIZE ( RS_RET_STRUC_DATA_INVLD )	244:2:5195:5234	91259	0	True				
ANR	91338	CallExpression	ABORT_FINALIZE ( RS_RET_STRUC_DATA_INVLD )		91259	0					
ANR	91339	Callee	ABORT_FINALIZE		91259	0					
ANR	91340	Identifier	ABORT_FINALIZE		91259	0					
ANR	91341	ArgumentList	RS_RET_STRUC_DATA_INVLD		91259	1					
ANR	91342	Argument	RS_RET_STRUC_DATA_INVLD		91259	0					
ANR	91343	Identifier	RS_RET_STRUC_DATA_INVLD		91259	0					
ANR	91344	ExpressionStatement	++ i	246:1:5240:5243	91259	10	True				
ANR	91345	UnaryExpression	++ i		91259	0					
ANR	91346	IncDec	++		91259	0					
ANR	91347	Identifier	i		91259	1					
ANR	91348	ExpressionStatement	"CHKiRet ( parsePARAM_VALUE ( sdbuf , lenbuf , & i , pVal ) )"	247:1:5246:5296	91259	11	True				
ANR	91349	CallExpression	"CHKiRet ( parsePARAM_VALUE ( sdbuf , lenbuf , & i , pVal ) )"		91259	0					
ANR	91350	Callee	CHKiRet		91259	0					
ANR	91351	Identifier	CHKiRet		91259	0					
ANR	91352	ArgumentList	"parsePARAM_VALUE ( sdbuf , lenbuf , & i , pVal )"		91259	1					
ANR	91353	Argument	"parsePARAM_VALUE ( sdbuf , lenbuf , & i , pVal )"		91259	0					
ANR	91354	CallExpression	"parsePARAM_VALUE ( sdbuf , lenbuf , & i , pVal )"		91259	0					
ANR	91355	Callee	parsePARAM_VALUE		91259	0					
ANR	91356	Identifier	parsePARAM_VALUE		91259	0					
ANR	91357	ArgumentList	sdbuf		91259	1					
ANR	91358	Argument	sdbuf		91259	0					
ANR	91359	Identifier	sdbuf		91259	0					
ANR	91360	Argument	lenbuf		91259	1					
ANR	91361	Identifier	lenbuf		91259	0					
ANR	91362	Argument	& i		91259	2					
ANR	91363	UnaryOperationExpression	& i		91259	0					
ANR	91364	UnaryOperator	&		91259	0					
ANR	91365	Identifier	i		91259	1					
ANR	91366	Argument	pVal		91259	3					
ANR	91367	Identifier	pVal		91259	0					
ANR	91368	IfStatement	"if ( sdbuf [ i ] != '""' )"		91259	12					
ANR	91369	Condition	"sdbuf [ i ] != '""'"	248:4:5302:5316	91259	0	True				
ANR	91370	EqualityExpression	"sdbuf [ i ] != '""'"		91259	0		!=			
ANR	91371	ArrayIndexing	sdbuf [ i ]		91259	0					
ANR	91372	Identifier	sdbuf		91259	0					
ANR	91373	Identifier	i		91259	1					
ANR	91374	PrimaryExpression	"'""'"		91259	1					
ANR	91375	CompoundStatement		19:21:377:377	91259	1					
ANR	91376	ExpressionStatement	ABORT_FINALIZE ( RS_RET_STRUC_DATA_INVLD )	249:2:5323:5362	91259	0	True				
ANR	91377	CallExpression	ABORT_FINALIZE ( RS_RET_STRUC_DATA_INVLD )		91259	0					
ANR	91378	Callee	ABORT_FINALIZE		91259	0					
ANR	91379	Identifier	ABORT_FINALIZE		91259	0					
ANR	91380	ArgumentList	RS_RET_STRUC_DATA_INVLD		91259	1					
ANR	91381	Argument	RS_RET_STRUC_DATA_INVLD		91259	0					
ANR	91382	Identifier	RS_RET_STRUC_DATA_INVLD		91259	0					
ANR	91383	ExpressionStatement	++ i	251:1:5368:5371	91259	13	True				
ANR	91384	UnaryExpression	++ i		91259	0					
ANR	91385	IncDec	++		91259	0					
ANR	91386	Identifier	i		91259	1					
ANR	91387	ExpressionStatement	jval = json_object_new_string ( ( char * ) pVal )	253:1:5375:5417	91259	14	True				
ANR	91388	AssignmentExpression	jval = json_object_new_string ( ( char * ) pVal )		91259	0		=			
ANR	91389	Identifier	jval		91259	0					
ANR	91390	CallExpression	json_object_new_string ( ( char * ) pVal )		91259	1					
ANR	91391	Callee	json_object_new_string		91259	0					
ANR	91392	Identifier	json_object_new_string		91259	0					
ANR	91393	ArgumentList	( char * ) pVal		91259	1					
ANR	91394	Argument	( char * ) pVal		91259	0					
ANR	91395	CastExpression	( char * ) pVal		91259	0					
ANR	91396	CastTarget	char *		91259	0					
ANR	91397	Identifier	pVal		91259	1					
ANR	91398	ExpressionStatement	"json_object_object_add ( jroot , ( char * ) pName , jval )"	254:1:5420:5469	91259	15	True				
ANR	91399	CallExpression	"json_object_object_add ( jroot , ( char * ) pName , jval )"		91259	0					
ANR	91400	Callee	json_object_object_add		91259	0					
ANR	91401	Identifier	json_object_object_add		91259	0					
ANR	91402	ArgumentList	jroot		91259	1					
ANR	91403	Argument	jroot		91259	0					
ANR	91404	Identifier	jroot		91259	0					
ANR	91405	Argument	( char * ) pName		91259	1					
ANR	91406	CastExpression	( char * ) pName		91259	0					
ANR	91407	CastTarget	char *		91259	0					
ANR	91408	Identifier	pName		91259	1					
ANR	91409	Argument	jval		91259	2					
ANR	91410	Identifier	jval		91259	0					
ANR	91411	ExpressionStatement	* curridx = i	256:1:5473:5485	91259	16	True				
ANR	91412	AssignmentExpression	* curridx = i		91259	0		=			
ANR	91413	UnaryOperationExpression	* curridx		91259	0					
ANR	91414	UnaryOperator	*		91259	0					
ANR	91415	Identifier	curridx		91259	1					
ANR	91416	Identifier	i		91259	1					
ANR	91417	Label	finalize_it :	257:0:5487:5498	91259	17	True				
ANR	91418	Identifier	finalize_it		91259	0					
ANR	91419	ExpressionStatement	RETiRet	258:1:5501:5508	91259	18	True				
ANR	91420	Identifier	RETiRet		91259	0					
ANR	91421	ReturnType	static rsRetVal		91259	1					
ANR	91422	Identifier	parseSD_PARAM		91259	2					
ANR	91423	ParameterList	"uchar * sdbuf , int lenbuf , int * curridx , struct json_object * jroot"		91259	3					
ANR	91424	Parameter	uchar * sdbuf	229:14:4874:4885	91259	0	True				
ANR	91425	ParameterType	uchar *		91259	0					
ANR	91426	Identifier	sdbuf		91259	1					
ANR	91427	Parameter	int lenbuf	229:28:4888:4897	91259	1	True				
ANR	91428	ParameterType	int		91259	0					
ANR	91429	Identifier	lenbuf		91259	1					
ANR	91430	Parameter	int * curridx	229:40:4900:4911	91259	2	True				
ANR	91431	ParameterType	int *		91259	0					
ANR	91432	Identifier	curridx		91259	1					
ANR	91433	Parameter	struct json_object * jroot	229:54:4914:4938	91259	3	True				
ANR	91434	ParameterType	struct json_object *		91259	0					
ANR	91435	Identifier	jroot		91259	1					
ANR	91436	CFGEntryNode	ENTRY		91259		True				
ANR	91437	CFGExitNode	EXIT		91259		True				
ANR	91438	Symbol	curridx		91259						
ANR	91439	Symbol	sdbuf		91259						
ANR	91440	Symbol	json_object_new_string		91259						
ANR	91441	Symbol	pVal		91259						
ANR	91442	Symbol	jval		91259						
ANR	91443	Symbol	jroot		91259						
ANR	91444	Symbol	* sdbuf		91259						
ANR	91445	Symbol	i		91259						
ANR	91446	Symbol	RS_RET_STRUC_DATA_INVLD		91259						
ANR	91447	Symbol	& i		91259						
ANR	91448	Symbol	lenbuf		91259						
ANR	91449	Symbol	parseSD_NAME		91259						
ANR	91450	Symbol	* i		91259						
ANR	91451	Symbol	pName		91259						
ANR	91452	Symbol	parsePARAM_VALUE		91259						
ANR	91453	Symbol	* curridx		91259						
ANR	91454	Function	parseSD_ELEMENT	262:0:5514:6465							
ANR	91455	FunctionDef	"parseSD_ELEMENT (uchar * sdbuf , int lenbuf , int * curridx , struct json_object * jroot)"		91454	0					
ANR	91456	CompoundStatement		264:0:5613:6465	91454	0					
ANR	91457	IdentifierDeclStatement	int i ;	265:1:5616:5621	91454	0	True				
ANR	91458	IdentifierDecl	i		91454	0					
ANR	91459	IdentifierDeclType	int		91454	0					
ANR	91460	Identifier	i		91454	1					
ANR	91461	IdentifierDeclStatement	uchar sd_id [ 33 ] ;	266:1:5624:5639	91454	1	True				
ANR	91462	IdentifierDecl	sd_id [ 33 ]		91454	0					
ANR	91463	IdentifierDeclType	uchar [ 33 ]		91454	0					
ANR	91464	Identifier	sd_id		91454	1					
ANR	91465	PrimaryExpression	33		91454	2					
ANR	91466	IdentifierDeclStatement	struct json_object * json = NULL ;	267:1:5642:5673	91454	2	True				
ANR	91467	IdentifierDecl	* json = NULL		91454	0					
ANR	91468	IdentifierDeclType	struct json_object *		91454	0					
ANR	91469	Identifier	json		91454	1					
ANR	91470	AssignmentExpression	* json = NULL		91454	2		=			
ANR	91471	Identifier	NULL		91454	0					
ANR	91472	Identifier	NULL		91454	1					
ANR	91473	ExpressionStatement	DEFiRet	268:1:5676:5683	91454	3	True				
ANR	91474	Identifier	DEFiRet		91454	0					
ANR	91475	ExpressionStatement	i = * curridx	270:1:5688:5700	91454	4	True				
ANR	91476	AssignmentExpression	i = * curridx		91454	0		=			
ANR	91477	Identifier	i		91454	0					
ANR	91478	UnaryOperationExpression	* curridx		91454	1					
ANR	91479	UnaryOperator	*		91454	0					
ANR	91480	Identifier	curridx		91454	1					
ANR	91481	IfStatement	if ( sdbuf [ i ] != '[' )		91454	5					
ANR	91482	Condition	sdbuf [ i ] != '['	271:4:5706:5720	91454	0	True				
ANR	91483	EqualityExpression	sdbuf [ i ] != '['		91454	0		!=			
ANR	91484	ArrayIndexing	sdbuf [ i ]		91454	0					
ANR	91485	Identifier	sdbuf		91454	0					
ANR	91486	Identifier	i		91454	1					
ANR	91487	PrimaryExpression	'['		91454	1					
ANR	91488	CompoundStatement		8:21:109:109	91454	1					
ANR	91489	ExpressionStatement	ABORT_FINALIZE ( RS_RET_STRUC_DATA_INVLD )	272:2:5727:5766	91454	0	True				
ANR	91490	CallExpression	ABORT_FINALIZE ( RS_RET_STRUC_DATA_INVLD )		91454	0					
ANR	91491	Callee	ABORT_FINALIZE		91454	0					
ANR	91492	Identifier	ABORT_FINALIZE		91454	0					
ANR	91493	ArgumentList	RS_RET_STRUC_DATA_INVLD		91454	1					
ANR	91494	Argument	RS_RET_STRUC_DATA_INVLD		91454	0					
ANR	91495	Identifier	RS_RET_STRUC_DATA_INVLD		91454	0					
ANR	91496	ExpressionStatement	++ i	274:1:5772:5775	91454	6	True				
ANR	91497	UnaryExpression	++ i		91454	0					
ANR	91498	IncDec	++		91454	0					
ANR	91499	Identifier	i		91454	1					
ANR	91500	ExpressionStatement	"CHKiRet ( parseSD_NAME ( sdbuf , lenbuf , & i , sd_id ) )"	276:1:5793:5840	91454	7	True				
ANR	91501	CallExpression	"CHKiRet ( parseSD_NAME ( sdbuf , lenbuf , & i , sd_id ) )"		91454	0					
ANR	91502	Callee	CHKiRet		91454	0					
ANR	91503	Identifier	CHKiRet		91454	0					
ANR	91504	ArgumentList	"parseSD_NAME ( sdbuf , lenbuf , & i , sd_id )"		91454	1					
ANR	91505	Argument	"parseSD_NAME ( sdbuf , lenbuf , & i , sd_id )"		91454	0					
ANR	91506	CallExpression	"parseSD_NAME ( sdbuf , lenbuf , & i , sd_id )"		91454	0					
ANR	91507	Callee	parseSD_NAME		91454	0					
ANR	91508	Identifier	parseSD_NAME		91454	0					
ANR	91509	ArgumentList	sdbuf		91454	1					
ANR	91510	Argument	sdbuf		91454	0					
ANR	91511	Identifier	sdbuf		91454	0					
ANR	91512	Argument	lenbuf		91454	1					
ANR	91513	Identifier	lenbuf		91454	0					
ANR	91514	Argument	& i		91454	2					
ANR	91515	UnaryOperationExpression	& i		91454	0					
ANR	91516	UnaryOperator	&		91454	0					
ANR	91517	Identifier	i		91454	1					
ANR	91518	Argument	sd_id		91454	3					
ANR	91519	Identifier	sd_id		91454	0					
ANR	91520	ExpressionStatement	json = json_object_new_object ( )	277:1:5843:5875	91454	8	True				
ANR	91521	AssignmentExpression	json = json_object_new_object ( )		91454	0		=			
ANR	91522	Identifier	json		91454	0					
ANR	91523	CallExpression	json_object_new_object ( )		91454	1					
ANR	91524	Callee	json_object_new_object		91454	0					
ANR	91525	Identifier	json_object_new_object		91454	0					
ANR	91526	ArgumentList			91454	1					
ANR	91527	WhileStatement	while ( i < lenbuf )		91454	9					
ANR	91528	Condition	i < lenbuf	279:7:5885:5894	91454	0	True				
ANR	91529	RelationalExpression	i < lenbuf		91454	0		<			
ANR	91530	Identifier	i		91454	0					
ANR	91531	Identifier	lenbuf		91454	1					
ANR	91532	CompoundStatement		16:19:283:283	91454	1					
ANR	91533	IfStatement	if ( sdbuf [ i ] == ']' )		91454	0					
ANR	91534	Condition	sdbuf [ i ] == ']'	280:5:5904:5918	91454	0	True				
ANR	91535	EqualityExpression	sdbuf [ i ] == ']'		91454	0		==			
ANR	91536	ArrayIndexing	sdbuf [ i ]		91454	0					
ANR	91537	Identifier	sdbuf		91454	0					
ANR	91538	Identifier	i		91454	1					
ANR	91539	PrimaryExpression	']'		91454	1					
ANR	91540	CompoundStatement		17:22:307:307	91454	1					
ANR	91541	BreakStatement	break ;	281:3:5926:5931	91454	0	True				
ANR	91542	ElseStatement	else		91454	0					
ANR	91543	IfStatement	if ( sdbuf [ i ] != ' ' )		91454	0					
ANR	91544	Condition	sdbuf [ i ] != ' '	282:12:5945:5959	91454	0	True				
ANR	91545	EqualityExpression	sdbuf [ i ] != ' '		91454	0		!=			
ANR	91546	ArrayIndexing	sdbuf [ i ]		91454	0					
ANR	91547	Identifier	sdbuf		91454	0					
ANR	91548	Identifier	i		91454	1					
ANR	91549	PrimaryExpression	' '		91454	1					
ANR	91550	CompoundStatement		19:29:348:348	91454	1					
ANR	91551	ExpressionStatement	ABORT_FINALIZE ( RS_RET_STRUC_DATA_INVLD )	283:3:5967:6006	91454	0	True				
ANR	91552	CallExpression	ABORT_FINALIZE ( RS_RET_STRUC_DATA_INVLD )		91454	0					
ANR	91553	Callee	ABORT_FINALIZE		91454	0					
ANR	91554	Identifier	ABORT_FINALIZE		91454	0					
ANR	91555	ArgumentList	RS_RET_STRUC_DATA_INVLD		91454	1					
ANR	91556	Argument	RS_RET_STRUC_DATA_INVLD		91454	0					
ANR	91557	Identifier	RS_RET_STRUC_DATA_INVLD		91454	0					
ANR	91558	ExpressionStatement	++ i	285:2:6014:6017	91454	1	True				
ANR	91559	UnaryExpression	++ i		91454	0					
ANR	91560	IncDec	++		91454	0					
ANR	91561	Identifier	i		91454	1					
ANR	91562	WhileStatement	while ( i < lenbuf && sdbuf [ i ] == ' ' )		91454	2					
ANR	91563	Condition	i < lenbuf && sdbuf [ i ] == ' '	286:8:6027:6055	91454	0	True				
ANR	91564	AndExpression	i < lenbuf && sdbuf [ i ] == ' '		91454	0		&&			
ANR	91565	RelationalExpression	i < lenbuf		91454	0		<			
ANR	91566	Identifier	i		91454	0					
ANR	91567	Identifier	lenbuf		91454	1					
ANR	91568	EqualityExpression	sdbuf [ i ] == ' '		91454	1		==			
ANR	91569	ArrayIndexing	sdbuf [ i ]		91454	0					
ANR	91570	Identifier	sdbuf		91454	0					
ANR	91571	Identifier	i		91454	1					
ANR	91572	PrimaryExpression	' '		91454	1					
ANR	91573	ExpressionStatement	++ i	287:3:6061:6064	91454	1	True				
ANR	91574	UnaryExpression	++ i		91454	0					
ANR	91575	IncDec	++		91454	0					
ANR	91576	Identifier	i		91454	1					
ANR	91577	ExpressionStatement	"CHKiRet ( parseSD_PARAM ( sdbuf , lenbuf , & i , json ) )"	288:2:6068:6115	91454	3	True				
ANR	91578	CallExpression	"CHKiRet ( parseSD_PARAM ( sdbuf , lenbuf , & i , json ) )"		91454	0					
ANR	91579	Callee	CHKiRet		91454	0					
ANR	91580	Identifier	CHKiRet		91454	0					
ANR	91581	ArgumentList	"parseSD_PARAM ( sdbuf , lenbuf , & i , json )"		91454	1					
ANR	91582	Argument	"parseSD_PARAM ( sdbuf , lenbuf , & i , json )"		91454	0					
ANR	91583	CallExpression	"parseSD_PARAM ( sdbuf , lenbuf , & i , json )"		91454	0					
ANR	91584	Callee	parseSD_PARAM		91454	0					
ANR	91585	Identifier	parseSD_PARAM		91454	0					
ANR	91586	ArgumentList	sdbuf		91454	1					
ANR	91587	Argument	sdbuf		91454	0					
ANR	91588	Identifier	sdbuf		91454	0					
ANR	91589	Argument	lenbuf		91454	1					
ANR	91590	Identifier	lenbuf		91454	0					
ANR	91591	Argument	& i		91454	2					
ANR	91592	UnaryOperationExpression	& i		91454	0					
ANR	91593	UnaryOperator	&		91454	0					
ANR	91594	Identifier	i		91454	1					
ANR	91595	Argument	json		91454	3					
ANR	91596	Identifier	json		91454	0					
ANR	91597	IfStatement	if ( sdbuf [ i ] != ']' )		91454	10					
ANR	91598	Condition	sdbuf [ i ] != ']'	291:4:6125:6139	91454	0	True				
ANR	91599	EqualityExpression	sdbuf [ i ] != ']'		91454	0		!=			
ANR	91600	ArrayIndexing	sdbuf [ i ]		91454	0					
ANR	91601	Identifier	sdbuf		91454	0					
ANR	91602	Identifier	i		91454	1					
ANR	91603	PrimaryExpression	']'		91454	1					
ANR	91604	CompoundStatement		28:21:528:528	91454	1					
ANR	91605	Statement	DBGPRINTF	292:2:6146:6154	91454	0	True				
ANR	91606	Statement	(	292:11:6155:6155	91454	1	True				
ANR	91607	Statement	"""mmpstrucdata: SD-ELEMENT does not terminate with """	292:12:6156:6206	91454	2	True				
ANR	91608	Statement	"""']': '%s'\\n"""	293:12:6220:6232	91454	3	True				
ANR	91609	Statement	","	293:25:6233:6233	91454	4	True				
ANR	91610	Statement	sdbuf	293:27:6235:6239	91454	5	True				
ANR	91611	Statement	+	293:32:6240:6240	91454	6	True				
ANR	91612	Statement	i	293:33:6241:6241	91454	7	True				
ANR	91613	Statement	)	293:34:6242:6242	91454	8	True				
ANR	91614	ExpressionStatement		293:35:6243:6243	91454	9	True				
ANR	91615	ExpressionStatement	ABORT_FINALIZE ( RS_RET_STRUC_DATA_INVLD )	294:2:6247:6286	91454	10	True				
ANR	91616	CallExpression	ABORT_FINALIZE ( RS_RET_STRUC_DATA_INVLD )		91454	0					
ANR	91617	Callee	ABORT_FINALIZE		91454	0					
ANR	91618	Identifier	ABORT_FINALIZE		91454	0					
ANR	91619	ArgumentList	RS_RET_STRUC_DATA_INVLD		91454	1					
ANR	91620	Argument	RS_RET_STRUC_DATA_INVLD		91454	0					
ANR	91621	Identifier	RS_RET_STRUC_DATA_INVLD		91454	0					
ANR	91622	ExpressionStatement	++ i	296:1:6292:6295	91454	11	True				
ANR	91623	UnaryExpression	++ i		91454	0					
ANR	91624	IncDec	++		91454	0					
ANR	91625	Identifier	i		91454	1					
ANR	91626	ExpressionStatement	* curridx = i	297:1:6312:6324	91454	12	True				
ANR	91627	AssignmentExpression	* curridx = i		91454	0		=			
ANR	91628	UnaryOperationExpression	* curridx		91454	0					
ANR	91629	UnaryOperator	*		91454	0					
ANR	91630	Identifier	curridx		91454	1					
ANR	91631	Identifier	i		91454	1					
ANR	91632	ExpressionStatement	"json_object_object_add ( jroot , ( char * ) sd_id , json )"	298:1:6327:6376	91454	13	True				
ANR	91633	CallExpression	"json_object_object_add ( jroot , ( char * ) sd_id , json )"		91454	0					
ANR	91634	Callee	json_object_object_add		91454	0					
ANR	91635	Identifier	json_object_object_add		91454	0					
ANR	91636	ArgumentList	jroot		91454	1					
ANR	91637	Argument	jroot		91454	0					
ANR	91638	Identifier	jroot		91454	0					
ANR	91639	Argument	( char * ) sd_id		91454	1					
ANR	91640	CastExpression	( char * ) sd_id		91454	0					
ANR	91641	CastTarget	char *		91454	0					
ANR	91642	Identifier	sd_id		91454	1					
ANR	91643	Argument	json		91454	2					
ANR	91644	Identifier	json		91454	0					
ANR	91645	Label	finalize_it :	299:0:6378:6389	91454	14	True				
ANR	91646	Identifier	finalize_it		91454	0					
ANR	91647	IfStatement	if ( iRet != RS_RET_OK && json != NULL )		91454	15					
ANR	91648	Condition	iRet != RS_RET_OK && json != NULL	300:4:6395:6427	91454	0	True				
ANR	91649	AndExpression	iRet != RS_RET_OK && json != NULL		91454	0		&&			
ANR	91650	EqualityExpression	iRet != RS_RET_OK		91454	0		!=			
ANR	91651	Identifier	iRet		91454	0					
ANR	91652	Identifier	RS_RET_OK		91454	1					
ANR	91653	EqualityExpression	json != NULL		91454	1		!=			
ANR	91654	Identifier	json		91454	0					
ANR	91655	Identifier	NULL		91454	1					
ANR	91656	ExpressionStatement	json_object_put ( json )	301:2:6432:6453	91454	1	True				
ANR	91657	CallExpression	json_object_put ( json )		91454	0					
ANR	91658	Callee	json_object_put		91454	0					
ANR	91659	Identifier	json_object_put		91454	0					
ANR	91660	ArgumentList	json		91454	1					
ANR	91661	Argument	json		91454	0					
ANR	91662	Identifier	json		91454	0					
ANR	91663	ExpressionStatement	RETiRet	302:1:6456:6463	91454	16	True				
ANR	91664	Identifier	RETiRet		91454	0					
ANR	91665	ReturnType	static rsRetVal		91454	1					
ANR	91666	Identifier	parseSD_ELEMENT		91454	2					
ANR	91667	ParameterList	"uchar * sdbuf , int lenbuf , int * curridx , struct json_object * jroot"		91454	3					
ANR	91668	Parameter	uchar * sdbuf	263:16:5546:5557	91454	0	True				
ANR	91669	ParameterType	uchar *		91454	0					
ANR	91670	Identifier	sdbuf		91454	1					
ANR	91671	Parameter	int lenbuf	263:30:5560:5569	91454	1	True				
ANR	91672	ParameterType	int		91454	0					
ANR	91673	Identifier	lenbuf		91454	1					
ANR	91674	Parameter	int * curridx	263:42:5572:5583	91454	2	True				
ANR	91675	ParameterType	int *		91454	0					
ANR	91676	Identifier	curridx		91454	1					
ANR	91677	Parameter	struct json_object * jroot	263:56:5586:5610	91454	3	True				
ANR	91678	ParameterType	struct json_object *		91454	0					
ANR	91679	Identifier	jroot		91454	1					
ANR	91680	CFGEntryNode	ENTRY		91454		True				
ANR	91681	CFGExitNode	EXIT		91454		True				
ANR	91682	Symbol	curridx		91454						
ANR	91683	Symbol	sdbuf		91454						
ANR	91684	Symbol	json_object_new_object		91454						
ANR	91685	Symbol	NULL		91454						
ANR	91686	Symbol	RS_RET_OK		91454						
ANR	91687	Symbol	jroot		91454						
ANR	91688	Symbol	* sdbuf		91454						
ANR	91689	Symbol	iRet		91454						
ANR	91690	Symbol	i		91454						
ANR	91691	Symbol	sd_id		91454						
ANR	91692	Symbol	RS_RET_STRUC_DATA_INVLD		91454						
ANR	91693	Symbol	& i		91454						
ANR	91694	Symbol	lenbuf		91454						
ANR	91695	Symbol	parseSD_NAME		91454						
ANR	91696	Symbol	parseSD_PARAM		91454						
ANR	91697	Symbol	* i		91454						
ANR	91698	Symbol	json		91454						
ANR	91699	Symbol	* curridx		91454						
ANR	91700	Function	parse_sd	305:0:6468:7106							
ANR	91701	FunctionDef	"parse_sd (instanceData * pData , smsg_t * pMsg)"		91700	0					
ANR	91702	CompoundStatement		307:0:6528:7106	91700	0					
ANR	91703	IdentifierDeclStatement	"struct json_object * json , * jroot ;"	308:1:6531:6563	91700	0	True				
ANR	91704	IdentifierDecl	* json		91700	0					
ANR	91705	IdentifierDeclType	struct json_object *		91700	0					
ANR	91706	Identifier	json		91700	1					
ANR	91707	IdentifierDecl	* jroot		91700	1					
ANR	91708	IdentifierDeclType	struct json_object *		91700	0					
ANR	91709	Identifier	jroot		91700	1					
ANR	91710	IdentifierDeclStatement	uchar * sdbuf ;	309:1:6566:6578	91700	1	True				
ANR	91711	IdentifierDecl	* sdbuf		91700	0					
ANR	91712	IdentifierDeclType	uchar *		91700	0					
ANR	91713	Identifier	sdbuf		91700	1					
ANR	91714	IdentifierDeclStatement	int lenbuf ;	310:1:6581:6591	91700	2	True				
ANR	91715	IdentifierDecl	lenbuf		91700	0					
ANR	91716	IdentifierDeclType	int		91700	0					
ANR	91717	Identifier	lenbuf		91700	1					
ANR	91718	IdentifierDeclStatement	int i = 0 ;	311:1:6594:6603	91700	3	True				
ANR	91719	IdentifierDecl	i = 0		91700	0					
ANR	91720	IdentifierDeclType	int		91700	0					
ANR	91721	Identifier	i		91700	1					
ANR	91722	AssignmentExpression	i = 0		91700	2		=			
ANR	91723	Identifier	i		91700	0					
ANR	91724	PrimaryExpression	0		91700	1					
ANR	91725	ExpressionStatement	DEFiRet	312:1:6606:6613	91700	4	True				
ANR	91726	Identifier	DEFiRet		91700	0					
ANR	91727	ExpressionStatement	json = json_object_new_object ( )	314:1:6617:6649	91700	5	True				
ANR	91728	AssignmentExpression	json = json_object_new_object ( )		91700	0		=			
ANR	91729	Identifier	json		91700	0					
ANR	91730	CallExpression	json_object_new_object ( )		91700	1					
ANR	91731	Callee	json_object_new_object		91700	0					
ANR	91732	Identifier	json_object_new_object		91700	0					
ANR	91733	ArgumentList			91700	1					
ANR	91734	IfStatement	if ( json == NULL )		91700	6					
ANR	91735	Condition	json == NULL	315:4:6655:6666	91700	0	True				
ANR	91736	EqualityExpression	json == NULL		91700	0		==			
ANR	91737	Identifier	json		91700	0					
ANR	91738	Identifier	NULL		91700	1					
ANR	91739	CompoundStatement		9:18:140:140	91700	1					
ANR	91740	ExpressionStatement	ABORT_FINALIZE ( RS_RET_ERR )	316:2:6673:6699	91700	0	True				
ANR	91741	CallExpression	ABORT_FINALIZE ( RS_RET_ERR )		91700	0					
ANR	91742	Callee	ABORT_FINALIZE		91700	0					
ANR	91743	Identifier	ABORT_FINALIZE		91700	0					
ANR	91744	ArgumentList	RS_RET_ERR		91700	1					
ANR	91745	Argument	RS_RET_ERR		91700	0					
ANR	91746	Identifier	RS_RET_ERR		91700	0					
ANR	91747	ExpressionStatement	"MsgGetStructuredData ( pMsg , & sdbuf , & lenbuf )"	318:1:6705:6747	91700	7	True				
ANR	91748	CallExpression	"MsgGetStructuredData ( pMsg , & sdbuf , & lenbuf )"		91700	0					
ANR	91749	Callee	MsgGetStructuredData		91700	0					
ANR	91750	Identifier	MsgGetStructuredData		91700	0					
ANR	91751	ArgumentList	pMsg		91700	1					
ANR	91752	Argument	pMsg		91700	0					
ANR	91753	Identifier	pMsg		91700	0					
ANR	91754	Argument	& sdbuf		91700	1					
ANR	91755	UnaryOperationExpression	& sdbuf		91700	0					
ANR	91756	UnaryOperator	&		91700	0					
ANR	91757	Identifier	sdbuf		91700	1					
ANR	91758	Argument	& lenbuf		91700	2					
ANR	91759	UnaryOperationExpression	& lenbuf		91700	0					
ANR	91760	UnaryOperator	&		91700	0					
ANR	91761	Identifier	lenbuf		91700	1					
ANR	91762	WhileStatement	while ( i < lenbuf )		91700	8					
ANR	91763	Condition	i < lenbuf	319:7:6756:6765	91700	0	True				
ANR	91764	RelationalExpression	i < lenbuf		91700	0		<			
ANR	91765	Identifier	i		91700	0					
ANR	91766	Identifier	lenbuf		91700	1					
ANR	91767	CompoundStatement		13:19:239:239	91700	1					
ANR	91768	ExpressionStatement	"CHKiRet ( parseSD_ELEMENT ( sdbuf , lenbuf , & i , json ) )"	320:2:6772:6821	91700	0	True				
ANR	91769	CallExpression	"CHKiRet ( parseSD_ELEMENT ( sdbuf , lenbuf , & i , json ) )"		91700	0					
ANR	91770	Callee	CHKiRet		91700	0					
ANR	91771	Identifier	CHKiRet		91700	0					
ANR	91772	ArgumentList	"parseSD_ELEMENT ( sdbuf , lenbuf , & i , json )"		91700	1					
ANR	91773	Argument	"parseSD_ELEMENT ( sdbuf , lenbuf , & i , json )"		91700	0					
ANR	91774	CallExpression	"parseSD_ELEMENT ( sdbuf , lenbuf , & i , json )"		91700	0					
ANR	91775	Callee	parseSD_ELEMENT		91700	0					
ANR	91776	Identifier	parseSD_ELEMENT		91700	0					
ANR	91777	ArgumentList	sdbuf		91700	1					
ANR	91778	Argument	sdbuf		91700	0					
ANR	91779	Identifier	sdbuf		91700	0					
ANR	91780	Argument	lenbuf		91700	1					
ANR	91781	Identifier	lenbuf		91700	0					
ANR	91782	Argument	& i		91700	2					
ANR	91783	UnaryOperationExpression	& i		91700	0					
ANR	91784	UnaryOperator	&		91700	0					
ANR	91785	Identifier	i		91700	1					
ANR	91786	Argument	json		91700	3					
ANR	91787	Identifier	json		91700	0					
ANR	91788	ExpressionStatement	jroot = json_object_new_object ( )	323:1:6828:6861	91700	9	True				
ANR	91789	AssignmentExpression	jroot = json_object_new_object ( )		91700	0		=			
ANR	91790	Identifier	jroot		91700	0					
ANR	91791	CallExpression	json_object_new_object ( )		91700	1					
ANR	91792	Callee	json_object_new_object		91700	0					
ANR	91793	Identifier	json_object_new_object		91700	0					
ANR	91794	ArgumentList			91700	1					
ANR	91795	IfStatement	if ( jroot == NULL )		91700	10					
ANR	91796	Condition	jroot == NULL	324:4:6867:6879	91700	0	True				
ANR	91797	EqualityExpression	jroot == NULL		91700	0		==			
ANR	91798	Identifier	jroot		91700	0					
ANR	91799	Identifier	NULL		91700	1					
ANR	91800	CompoundStatement		18:19:353:353	91700	1					
ANR	91801	ExpressionStatement	ABORT_FINALIZE ( RS_RET_ERR )	325:2:6886:6912	91700	0	True				
ANR	91802	CallExpression	ABORT_FINALIZE ( RS_RET_ERR )		91700	0					
ANR	91803	Callee	ABORT_FINALIZE		91700	0					
ANR	91804	Identifier	ABORT_FINALIZE		91700	0					
ANR	91805	ArgumentList	RS_RET_ERR		91700	1					
ANR	91806	Argument	RS_RET_ERR		91700	0					
ANR	91807	Identifier	RS_RET_ERR		91700	0					
ANR	91808	ExpressionStatement	"json_object_object_add ( jroot , ""rfc5424-sd"" , json )"	327:1:6918:6967	91700	11	True				
ANR	91809	CallExpression	"json_object_object_add ( jroot , ""rfc5424-sd"" , json )"		91700	0					
ANR	91810	Callee	json_object_object_add		91700	0					
ANR	91811	Identifier	json_object_object_add		91700	0					
ANR	91812	ArgumentList	jroot		91700	1					
ANR	91813	Argument	jroot		91700	0					
ANR	91814	Identifier	jroot		91700	0					
ANR	91815	Argument	"""rfc5424-sd"""		91700	1					
ANR	91816	PrimaryExpression	"""rfc5424-sd"""		91700	0					
ANR	91817	Argument	json		91700	2					
ANR	91818	Identifier	json		91700	0					
ANR	91819	ExpressionStatement	"msgAddJSON ( pMsg , pData -> jsonRoot , jroot , 0 , 0 )"	328:2:6971:7017	91700	12	True				
ANR	91820	CallExpression	"msgAddJSON ( pMsg , pData -> jsonRoot , jroot , 0 , 0 )"		91700	0					
ANR	91821	Callee	msgAddJSON		91700	0					
ANR	91822	Identifier	msgAddJSON		91700	0					
ANR	91823	ArgumentList	pMsg		91700	1					
ANR	91824	Argument	pMsg		91700	0					
ANR	91825	Identifier	pMsg		91700	0					
ANR	91826	Argument	pData -> jsonRoot		91700	1					
ANR	91827	PtrMemberAccess	pData -> jsonRoot		91700	0					
ANR	91828	Identifier	pData		91700	0					
ANR	91829	Identifier	jsonRoot		91700	1					
ANR	91830	Argument	jroot		91700	2					
ANR	91831	Identifier	jroot		91700	0					
ANR	91832	Argument	0		91700	3					
ANR	91833	PrimaryExpression	0		91700	0					
ANR	91834	Argument	0		91700	4					
ANR	91835	PrimaryExpression	0		91700	0					
ANR	91836	Label	finalize_it :	329:0:7019:7030	91700	13	True				
ANR	91837	Identifier	finalize_it		91700	0					
ANR	91838	IfStatement	if ( iRet != RS_RET_OK && json != NULL )		91700	14					
ANR	91839	Condition	iRet != RS_RET_OK && json != NULL	330:4:7036:7068	91700	0	True				
ANR	91840	AndExpression	iRet != RS_RET_OK && json != NULL		91700	0		&&			
ANR	91841	EqualityExpression	iRet != RS_RET_OK		91700	0		!=			
ANR	91842	Identifier	iRet		91700	0					
ANR	91843	Identifier	RS_RET_OK		91700	1					
ANR	91844	EqualityExpression	json != NULL		91700	1		!=			
ANR	91845	Identifier	json		91700	0					
ANR	91846	Identifier	NULL		91700	1					
ANR	91847	ExpressionStatement	json_object_put ( json )	331:2:7073:7094	91700	1	True				
ANR	91848	CallExpression	json_object_put ( json )		91700	0					
ANR	91849	Callee	json_object_put		91700	0					
ANR	91850	Identifier	json_object_put		91700	0					
ANR	91851	ArgumentList	json		91700	1					
ANR	91852	Argument	json		91700	0					
ANR	91853	Identifier	json		91700	0					
ANR	91854	ExpressionStatement	RETiRet	332:1:7097:7104	91700	15	True				
ANR	91855	Identifier	RETiRet		91700	0					
ANR	91856	ReturnType	static rsRetVal		91700	1					
ANR	91857	Identifier	parse_sd		91700	2					
ANR	91858	ParameterList	"instanceData * pData , smsg_t * pMsg"		91700	3					
ANR	91859	Parameter	instanceData * pData	306:9:6493:6511	91700	0	True				
ANR	91860	ParameterType	instanceData *		91700	0					
ANR	91861	Identifier	pData		91700	1					
ANR	91862	Parameter	smsg_t * pMsg	306:30:6514:6525	91700	1	True				
ANR	91863	ParameterType	smsg_t *		91700	0					
ANR	91864	Identifier	pMsg		91700	1					
ANR	91865	CFGEntryNode	ENTRY		91700		True				
ANR	91866	CFGExitNode	EXIT		91700		True				
ANR	91867	Symbol	sdbuf		91700						
ANR	91868	Symbol	json_object_new_object		91700						
ANR	91869	Symbol	NULL		91700						
ANR	91870	Symbol	& sdbuf		91700						
ANR	91871	Symbol	pMsg		91700						
ANR	91872	Symbol	parseSD_ELEMENT		91700						
ANR	91873	Symbol	RS_RET_ERR		91700						
ANR	91874	Symbol	RS_RET_OK		91700						
ANR	91875	Symbol	jroot		91700						
ANR	91876	Symbol	iRet		91700						
ANR	91877	Symbol	i		91700						
ANR	91878	Symbol	pData -> jsonRoot		91700						
ANR	91879	Symbol	& i		91700						
ANR	91880	Symbol	* pData		91700						
ANR	91881	Symbol	pData		91700						
ANR	91882	Symbol	lenbuf		91700						
ANR	91883	Symbol	json		91700						
ANR	91884	Symbol	& lenbuf		91700						
ANR	91885	DeclStmt									
ANR	91886	Decl							BEGINdoAction_NoStrings smsg_t	BEGINdoAction_NoStrings smsg_t * *	ppMsg
ANR	91887	DeclStmt									
ANR	91888	Decl							smsg_t	smsg_t *	pMsg
ANR	91889	DeclStmt									
ANR	91890	Decl							CODESTARTdoAction	CODESTARTdoAction	DBGPRINTF
ANR	91891	DeclStmt									
ANR	91892	Decl							CODE_STD_FINALIZERparseSelectorAct ENDparseSelectorAct BEGINmodExit CODESTARTmodExit	"CODE_STD_FINALIZERparseSelectorAct ENDparseSelectorAct BEGINmodExit CODESTARTmodExit ( errmsg , CORE_COMPONENT )"	objRelease
ANR	91893	DeclStmt									
ANR	91894	Decl							CODESTARTmodInit	CODESTARTmodInit *	ipIFVersProvided
ANR	91895	DeclStmt									
ANR	91896	Decl							CODEmodInit_QueryRegCFSLineHdlr	CODEmodInit_QueryRegCFSLineHdlr	DBGPRINTF
