start	end	type	var
499535	499536	IS_AST_PARENT	
499535	499537	IS_AST_PARENT	
499534	499535	IS_AST_PARENT	
499538	499539	IS_AST_PARENT	
499538	499540	IS_AST_PARENT	
499534	499538	IS_AST_PARENT	
499533	499534	IS_AST_PARENT	
499542	499543	IS_AST_PARENT	
499542	499544	IS_AST_PARENT	
499541	499542	IS_AST_PARENT	
499533	499541	IS_AST_PARENT	
499546	499547	IS_AST_PARENT	
499546	499548	IS_AST_PARENT	
499545	499546	IS_AST_PARENT	
499533	499545	IS_AST_PARENT	
499550	499551	IS_AST_PARENT	
499550	499552	IS_AST_PARENT	
499549	499550	IS_AST_PARENT	
499533	499549	IS_AST_PARENT	
499554	499555	IS_AST_PARENT	
499554	499556	IS_AST_PARENT	
499553	499554	IS_AST_PARENT	
499533	499553	IS_AST_PARENT	
499558	499559	IS_AST_PARENT	
499558	499560	IS_AST_PARENT	
499557	499558	IS_AST_PARENT	
499533	499557	IS_AST_PARENT	
499564	499565	IS_AST_PARENT	
499564	499566	IS_AST_PARENT	
499563	499564	IS_AST_PARENT	
499563	499567	IS_AST_PARENT	
499562	499563	IS_AST_PARENT	
499561	499562	IS_AST_PARENT	
499570	499571	IS_AST_PARENT	
499569	499570	IS_AST_PARENT	
499573	499574	IS_AST_PARENT	
499572	499573	IS_AST_PARENT	
499569	499572	IS_AST_PARENT	
499568	499569	IS_AST_PARENT	
499561	499568	IS_AST_PARENT	
499533	499561	IS_AST_PARENT	
499576	499577	IS_AST_PARENT	
499579	499580	IS_AST_PARENT	
499578	499579	IS_AST_PARENT	
499582	499583	IS_AST_PARENT	
499581	499582	IS_AST_PARENT	
499578	499581	IS_AST_PARENT	
499576	499578	IS_AST_PARENT	
499575	499576	IS_AST_PARENT	
499533	499575	IS_AST_PARENT	
499587	499588	IS_AST_PARENT	
499587	499589	IS_AST_PARENT	
499586	499587	IS_AST_PARENT	
499592	499593	IS_AST_PARENT	
499592	499594	IS_AST_PARENT	
499591	499592	IS_AST_PARENT	
499591	499595	IS_AST_PARENT	
499590	499591	IS_AST_PARENT	
499598	499599	IS_AST_PARENT	
499598	499600	IS_AST_PARENT	
499597	499598	IS_AST_PARENT	
499597	499601	IS_AST_PARENT	
499596	499597	IS_AST_PARENT	
499596	499602	IS_AST_PARENT	
499590	499596	IS_AST_PARENT	
499586	499590	IS_AST_PARENT	
499585	499586	IS_AST_PARENT	
499584	499585	IS_AST_PARENT	
499605	499606	IS_AST_PARENT	
499604	499605	IS_AST_PARENT	
499608	499609	IS_AST_PARENT	
499607	499608	IS_AST_PARENT	
499604	499607	IS_AST_PARENT	
499603	499604	IS_AST_PARENT	
499584	499603	IS_AST_PARENT	
499533	499584	IS_AST_PARENT	
499612	499613	IS_AST_PARENT	
499612	499614	IS_AST_PARENT	
499611	499612	IS_AST_PARENT	
499610	499611	IS_AST_PARENT	
499618	499619	IS_AST_PARENT	
499617	499618	IS_AST_PARENT	
499621	499622	IS_AST_PARENT	
499620	499621	IS_AST_PARENT	
499617	499620	IS_AST_PARENT	
499616	499617	IS_AST_PARENT	
499615	499616	IS_AST_PARENT	
499625	499626	IS_AST_PARENT	
499625	499627	IS_AST_PARENT	
499624	499625	IS_AST_PARENT	
499629	499630	IS_AST_PARENT	
499628	499629	IS_AST_PARENT	
499634	499635	IS_AST_PARENT	
499633	499634	IS_AST_PARENT	
499637	499638	IS_AST_PARENT	
499636	499637	IS_AST_PARENT	
499633	499636	IS_AST_PARENT	
499632	499633	IS_AST_PARENT	
499631	499632	IS_AST_PARENT	
499628	499631	IS_AST_PARENT	
499624	499628	IS_AST_PARENT	
499623	499624	IS_AST_PARENT	
499615	499623	IS_AST_PARENT	
499615	499639	IS_AST_PARENT	
499610	499615	IS_AST_PARENT	
499533	499610	IS_AST_PARENT	
499642	499643	IS_AST_PARENT	
499642	499644	IS_AST_PARENT	
499641	499642	IS_AST_PARENT	
499640	499641	IS_AST_PARENT	
499647	499648	IS_AST_PARENT	
499647	499649	IS_AST_PARENT	
499646	499647	IS_AST_PARENT	
499645	499646	IS_AST_PARENT	
499651	499652	IS_AST_PARENT	
499653	499654	IS_AST_PARENT	
499653	499655	IS_AST_PARENT	
499651	499653	IS_AST_PARENT	
499650	499651	IS_AST_PARENT	
499645	499650	IS_AST_PARENT	
499657	499658	IS_AST_PARENT	
499657	499659	IS_AST_PARENT	
499656	499657	IS_AST_PARENT	
499645	499656	IS_AST_PARENT	
499640	499645	IS_AST_PARENT	
499663	499664	IS_AST_PARENT	
499663	499665	IS_AST_PARENT	
499662	499663	IS_AST_PARENT	
499661	499662	IS_AST_PARENT	
499667	499668	IS_AST_PARENT	
499670	499671	IS_AST_PARENT	
499669	499670	IS_AST_PARENT	
499675	499676	IS_AST_PARENT	
499675	499677	IS_AST_PARENT	
499674	499675	IS_AST_PARENT	
499674	499678	IS_AST_PARENT	
499673	499674	IS_AST_PARENT	
499672	499673	IS_AST_PARENT	
499681	499682	IS_AST_PARENT	
499680	499681	IS_AST_PARENT	
499684	499685	IS_AST_PARENT	
499683	499684	IS_AST_PARENT	
499687	499688	IS_AST_PARENT	
499687	499689	IS_AST_PARENT	
499686	499687	IS_AST_PARENT	
499683	499686	IS_AST_PARENT	
499680	499683	IS_AST_PARENT	
499679	499680	IS_AST_PARENT	
499672	499679	IS_AST_PARENT	
499669	499672	IS_AST_PARENT	
499667	499669	IS_AST_PARENT	
499666	499667	IS_AST_PARENT	
499661	499666	IS_AST_PARENT	
499660	499661	IS_AST_PARENT	
499640	499660	IS_AST_PARENT	
499533	499640	IS_AST_PARENT	
499691	499692	IS_AST_PARENT	
499694	499695	IS_AST_PARENT	
499693	499694	IS_AST_PARENT	
499697	499698	IS_AST_PARENT	
499696	499697	IS_AST_PARENT	
499693	499696	IS_AST_PARENT	
499691	499693	IS_AST_PARENT	
499690	499691	IS_AST_PARENT	
499533	499690	IS_AST_PARENT	
499700	499701	IS_AST_PARENT	
499702	499703	IS_AST_PARENT	
499702	499704	IS_AST_PARENT	
499700	499702	IS_AST_PARENT	
499699	499700	IS_AST_PARENT	
499533	499699	IS_AST_PARENT	
499708	499709	IS_AST_PARENT	
499708	499710	IS_AST_PARENT	
499707	499708	IS_AST_PARENT	
499707	499711	IS_AST_PARENT	
499706	499707	IS_AST_PARENT	
499705	499706	IS_AST_PARENT	
499714	499715	IS_AST_PARENT	
499716	499717	IS_AST_PARENT	
499716	499718	IS_AST_PARENT	
499714	499716	IS_AST_PARENT	
499713	499714	IS_AST_PARENT	
499712	499713	IS_AST_PARENT	
499721	499722	IS_AST_PARENT	
499720	499721	IS_AST_PARENT	
499724	499725	IS_AST_PARENT	
499723	499724	IS_AST_PARENT	
499726	499727	IS_AST_PARENT	
499723	499726	IS_AST_PARENT	
499729	499730	IS_AST_PARENT	
499729	499731	IS_AST_PARENT	
499728	499729	IS_AST_PARENT	
499723	499728	IS_AST_PARENT	
499732	499733	IS_AST_PARENT	
499723	499732	IS_AST_PARENT	
499720	499723	IS_AST_PARENT	
499719	499720	IS_AST_PARENT	
499712	499719	IS_AST_PARENT	
499735	499736	IS_AST_PARENT	
499737	499738	IS_AST_PARENT	
499737	499739	IS_AST_PARENT	
499735	499737	IS_AST_PARENT	
499734	499735	IS_AST_PARENT	
499712	499734	IS_AST_PARENT	
499705	499712	IS_AST_PARENT	
499533	499705	IS_AST_PARENT	
499741	499742	IS_AST_PARENT	
499744	499745	IS_AST_PARENT	
499743	499744	IS_AST_PARENT	
499747	499748	IS_AST_PARENT	
499746	499747	IS_AST_PARENT	
499743	499746	IS_AST_PARENT	
499741	499743	IS_AST_PARENT	
499740	499741	IS_AST_PARENT	
499533	499740	IS_AST_PARENT	
499750	499751	IS_AST_PARENT	
499750	499752	IS_AST_PARENT	
499749	499750	IS_AST_PARENT	
499533	499749	IS_AST_PARENT	
499754	499755	IS_AST_PARENT	
499756	499757	IS_AST_PARENT	
499756	499758	IS_AST_PARENT	
499754	499756	IS_AST_PARENT	
499753	499754	IS_AST_PARENT	
499533	499753	IS_AST_PARENT	
499761	499762	IS_AST_PARENT	
499761	499763	IS_AST_PARENT	
499760	499761	IS_AST_PARENT	
499759	499760	IS_AST_PARENT	
499766	499767	IS_AST_PARENT	
499768	499769	IS_AST_PARENT	
499768	499770	IS_AST_PARENT	
499766	499768	IS_AST_PARENT	
499765	499766	IS_AST_PARENT	
499764	499765	IS_AST_PARENT	
499773	499774	IS_AST_PARENT	
499772	499773	IS_AST_PARENT	
499776	499777	IS_AST_PARENT	
499775	499776	IS_AST_PARENT	
499778	499779	IS_AST_PARENT	
499775	499778	IS_AST_PARENT	
499781	499782	IS_AST_PARENT	
499781	499783	IS_AST_PARENT	
499780	499781	IS_AST_PARENT	
499775	499780	IS_AST_PARENT	
499784	499785	IS_AST_PARENT	
499775	499784	IS_AST_PARENT	
499772	499775	IS_AST_PARENT	
499771	499772	IS_AST_PARENT	
499764	499771	IS_AST_PARENT	
499789	499790	IS_AST_PARENT	
499789	499791	IS_AST_PARENT	
499788	499789	IS_AST_PARENT	
499788	499792	IS_AST_PARENT	
499787	499788	IS_AST_PARENT	
499786	499787	IS_AST_PARENT	
499795	499796	IS_AST_PARENT	
499797	499798	IS_AST_PARENT	
499797	499799	IS_AST_PARENT	
499795	499797	IS_AST_PARENT	
499794	499795	IS_AST_PARENT	
499793	499794	IS_AST_PARENT	
499802	499803	IS_AST_PARENT	
499801	499802	IS_AST_PARENT	
499805	499806	IS_AST_PARENT	
499804	499805	IS_AST_PARENT	
499807	499808	IS_AST_PARENT	
499804	499807	IS_AST_PARENT	
499810	499811	IS_AST_PARENT	
499810	499812	IS_AST_PARENT	
499809	499810	IS_AST_PARENT	
499804	499809	IS_AST_PARENT	
499813	499814	IS_AST_PARENT	
499804	499813	IS_AST_PARENT	
499801	499804	IS_AST_PARENT	
499800	499801	IS_AST_PARENT	
499793	499800	IS_AST_PARENT	
499786	499793	IS_AST_PARENT	
499764	499786	IS_AST_PARENT	
499816	499817	IS_AST_PARENT	
499818	499819	IS_AST_PARENT	
499818	499820	IS_AST_PARENT	
499816	499818	IS_AST_PARENT	
499815	499816	IS_AST_PARENT	
499764	499815	IS_AST_PARENT	
499759	499764	IS_AST_PARENT	
499533	499759	IS_AST_PARENT	
499822	499823	IS_AST_PARENT	
499821	499822	IS_AST_PARENT	
499827	499828	IS_AST_PARENT	
499826	499827	IS_AST_PARENT	
499832	499833	IS_AST_PARENT	
499831	499832	IS_AST_PARENT	
499835	499836	IS_AST_PARENT	
499834	499835	IS_AST_PARENT	
499831	499834	IS_AST_PARENT	
499830	499831	IS_AST_PARENT	
499829	499830	IS_AST_PARENT	
499837	499838	IS_AST_PARENT	
499829	499837	IS_AST_PARENT	
499839	499840	IS_AST_PARENT	
499829	499839	IS_AST_PARENT	
499841	499842	IS_AST_PARENT	
499829	499841	IS_AST_PARENT	
499826	499829	IS_AST_PARENT	
499825	499826	IS_AST_PARENT	
499824	499825	IS_AST_PARENT	
499845	499846	IS_AST_PARENT	
499844	499845	IS_AST_PARENT	
499849	499850	IS_AST_PARENT	
499849	499851	IS_AST_PARENT	
499848	499849	IS_AST_PARENT	
499847	499848	IS_AST_PARENT	
499844	499847	IS_AST_PARENT	
499843	499844	IS_AST_PARENT	
499824	499843	IS_AST_PARENT	
499821	499824	IS_AST_PARENT	
499856	499857	IS_AST_PARENT	
499855	499856	IS_AST_PARENT	
499859	499860	IS_AST_PARENT	
499858	499859	IS_AST_PARENT	
499855	499858	IS_AST_PARENT	
499854	499855	IS_AST_PARENT	
499853	499854	IS_AST_PARENT	
499863	499864	IS_AST_PARENT	
499863	499865	IS_AST_PARENT	
499862	499863	IS_AST_PARENT	
499862	499866	IS_AST_PARENT	
499861	499862	IS_AST_PARENT	
499853	499861	IS_AST_PARENT	
499871	499872	IS_AST_PARENT	
499871	499873	IS_AST_PARENT	
499870	499871	IS_AST_PARENT	
499870	499874	IS_AST_PARENT	
499869	499870	IS_AST_PARENT	
499869	499875	IS_AST_PARENT	
499868	499869	IS_AST_PARENT	
499867	499868	IS_AST_PARENT	
499879	499880	IS_AST_PARENT	
499879	499881	IS_AST_PARENT	
499878	499879	IS_AST_PARENT	
499878	499882	IS_AST_PARENT	
499877	499878	IS_AST_PARENT	
499877	499883	IS_AST_PARENT	
499876	499877	IS_AST_PARENT	
499867	499876	IS_AST_PARENT	
499853	499867	IS_AST_PARENT	
499852	499853	IS_AST_PARENT	
499821	499852	IS_AST_PARENT	
499533	499821	IS_AST_PARENT	
499886	499887	IS_AST_PARENT	
499885	499886	IS_AST_PARENT	
499890	499891	IS_AST_PARENT	
499890	499892	IS_AST_PARENT	
499889	499890	IS_AST_PARENT	
499888	499889	IS_AST_PARENT	
499885	499888	IS_AST_PARENT	
499884	499885	IS_AST_PARENT	
499533	499884	IS_AST_PARENT	
499532	499533	IS_AST_PARENT	
499532	499893	IS_AST_PARENT	
499532	499894	IS_AST_PARENT	
499896	499897	IS_AST_PARENT	
499896	499898	IS_AST_PARENT	
499895	499896	IS_AST_PARENT	
499899	499900	IS_AST_PARENT	
499899	499901	IS_AST_PARENT	
499895	499899	IS_AST_PARENT	
499902	499903	IS_AST_PARENT	
499902	499904	IS_AST_PARENT	
499895	499902	IS_AST_PARENT	
499905	499906	IS_AST_PARENT	
499905	499907	IS_AST_PARENT	
499895	499905	IS_AST_PARENT	
499532	499895	IS_AST_PARENT	
499908	499896	FLOWS_TO	
499896	499899	FLOWS_TO	
499899	499902	FLOWS_TO	
499902	499905	FLOWS_TO	
499905	499534	FLOWS_TO	
499534	499541	FLOWS_TO	
499541	499545	FLOWS_TO	
499545	499549	FLOWS_TO	
499549	499553	FLOWS_TO	
499553	499557	FLOWS_TO	
499557	499562	FLOWS_TO	
499562	499568	FLOWS_TO	
499562	499575	FLOWS_TO	
499568	499575	FLOWS_TO	
499575	499585	FLOWS_TO	
499585	499603	FLOWS_TO	
499585	499611	FLOWS_TO	
499603	499611	FLOWS_TO	
499611	499616	FLOWS_TO	
499611	499641	FLOWS_TO	
499616	499623	FLOWS_TO	
499623	499639	FLOWS_TO	
499639	499909	FLOWS_TO	
499641	499646	FLOWS_TO	
499641	499662	FLOWS_TO	
499646	499650	FLOWS_TO	
499650	499656	FLOWS_TO	
499656	499690	FLOWS_TO	
499662	499666	FLOWS_TO	
499666	499690	FLOWS_TO	
499690	499699	FLOWS_TO	
499699	499706	FLOWS_TO	
499706	499713	FLOWS_TO	
499706	499740	FLOWS_TO	
499713	499719	FLOWS_TO	
499719	499734	FLOWS_TO	
499734	499706	FLOWS_TO	
499740	499749	FLOWS_TO	
499749	499753	FLOWS_TO	
499753	499760	FLOWS_TO	
499760	499765	FLOWS_TO	
499760	499822	FLOWS_TO	
499765	499771	FLOWS_TO	
499771	499787	FLOWS_TO	
499787	499794	FLOWS_TO	
499787	499815	FLOWS_TO	
499794	499800	FLOWS_TO	
499800	499815	FLOWS_TO	
499815	499760	FLOWS_TO	
499822	499825	FLOWS_TO	
499822	499854	FLOWS_TO	
499825	499843	FLOWS_TO	
499843	499884	FLOWS_TO	
499854	499861	FLOWS_TO	
499861	499868	FLOWS_TO	
499868	499876	FLOWS_TO	
499868	499884	FLOWS_TO	
499876	499884	FLOWS_TO	
499884	499909	FLOWS_TO	
499562	499910	USE	
499585	499910	USE	
499597	499910	USE	
499585	499911	USE	
499666	499912	USE	
499686	499912	USE	
499673	499912	USE	
499699	499912	USE	
499700	499912	USE	
499666	499913	USE	
499679	499913	USE	
499585	499914	USE	
499905	499915	DEF	
499656	499915	USE	
499657	499915	USE	
499666	499915	USE	
499684	499915	USE	
499553	499916	DEF	
499554	499916	DEF	
499749	499916	DEF	
499750	499916	DEF	
499794	499916	DEF	
499795	499916	DEF	
499794	499916	USE	
499795	499916	USE	
499800	499916	USE	
499813	499916	USE	
499549	499917	DEF	
499550	499917	DEF	
499699	499917	DEF	
499700	499917	DEF	
499713	499917	DEF	
499714	499917	DEF	
499713	499917	USE	
499714	499917	USE	
499719	499917	USE	
499732	499917	USE	
499749	499917	USE	
499750	499917	USE	
499765	499917	DEF	
499766	499917	DEF	
499765	499917	USE	
499766	499917	USE	
499771	499917	USE	
499784	499917	USE	
499794	499917	USE	
499795	499917	USE	
499868	499918	USE	
499876	499918	DEF	
499877	499918	DEF	
499623	499919	USE	
499624	499919	USE	
499690	499919	USE	
499691	499919	USE	
499740	499919	USE	
499741	499919	USE	
499902	499920	DEF	
499616	499920	USE	
499621	499920	USE	
499623	499920	USE	
499625	499920	USE	
499825	499920	USE	
499839	499920	USE	
499854	499920	USE	
499859	499920	USE	
499861	499920	USE	
499863	499920	USE	
499868	499920	USE	
499871	499920	USE	
499876	499920	USE	
499879	499920	USE	
499557	499921	DEF	
499558	499921	DEF	
499646	499921	DEF	
499647	499921	DEF	
499662	499921	DEF	
499663	499921	DEF	
499822	499921	USE	
499545	499922	DEF	
499546	499922	DEF	
499656	499922	DEF	
499657	499922	DEF	
499666	499922	DEF	
499667	499922	DEF	
499825	499922	USE	
499841	499922	USE	
499868	499922	USE	
499876	499922	USE	
499877	499922	USE	
499623	499923	DEF	
499624	499923	DEF	
499861	499923	DEF	
499862	499923	DEF	
499868	499923	USE	
499870	499923	USE	
499876	499923	USE	
499878	499923	USE	
499896	499924	DEF	
499666	499924	USE	
499675	499924	USE	
499687	499924	USE	
499690	499924	USE	
499697	499924	USE	
499699	499924	USE	
499702	499924	USE	
499534	499925	DEF	
499538	499925	DEF	
499690	499925	DEF	
499691	499925	DEF	
499719	499925	USE	
499726	499925	USE	
499724	499925	USE	
499740	499925	USE	
499747	499925	USE	
499771	499925	USE	
499778	499925	USE	
499776	499925	USE	
499800	499925	USE	
499807	499925	USE	
499562	499926	USE	
499899	499927	DEF	
499562	499927	USE	
499564	499927	USE	
499575	499927	USE	
499582	499927	USE	
499585	499927	USE	
499598	499927	USE	
499592	499927	USE	
499541	499928	DEF	
499542	499928	DEF	
499575	499928	DEF	
499576	499928	DEF	
499585	499928	USE	
499611	499928	USE	
499641	499928	USE	
499650	499928	USE	
499651	499928	USE	
499650	499928	DEF	
499651	499928	DEF	
499666	499928	USE	
499673	499928	USE	
499706	499928	USE	
499734	499928	USE	
499735	499928	USE	
499734	499928	DEF	
499735	499928	DEF	
499753	499928	DEF	
499754	499928	DEF	
499753	499928	USE	
499754	499928	USE	
499760	499928	USE	
499787	499928	USE	
499815	499928	DEF	
499816	499928	DEF	
499815	499928	USE	
499816	499928	USE	
499800	499929	USE	
499809	499929	USE	
499843	499929	USE	
499848	499929	USE	
499575	499930	USE	
499576	499930	USE	
499534	499931	DEF	
499535	499931	DEF	
499740	499931	DEF	
499741	499931	DEF	
499800	499931	USE	
499805	499931	USE	
499825	499931	USE	
499837	499931	USE	
499861	499931	USE	
499862	499931	USE	
499623	499932	USE	
499632	499932	USE	
499825	499932	USE	
499830	499932	USE	
499646	499933	USE	
499647	499933	USE	
499868	499934	USE	
499876	499934	DEF	
499877	499934	DEF	
499585	499935	USE	
499597	499935	USE	
499666	499936	USE	
499686	499936	USE	
499673	499936	USE	
499699	499936	USE	
499700	499936	USE	
499719	499937	USE	
499728	499937	USE	
499771	499937	USE	
499780	499937	USE	
499884	499937	USE	
499889	499937	USE	
499666	499938	USE	
499667	499938	USE	
499623	499939	USE	
499637	499939	USE	
499825	499939	USE	
499835	499939	USE	
499585	499940	USE	
499662	499941	USE	
499663	499941	USE	
499662	499822	REACHES	neg
499646	499822	REACHES	neg
499656	499825	REACHES	rscale
499666	499825	REACHES	rscale
499656	499868	REACHES	rscale
499666	499868	REACHES	rscale
499656	499876	REACHES	rscale
499666	499876	REACHES	rscale
499575	499734	REACHES	exponent
499650	499734	REACHES	exponent
499575	499585	REACHES	exponent
499575	499611	REACHES	exponent
499575	499641	REACHES	exponent
499815	499815	REACHES	exponent
499575	499650	REACHES	exponent
499650	499753	REACHES	exponent
499575	499666	REACHES	exponent
499753	499815	REACHES	exponent
499815	499787	REACHES	exponent
499753	499760	REACHES	exponent
499753	499787	REACHES	exponent
499734	499734	REACHES	exponent
499815	499760	REACHES	exponent
499734	499753	REACHES	exponent
499575	499753	REACHES	exponent
499734	499706	REACHES	exponent
499575	499706	REACHES	exponent
499650	499706	REACHES	exponent
499905	499656	REACHES	scale
499905	499666	REACHES	scale
499794	499794	REACHES	calcscale
499749	499794	REACHES	calcscale
499794	499800	REACHES	calcscale
499713	499713	REACHES	pwrscale
499699	499713	REACHES	pwrscale
499713	499719	REACHES	pwrscale
499699	499749	REACHES	pwrscale
499713	499749	REACHES	pwrscale
499699	499765	REACHES	pwrscale
499765	499794	REACHES	pwrscale
499765	499765	REACHES	pwrscale
499713	499765	REACHES	pwrscale
499765	499771	REACHES	pwrscale
499902	499616	REACHES	result
499902	499623	REACHES	result
499902	499825	REACHES	result
499902	499854	REACHES	result
499902	499861	REACHES	result
499902	499868	REACHES	result
499902	499876	REACHES	result
499623	499909	REACHES	* result
499861	499909	REACHES	* result
499861	499868	REACHES	* result
499861	499876	REACHES	* result
499896	499666	REACHES	num1
499896	499690	REACHES	num1
499896	499699	REACHES	num1
499690	499719	REACHES	power
499690	499740	REACHES	power
499690	499771	REACHES	power
499690	499800	REACHES	power
499899	499562	REACHES	num2
499899	499575	REACHES	num2
499899	499585	REACHES	num2
499740	499800	REACHES	temp
499740	499825	REACHES	temp
499740	499861	REACHES	temp
499908	499896	CONTROLS	
499908	499899	CONTROLS	
499908	499902	CONTROLS	
499908	499905	CONTROLS	
499908	499534	CONTROLS	
499908	499541	CONTROLS	
499908	499545	CONTROLS	
499908	499549	CONTROLS	
499908	499553	CONTROLS	
499908	499557	CONTROLS	
499908	499562	CONTROLS	
499908	499575	CONTROLS	
499908	499585	CONTROLS	
499908	499611	CONTROLS	
499562	499568	CONTROLS	
499585	499603	CONTROLS	
499611	499616	CONTROLS	
499611	499623	CONTROLS	
499611	499639	CONTROLS	
499611	499641	CONTROLS	
499611	499690	CONTROLS	
499611	499699	CONTROLS	
499611	499706	CONTROLS	
499611	499740	CONTROLS	
499611	499749	CONTROLS	
499611	499753	CONTROLS	
499611	499760	CONTROLS	
499611	499822	CONTROLS	
499611	499884	CONTROLS	
499641	499646	CONTROLS	
499641	499650	CONTROLS	
499641	499656	CONTROLS	
499641	499662	CONTROLS	
499641	499666	CONTROLS	
499706	499713	CONTROLS	
499706	499719	CONTROLS	
499706	499734	CONTROLS	
499760	499765	CONTROLS	
499760	499771	CONTROLS	
499760	499787	CONTROLS	
499760	499815	CONTROLS	
499787	499794	CONTROLS	
499787	499800	CONTROLS	
499822	499825	CONTROLS	
499822	499843	CONTROLS	
499822	499854	CONTROLS	
499822	499861	CONTROLS	
499822	499868	CONTROLS	
499868	499876	CONTROLS	
499861	499868	DOM	
499794	499800	DOM	
499787	499794	DOM	
499760	499765	DOM	
499641	499646	DOM	
499908	499908	DOM	
499611	499641	DOM	
499557	499562	DOM	
499760	499822	DOM	
499562	499575	DOM	
499787	499815	DOM	
499719	499734	DOM	
499706	499713	DOM	
499662	499666	DOM	
499690	499699	DOM	
499553	499557	DOM	
499549	499553	DOM	
499749	499753	DOM	
499641	499662	DOM	
499706	499740	DOM	
499771	499787	DOM	
499822	499825	DOM	
499899	499902	DOM	
499646	499650	DOM	
499699	499706	DOM	
499641	499690	DOM	
499765	499771	DOM	
499822	499854	DOM	
499541	499545	DOM	
499713	499719	DOM	
499753	499760	DOM	
499575	499585	DOM	
499562	499568	DOM	
499896	499899	DOM	
499650	499656	DOM	
499611	499909	DOM	
499740	499749	DOM	
499585	499611	DOM	
499616	499623	DOM	
499822	499884	DOM	
499854	499861	DOM	
499611	499616	DOM	
499623	499639	DOM	
499868	499876	DOM	
499825	499843	DOM	
499585	499603	DOM	
499902	499905	DOM	
499534	499541	DOM	
499908	499896	DOM	
499905	499534	DOM	
499545	499549	DOM	
499884	499868	POST_DOM	
499815	499800	POST_DOM	
499800	499794	POST_DOM	
499771	499765	POST_DOM	
499650	499646	POST_DOM	
499896	499908	POST_DOM	
499690	499641	POST_DOM	
499575	499562	POST_DOM	
499884	499822	POST_DOM	
499585	499575	POST_DOM	
499760	499815	POST_DOM	
499706	499734	POST_DOM	
499719	499713	POST_DOM	
499690	499666	POST_DOM	
499706	499699	POST_DOM	
499562	499557	POST_DOM	
499557	499553	POST_DOM	
499760	499753	POST_DOM	
499666	499662	POST_DOM	
499749	499740	POST_DOM	
499815	499787	POST_DOM	
499843	499825	POST_DOM	
499905	499902	POST_DOM	
499740	499706	POST_DOM	
499656	499650	POST_DOM	
499699	499690	POST_DOM	
499787	499771	POST_DOM	
499861	499854	POST_DOM	
499549	499545	POST_DOM	
499822	499760	POST_DOM	
499734	499719	POST_DOM	
499611	499585	POST_DOM	
499575	499568	POST_DOM	
499902	499899	POST_DOM	
499690	499656	POST_DOM	
499909	499909	POST_DOM	
499753	499749	POST_DOM	
499909	499611	POST_DOM	
499639	499623	POST_DOM	
499909	499884	POST_DOM	
499868	499861	POST_DOM	
499623	499616	POST_DOM	
499909	499639	POST_DOM	
499884	499876	POST_DOM	
499884	499843	POST_DOM	
499611	499603	POST_DOM	
499534	499905	POST_DOM	
499545	499541	POST_DOM	
499899	499896	POST_DOM	
499541	499534	POST_DOM	
499553	499549	POST_DOM	
499531	499532	IS_FUNCTION_OF_AST	
499531	499908	IS_FUNCTION_OF_CFG	
499530	499531	IS_FILE_OF	
