start	end	type	var
603959	603960	DECLARES	
603961	603962	DECLARES	
603963	603964	DECLARES	
603965	603966	DECLARES	
603967	603968	DECLARES	
603969	603970	DECLARES	
