start	end	type	var
4828480	4828481	DECLARES	
4828482	4828483	DECLARES	
4828484	4828485	DECLARES	
4828486	4828487	DECLARES	
