start	end	type	var
4853800	4853801	IS_FILE_OF	
4853800	4853802	IS_FILE_OF	
4853800	4853803	IS_FILE_OF	
4853800	4853804	IS_FILE_OF	
4853805	4853806	DECLARES	
4853800	4853807	IS_FILE_OF	
