command	key	type	code	location	functionId	childNum	isCFGNode	operator	baseType	completeType	identifier
ANR	2720882	File	data/converged/CVE-2018-16863_ghostpdl/devices_vector_gdevpdfi.c								
ANR	2720883	DeclStmt									
ANR	2720884	Decl							const gx_image_enum_procs_t	const gx_image_enum_procs_t	pdf_image_enum_procs
ANR	2720885	DeclStmt									
ANR	2720886	Decl							const gx_image_enum_procs_t	const gx_image_enum_procs_t	pdf_image_object_enum_procs
ANR	2720887	DeclStmt									
ANR	2720888	Decl							const gx_image_enum_procs_t	const gx_image_enum_procs_t	pdf_image_object_enum_procs2
ANR	2720889	DeclStmt									
ANR	2720890	Decl							const gx_image_enum_procs_t	const gx_image_enum_procs_t	pdf_image_cvd_enum_procs
ANR	2720891	ClassDef	pdf_image_enum_s	74:8:2325:2604							
ANR	2720892	DeclStmt									
ANR	2720893	Decl							int	int	width
ANR	2720894	DeclStmt									
ANR	2720895	Decl							int	int	bits_per_pixel
ANR	2720896	DeclStmt									
ANR	2720897	Decl							int	int	rows_left
ANR	2720898	DeclStmt									
ANR	2720899	Decl							pdf_image_writer	pdf_image_writer	writer
ANR	2720900	DeclStmt									
ANR	2720901	Decl							gs_matrix	gs_matrix	mat
ANR	2720902	DeclStmt									
ANR	2720903	Decl							gs_color_space_index	gs_color_space_index	initial_colorspace
ANR	2720904	DeclStmt									
ANR	2720905	Decl							int	int	JPEG_PassThrough
ANR	2720906	DeclStmt									
ANR	2720907	Decl							pdf_image_enum_s	pdf_image_enum_s	pdf_image_enum
ANR	2720908	DeclStmt									
ANR	2720909	Decl							gs_ptr_type_t	gs_ptr_type_t	ret
ANR	2720910	Function	can_write_image_in_line	111:0:3577:3682							
ANR	2720911	FunctionDef	"can_write_image_in_line (const gx_device_pdf * pdev , const gs_image_t * pim)"		2720910	0					
ANR	2720912	CompoundStatement		113:0:3663:3682	2720910	0					
ANR	2720913	ReturnStatement	return true ;	114:4:3669:3680	2720910	0	True				
ANR	2720914	Identifier	true		2720910	0					
ANR	2720915	ReturnType	static bool		2720910	1					
ANR	2720916	Identifier	can_write_image_in_line		2720910	2					
ANR	2720917	ParameterList	"const gx_device_pdf * pdev , const gs_image_t * pim"		2720910	3					
ANR	2720918	Parameter	const gx_device_pdf * pdev	112:24:3613:3637	2720910	0	True				
ANR	2720919	ParameterType	const gx_device_pdf *		2720910	0					
ANR	2720920	Identifier	pdev		2720910	1					
ANR	2720921	Parameter	const gs_image_t * pim	112:51:3640:3660	2720910	1	True				
ANR	2720922	ParameterType	const gs_image_t *		2720910	0					
ANR	2720923	Identifier	pim		2720910	1					
ANR	2720924	CFGEntryNode	ENTRY		2720910		True				
ANR	2720925	CFGExitNode	EXIT		2720910		True				
ANR	2720926	Symbol	pdev		2720910						
ANR	2720927	Symbol	pim		2720910						
ANR	2720928	Symbol	true		2720910						
ANR	2720929	Function	color_is_black_or_white	125:0:4060:4330							
ANR	2720930	FunctionDef	"color_is_black_or_white (gx_device * dev , const gx_drawing_color * pdcolor)"		2720929	0					
ANR	2720931	CompoundStatement		127:0:4144:4330	2720929	0					
ANR	2720932	ReturnStatement	return ( ! color_is_pure ( pdcolor ) ? - 1 : gx_dc_pure_color ( pdcolor ) == gx_device_black ( dev ) ? 0 : gx_dc_pure_color ( pdcolor ) == gx_device_white ( dev ) ? 1 : - 1 ) ;	128:4:4150:4328	2720929	0	True				
ANR	2720933	ConditionalExpression	! color_is_pure ( pdcolor ) ? - 1 : gx_dc_pure_color ( pdcolor ) == gx_device_black ( dev ) ? 0 : gx_dc_pure_color ( pdcolor ) == gx_device_white ( dev ) ? 1 : - 1		2720929	0					
ANR	2720934	Condition	! color_is_pure ( pdcolor )		2720929	0					
ANR	2720935	UnaryOperationExpression	! color_is_pure ( pdcolor )		2720929	0					
ANR	2720936	UnaryOperator	!		2720929	0					
ANR	2720937	CallExpression	color_is_pure ( pdcolor )		2720929	1					
ANR	2720938	Callee	color_is_pure		2720929	0					
ANR	2720939	Identifier	color_is_pure		2720929	0					
ANR	2720940	ArgumentList	pdcolor		2720929	1					
ANR	2720941	Argument	pdcolor		2720929	0					
ANR	2720942	Identifier	pdcolor		2720929	0					
ANR	2720943	UnaryOperationExpression	- 1		2720929	1					
ANR	2720944	UnaryOperator	-		2720929	0					
ANR	2720945	PrimaryExpression	1		2720929	1					
ANR	2720946	ConditionalExpression	gx_dc_pure_color ( pdcolor ) == gx_device_black ( dev ) ? 0 : gx_dc_pure_color ( pdcolor ) == gx_device_white ( dev ) ? 1 : - 1		2720929	2					
ANR	2720947	Condition	gx_dc_pure_color ( pdcolor ) == gx_device_black ( dev )		2720929	0					
ANR	2720948	EqualityExpression	gx_dc_pure_color ( pdcolor ) == gx_device_black ( dev )		2720929	0		==			
ANR	2720949	CallExpression	gx_dc_pure_color ( pdcolor )		2720929	0					
ANR	2720950	Callee	gx_dc_pure_color		2720929	0					
ANR	2720951	Identifier	gx_dc_pure_color		2720929	0					
ANR	2720952	ArgumentList	pdcolor		2720929	1					
ANR	2720953	Argument	pdcolor		2720929	0					
ANR	2720954	Identifier	pdcolor		2720929	0					
ANR	2720955	CallExpression	gx_device_black ( dev )		2720929	1					
ANR	2720956	Callee	gx_device_black		2720929	0					
ANR	2720957	Identifier	gx_device_black		2720929	0					
ANR	2720958	ArgumentList	dev		2720929	1					
ANR	2720959	Argument	dev		2720929	0					
ANR	2720960	Identifier	dev		2720929	0					
ANR	2720961	PrimaryExpression	0		2720929	1					
ANR	2720962	ConditionalExpression	gx_dc_pure_color ( pdcolor ) == gx_device_white ( dev ) ? 1 : - 1		2720929	2					
ANR	2720963	Condition	gx_dc_pure_color ( pdcolor ) == gx_device_white ( dev )		2720929	0					
ANR	2720964	EqualityExpression	gx_dc_pure_color ( pdcolor ) == gx_device_white ( dev )		2720929	0		==			
ANR	2720965	CallExpression	gx_dc_pure_color ( pdcolor )		2720929	0					
ANR	2720966	Callee	gx_dc_pure_color		2720929	0					
ANR	2720967	Identifier	gx_dc_pure_color		2720929	0					
ANR	2720968	ArgumentList	pdcolor		2720929	1					
ANR	2720969	Argument	pdcolor		2720929	0					
ANR	2720970	Identifier	pdcolor		2720929	0					
ANR	2720971	CallExpression	gx_device_white ( dev )		2720929	1					
ANR	2720972	Callee	gx_device_white		2720929	0					
ANR	2720973	Identifier	gx_device_white		2720929	0					
ANR	2720974	ArgumentList	dev		2720929	1					
ANR	2720975	Argument	dev		2720929	0					
ANR	2720976	Identifier	dev		2720929	0					
ANR	2720977	PrimaryExpression	1		2720929	1					
ANR	2720978	UnaryOperationExpression	- 1		2720929	2					
ANR	2720979	UnaryOperator	-		2720929	0					
ANR	2720980	PrimaryExpression	1		2720929	1					
ANR	2720981	ReturnType	static int		2720929	1					
ANR	2720982	Identifier	color_is_black_or_white		2720929	2					
ANR	2720983	ParameterList	"gx_device * dev , const gx_drawing_color * pdcolor"		2720929	3					
ANR	2720984	Parameter	gx_device * dev	126:24:4095:4108	2720929	0	True				
ANR	2720985	ParameterType	gx_device *		2720929	0					
ANR	2720986	Identifier	dev		2720929	1					
ANR	2720987	Parameter	const gx_drawing_color * pdcolor	126:40:4111:4141	2720929	1	True				
ANR	2720988	ParameterType	const gx_drawing_color *		2720929	0					
ANR	2720989	Identifier	pdcolor		2720929	1					
ANR	2720990	CFGEntryNode	ENTRY		2720929		True				
ANR	2720991	CFGExitNode	EXIT		2720929		True				
ANR	2720992	Symbol	gx_dc_pure_color		2720929						
ANR	2720993	Symbol	gx_device_black		2720929						
ANR	2720994	Symbol	gx_device_white		2720929						
ANR	2720995	Symbol	dev		2720929						
ANR	2720996	Symbol	color_is_pure		2720929						
ANR	2720997	Symbol	pdcolor		2720929						
ANR	2720998	Function	pdf_convert_image4_to_image1	132:0:4332:7601							
ANR	2720999	FunctionDef	"pdf_convert_image4_to_image1 (gx_device_pdf * pdev , const gs_gstate * pgs , const gx_drawing_color * pbcolor , const gs_image4_t * pim4 , gs_image_t * pim1 , gx_drawing_color * pdcolor)"		2720998	0					
ANR	2721000	CompoundStatement		138:0:4634:7601	2720998	0					
ANR	2721001	IfStatement	if ( pim4 -> BitsPerComponent == 1 && pim4 -> ColorSpace -> type -> num_components ( pim4 -> ColorSpace ) == 1 && ( pim4 -> MaskColor_is_range ? pim4 -> MaskColor [ 0 ] | pim4 -> MaskColor [ 1 ] : pim4 -> MaskColor [ 0 ] ) <= 1 )		2720998	0					
ANR	2721002	Condition	pim4 -> BitsPerComponent == 1 && pim4 -> ColorSpace -> type -> num_components ( pim4 -> ColorSpace ) == 1 && ( pim4 -> MaskColor_is_range ? pim4 -> MaskColor [ 0 ] | pim4 -> MaskColor [ 1 ] : pim4 -> MaskColor [ 0 ] ) <= 1	139:8:4644:4867	2720998	0	True				
ANR	2721003	AndExpression	pim4 -> BitsPerComponent == 1 && pim4 -> ColorSpace -> type -> num_components ( pim4 -> ColorSpace ) == 1 && ( pim4 -> MaskColor_is_range ? pim4 -> MaskColor [ 0 ] | pim4 -> MaskColor [ 1 ] : pim4 -> MaskColor [ 0 ] ) <= 1		2720998	0		&&			
ANR	2721004	EqualityExpression	pim4 -> BitsPerComponent == 1		2720998	0		==			
ANR	2721005	PtrMemberAccess	pim4 -> BitsPerComponent		2720998	0					
ANR	2721006	Identifier	pim4		2720998	0					
ANR	2721007	Identifier	BitsPerComponent		2720998	1					
ANR	2721008	PrimaryExpression	1		2720998	1					
ANR	2721009	AndExpression	pim4 -> ColorSpace -> type -> num_components ( pim4 -> ColorSpace ) == 1 && ( pim4 -> MaskColor_is_range ? pim4 -> MaskColor [ 0 ] | pim4 -> MaskColor [ 1 ] : pim4 -> MaskColor [ 0 ] ) <= 1		2720998	1		&&			
ANR	2721010	EqualityExpression	pim4 -> ColorSpace -> type -> num_components ( pim4 -> ColorSpace ) == 1		2720998	0		==			
ANR	2721011	CallExpression	pim4 -> ColorSpace -> type -> num_components ( pim4 -> ColorSpace )		2720998	0					
ANR	2721012	Callee	pim4 -> ColorSpace -> type -> num_components		2720998	0					
ANR	2721013	PtrMemberAccess	pim4 -> ColorSpace -> type -> num_components		2720998	0					
ANR	2721014	PtrMemberAccess	pim4 -> ColorSpace -> type		2720998	0					
ANR	2721015	PtrMemberAccess	pim4 -> ColorSpace		2720998	0					
ANR	2721016	Identifier	pim4		2720998	0					
ANR	2721017	Identifier	ColorSpace		2720998	1					
ANR	2721018	Identifier	type		2720998	1					
ANR	2721019	Identifier	num_components		2720998	1					
ANR	2721020	ArgumentList	pim4 -> ColorSpace		2720998	1					
ANR	2721021	Argument	pim4 -> ColorSpace		2720998	0					
ANR	2721022	PtrMemberAccess	pim4 -> ColorSpace		2720998	0					
ANR	2721023	Identifier	pim4		2720998	0					
ANR	2721024	Identifier	ColorSpace		2720998	1					
ANR	2721025	PrimaryExpression	1		2720998	1					
ANR	2721026	RelationalExpression	( pim4 -> MaskColor_is_range ? pim4 -> MaskColor [ 0 ] | pim4 -> MaskColor [ 1 ] : pim4 -> MaskColor [ 0 ] ) <= 1		2720998	1		<=			
ANR	2721027	ConditionalExpression	pim4 -> MaskColor_is_range ? pim4 -> MaskColor [ 0 ] | pim4 -> MaskColor [ 1 ] : pim4 -> MaskColor [ 0 ]		2720998	0					
ANR	2721028	Condition	pim4 -> MaskColor_is_range		2720998	0					
ANR	2721029	PtrMemberAccess	pim4 -> MaskColor_is_range		2720998	0					
ANR	2721030	Identifier	pim4		2720998	0					
ANR	2721031	Identifier	MaskColor_is_range		2720998	1					
ANR	2721032	InclusiveOrExpression	pim4 -> MaskColor [ 0 ] | pim4 -> MaskColor [ 1 ]		2720998	1		|			
ANR	2721033	ArrayIndexing	pim4 -> MaskColor [ 0 ]		2720998	0					
ANR	2721034	PtrMemberAccess	pim4 -> MaskColor		2720998	0					
ANR	2721035	Identifier	pim4		2720998	0					
ANR	2721036	Identifier	MaskColor		2720998	1					
ANR	2721037	PrimaryExpression	0		2720998	1					
ANR	2721038	ArrayIndexing	pim4 -> MaskColor [ 1 ]		2720998	1					
ANR	2721039	PtrMemberAccess	pim4 -> MaskColor		2720998	0					
ANR	2721040	Identifier	pim4		2720998	0					
ANR	2721041	Identifier	MaskColor		2720998	1					
ANR	2721042	PrimaryExpression	1		2720998	1					
ANR	2721043	ArrayIndexing	pim4 -> MaskColor [ 0 ]		2720998	2					
ANR	2721044	PtrMemberAccess	pim4 -> MaskColor		2720998	0					
ANR	2721045	Identifier	pim4		2720998	0					
ANR	2721046	Identifier	MaskColor		2720998	1					
ANR	2721047	PrimaryExpression	0		2720998	1					
ANR	2721048	PrimaryExpression	1		2720998	1					
ANR	2721049	CompoundStatement		72:40:2617:2652	2720998	1					
ANR	2721050	Statement	gx_device	145:8:4889:4897	2720998	0	True				
ANR	2721051	Statement	*	145:18:4899:4899	2720998	1	True				
ANR	2721052	Statement	const	145:19:4900:4904	2720998	2	True				
ANR	2721053	ExpressionStatement	dev = ( gx_device * ) pdev	145:25:4906:4929	2720998	3	True				
ANR	2721054	AssignmentExpression	dev = ( gx_device * ) pdev		2720998	0		=			
ANR	2721055	Identifier	dev		2720998	0					
ANR	2721056	CastExpression	( gx_device * ) pdev		2720998	1					
ANR	2721057	CastTarget	gx_device *		2720998	0					
ANR	2721058	Identifier	pdev		2720998	1					
ANR	2721059	IdentifierDeclStatement	const gs_color_space * pcs = pim4 -> ColorSpace ;	146:8:4939:4983	2720998	4	True				
ANR	2721060	IdentifierDecl	* pcs = pim4 -> ColorSpace		2720998	0					
ANR	2721061	IdentifierDeclType	const gs_color_space *		2720998	0					
ANR	2721062	Identifier	pcs		2720998	1					
ANR	2721063	AssignmentExpression	* pcs = pim4 -> ColorSpace		2720998	2		=			
ANR	2721064	Identifier	pcs		2720998	0					
ANR	2721065	PtrMemberAccess	pim4 -> ColorSpace		2720998	1					
ANR	2721066	Identifier	pim4		2720998	0					
ANR	2721067	Identifier	ColorSpace		2720998	1					
ANR	2721068	IdentifierDeclStatement	bool write_1s = ! pim4 -> MaskColor [ 0 ] ;	147:8:4993:5028	2720998	5	True				
ANR	2721069	IdentifierDecl	write_1s = ! pim4 -> MaskColor [ 0 ]		2720998	0					
ANR	2721070	IdentifierDeclType	bool		2720998	0					
ANR	2721071	Identifier	write_1s		2720998	1					
ANR	2721072	AssignmentExpression	write_1s = ! pim4 -> MaskColor [ 0 ]		2720998	2		=			
ANR	2721073	Identifier	write_1s		2720998	0					
ANR	2721074	UnaryOperationExpression	! pim4 -> MaskColor [ 0 ]		2720998	1					
ANR	2721075	UnaryOperator	!		2720998	0					
ANR	2721076	ArrayIndexing	pim4 -> MaskColor [ 0 ]		2720998	1					
ANR	2721077	PtrMemberAccess	pim4 -> MaskColor		2720998	0					
ANR	2721078	Identifier	pim4		2720998	0					
ANR	2721079	Identifier	MaskColor		2720998	1					
ANR	2721080	PrimaryExpression	0		2720998	1					
ANR	2721081	IdentifierDeclStatement	gs_client_color cc ;	148:8:5038:5056	2720998	6	True				
ANR	2721082	IdentifierDecl	cc		2720998	0					
ANR	2721083	IdentifierDeclType	gs_client_color		2720998	0					
ANR	2721084	Identifier	cc		2720998	1					
ANR	2721085	IdentifierDeclStatement	int code ;	149:8:5066:5074	2720998	7	True				
ANR	2721086	IdentifierDecl	code		2720998	0					
ANR	2721087	IdentifierDeclType	int		2720998	0					
ANR	2721088	Identifier	code		2720998	1					
ANR	2721089	ExpressionStatement	cc . paint . values [ 0 ] = pim4 -> Decode [ ( int ) write_1s ]	157:8:5307:5355	2720998	8	True				
ANR	2721090	AssignmentExpression	cc . paint . values [ 0 ] = pim4 -> Decode [ ( int ) write_1s ]		2720998	0		=			
ANR	2721091	ArrayIndexing	cc . paint . values [ 0 ]		2720998	0					
ANR	2721092	MemberAccess	cc . paint . values		2720998	0					
ANR	2721093	MemberAccess	cc . paint		2720998	0					
ANR	2721094	Identifier	cc		2720998	0					
ANR	2721095	Identifier	paint		2720998	1					
ANR	2721096	Identifier	values		2720998	1					
ANR	2721097	PrimaryExpression	0		2720998	1					
ANR	2721098	ArrayIndexing	pim4 -> Decode [ ( int ) write_1s ]		2720998	1					
ANR	2721099	PtrMemberAccess	pim4 -> Decode		2720998	0					
ANR	2721100	Identifier	pim4		2720998	0					
ANR	2721101	Identifier	Decode		2720998	1					
ANR	2721102	CastExpression	( int ) write_1s		2720998	1					
ANR	2721103	CastTarget	int		2720998	0					
ANR	2721104	Identifier	write_1s		2720998	1					
ANR	2721105	ExpressionStatement	cc . pattern = 0	158:8:5365:5379	2720998	9	True				
ANR	2721106	AssignmentExpression	cc . pattern = 0		2720998	0		=			
ANR	2721107	MemberAccess	cc . pattern		2720998	0					
ANR	2721108	Identifier	cc		2720998	0					
ANR	2721109	Identifier	pattern		2720998	1					
ANR	2721110	PrimaryExpression	0		2720998	1					
ANR	2721111	ExpressionStatement	"code = pcs -> type -> remap_color ( & cc , pcs , pdcolor , pgs , dev , gs_color_select_texture )"	159:8:5389:5510	2720998	10	True				
ANR	2721112	AssignmentExpression	"code = pcs -> type -> remap_color ( & cc , pcs , pdcolor , pgs , dev , gs_color_select_texture )"		2720998	0		=			
ANR	2721113	Identifier	code		2720998	0					
ANR	2721114	CallExpression	"pcs -> type -> remap_color ( & cc , pcs , pdcolor , pgs , dev , gs_color_select_texture )"		2720998	1					
ANR	2721115	Callee	pcs -> type -> remap_color		2720998	0					
ANR	2721116	PtrMemberAccess	pcs -> type -> remap_color		2720998	0					
ANR	2721117	PtrMemberAccess	pcs -> type		2720998	0					
ANR	2721118	Identifier	pcs		2720998	0					
ANR	2721119	Identifier	type		2720998	1					
ANR	2721120	Identifier	remap_color		2720998	1					
ANR	2721121	ArgumentList	& cc		2720998	1					
ANR	2721122	Argument	& cc		2720998	0					
ANR	2721123	UnaryOperationExpression	& cc		2720998	0					
ANR	2721124	UnaryOperator	&		2720998	0					
ANR	2721125	Identifier	cc		2720998	1					
ANR	2721126	Argument	pcs		2720998	1					
ANR	2721127	Identifier	pcs		2720998	0					
ANR	2721128	Argument	pdcolor		2720998	2					
ANR	2721129	Identifier	pdcolor		2720998	0					
ANR	2721130	Argument	pgs		2720998	3					
ANR	2721131	Identifier	pgs		2720998	0					
ANR	2721132	Argument	dev		2720998	4					
ANR	2721133	Identifier	dev		2720998	0					
ANR	2721134	Argument	gs_color_select_texture		2720998	5					
ANR	2721135	Identifier	gs_color_select_texture		2720998	0					
ANR	2721136	IfStatement	if ( code < 0 )		2720998	11					
ANR	2721137	Condition	code < 0	161:12:5524:5531	2720998	0	True				
ANR	2721138	RelationalExpression	code < 0		2720998	0		<			
ANR	2721139	Identifier	code		2720998	0					
ANR	2721140	PrimaryExpression	0		2720998	1					
ANR	2721141	ReturnStatement	return code ;	162:12:5546:5557	2720998	1	True				
ANR	2721142	Identifier	code		2720998	0					
ANR	2721143	CompoundStatement		36:12:1380:1438	2720998	12					
ANR	2721144	IdentifierDeclStatement	gs_logical_operation_t lop = pgs -> log_op ;	172:12:5961:6001	2720998	0	True				
ANR	2721145	IdentifierDecl	lop = pgs -> log_op		2720998	0					
ANR	2721146	IdentifierDeclType	gs_logical_operation_t		2720998	0					
ANR	2721147	Identifier	lop		2720998	1					
ANR	2721148	AssignmentExpression	lop = pgs -> log_op		2720998	2		=			
ANR	2721149	Identifier	lop		2720998	0					
ANR	2721150	PtrMemberAccess	pgs -> log_op		2720998	1					
ANR	2721151	Identifier	pgs		2720998	0					
ANR	2721152	Identifier	log_op		2720998	1					
ANR	2721153	IdentifierDeclStatement	"int black_or_white = color_is_black_or_white ( dev , pdcolor ) ;"	173:12:6015:6073	2720998	1	True				
ANR	2721154	IdentifierDecl	"black_or_white = color_is_black_or_white ( dev , pdcolor )"		2720998	0					
ANR	2721155	IdentifierDeclType	int		2720998	0					
ANR	2721156	Identifier	black_or_white		2720998	1					
ANR	2721157	AssignmentExpression	"black_or_white = color_is_black_or_white ( dev , pdcolor )"		2720998	2		=			
ANR	2721158	Identifier	black_or_white		2720998	0					
ANR	2721159	CallExpression	"color_is_black_or_white ( dev , pdcolor )"		2720998	1					
ANR	2721160	Callee	color_is_black_or_white		2720998	0					
ANR	2721161	Identifier	color_is_black_or_white		2720998	0					
ANR	2721162	ArgumentList	dev		2720998	1					
ANR	2721163	Argument	dev		2720998	0					
ANR	2721164	Identifier	dev		2720998	0					
ANR	2721165	Argument	pdcolor		2720998	1					
ANR	2721166	Identifier	pdcolor		2720998	0					
ANR	2721167	SwitchStatement	switch ( black_or_white )		2720998	2					
ANR	2721168	Condition	black_or_white	175:20:6096:6109	2720998	0	True				
ANR	2721169	Identifier	black_or_white		2720998	0					
ANR	2721170	CompoundStatement		38:36:1477:1477	2720998	1					
ANR	2721171	Label	case 0 :	176:12:6126:6132	2720998	0	True				
ANR	2721172	ExpressionStatement	lop = lop_know_S_0 ( lop )	176:20:6134:6157	2720998	1	True				
ANR	2721173	AssignmentExpression	lop = lop_know_S_0 ( lop )		2720998	0		=			
ANR	2721174	Identifier	lop		2720998	0					
ANR	2721175	CallExpression	lop_know_S_0 ( lop )		2720998	1					
ANR	2721176	Callee	lop_know_S_0		2720998	0					
ANR	2721177	Identifier	lop_know_S_0		2720998	0					
ANR	2721178	ArgumentList	lop		2720998	1					
ANR	2721179	Argument	lop		2720998	0					
ANR	2721180	Identifier	lop		2720998	0					
ANR	2721181	BreakStatement	break ;	176:45:6159:6164	2720998	2	True				
ANR	2721182	Label	case 1 :	177:12:6178:6184	2720998	3	True				
ANR	2721183	ExpressionStatement	lop = lop_know_S_1 ( lop )	177:20:6186:6209	2720998	4	True				
ANR	2721184	AssignmentExpression	lop = lop_know_S_1 ( lop )		2720998	0		=			
ANR	2721185	Identifier	lop		2720998	0					
ANR	2721186	CallExpression	lop_know_S_1 ( lop )		2720998	1					
ANR	2721187	Callee	lop_know_S_1		2720998	0					
ANR	2721188	Identifier	lop_know_S_1		2720998	0					
ANR	2721189	ArgumentList	lop		2720998	1					
ANR	2721190	Argument	lop		2720998	0					
ANR	2721191	Identifier	lop		2720998	0					
ANR	2721192	BreakStatement	break ;	177:45:6211:6216	2720998	5	True				
ANR	2721193	Label	default :	178:12:6230:6237	2720998	6	True				
ANR	2721194	Identifier	default		2720998	0					
ANR	2721195	ExpressionStatement	DO_NOTHING	178:21:6239:6249	2720998	7	True				
ANR	2721196	Identifier	DO_NOTHING		2720998	0					
ANR	2721197	IfStatement	if ( pim4 -> CombineWithColor )		2720998	3					
ANR	2721198	Condition	pim4 -> CombineWithColor	180:16:6281:6302	2720998	0	True				
ANR	2721199	PtrMemberAccess	pim4 -> CombineWithColor		2720998	0					
ANR	2721200	Identifier	pim4		2720998	0					
ANR	2721201	Identifier	CombineWithColor		2720998	1					
ANR	2721202	SwitchStatement	"switch ( color_is_black_or_white ( dev , pbcolor ) )"		2720998	1					
ANR	2721203	Condition	"color_is_black_or_white ( dev , pbcolor )"	181:24:6329:6365	2720998	0	True				
ANR	2721204	CallExpression	"color_is_black_or_white ( dev , pbcolor )"		2720998	0					
ANR	2721205	Callee	color_is_black_or_white		2720998	0					
ANR	2721206	Identifier	color_is_black_or_white		2720998	0					
ANR	2721207	ArgumentList	dev		2720998	1					
ANR	2721208	Argument	dev		2720998	0					
ANR	2721209	Identifier	dev		2720998	0					
ANR	2721210	Argument	pbcolor		2720998	1					
ANR	2721211	Identifier	pbcolor		2720998	0					
ANR	2721212	CompoundStatement		44:63:1733:1733	2720998	1					
ANR	2721213	Label	case 0 :	182:16:6386:6392	2720998	0	True				
ANR	2721214	ExpressionStatement	lop = lop_know_T_0 ( lop )	182:24:6394:6417	2720998	1	True				
ANR	2721215	AssignmentExpression	lop = lop_know_T_0 ( lop )		2720998	0		=			
ANR	2721216	Identifier	lop		2720998	0					
ANR	2721217	CallExpression	lop_know_T_0 ( lop )		2720998	1					
ANR	2721218	Callee	lop_know_T_0		2720998	0					
ANR	2721219	Identifier	lop_know_T_0		2720998	0					
ANR	2721220	ArgumentList	lop		2720998	1					
ANR	2721221	Argument	lop		2720998	0					
ANR	2721222	Identifier	lop		2720998	0					
ANR	2721223	BreakStatement	break ;	182:49:6419:6424	2720998	2	True				
ANR	2721224	Label	case 1 :	183:16:6442:6448	2720998	3	True				
ANR	2721225	ExpressionStatement	lop = lop_know_T_1 ( lop )	183:24:6450:6473	2720998	4	True				
ANR	2721226	AssignmentExpression	lop = lop_know_T_1 ( lop )		2720998	0		=			
ANR	2721227	Identifier	lop		2720998	0					
ANR	2721228	CallExpression	lop_know_T_1 ( lop )		2720998	1					
ANR	2721229	Callee	lop_know_T_1		2720998	0					
ANR	2721230	Identifier	lop_know_T_1		2720998	0					
ANR	2721231	ArgumentList	lop		2720998	1					
ANR	2721232	Argument	lop		2720998	0					
ANR	2721233	Identifier	lop		2720998	0					
ANR	2721234	BreakStatement	break ;	183:49:6475:6480	2720998	5	True				
ANR	2721235	Label	default :	184:16:6498:6505	2720998	6	True				
ANR	2721236	Identifier	default		2720998	0					
ANR	2721237	ExpressionStatement	DO_NOTHING	184:25:6507:6517	2720998	7	True				
ANR	2721238	Identifier	DO_NOTHING		2720998	0					
ANR	2721239	ElseStatement	else		2720998	0					
ANR	2721240	ExpressionStatement	lop = lop_know_T_0 ( lop )	187:16:6570:6593	2720998	0	True				
ANR	2721241	AssignmentExpression	lop = lop_know_T_0 ( lop )		2720998	0		=			
ANR	2721242	Identifier	lop		2720998	0					
ANR	2721243	CallExpression	lop_know_T_0 ( lop )		2720998	1					
ANR	2721244	Callee	lop_know_T_0		2720998	0					
ANR	2721245	Identifier	lop_know_T_0		2720998	0					
ANR	2721246	ArgumentList	lop		2720998	1					
ANR	2721247	Argument	lop		2720998	0					
ANR	2721248	Identifier	lop		2720998	0					
ANR	2721249	SwitchStatement	switch ( lop_rop ( lop ) )		2720998	4					
ANR	2721250	Condition	lop_rop ( lop )	188:20:6615:6626	2720998	0	True				
ANR	2721251	CallExpression	lop_rop ( lop )		2720998	0					
ANR	2721252	Callee	lop_rop		2720998	0					
ANR	2721253	Identifier	lop_rop		2720998	0					
ANR	2721254	ArgumentList	lop		2720998	1					
ANR	2721255	Argument	lop		2720998	0					
ANR	2721256	Identifier	lop		2720998	0					
ANR	2721257	CompoundStatement		51:34:1994:1994	2720998	1					
ANR	2721258	Label	case rop3_0 :	189:12:6643:6654	2720998	0	True				
ANR	2721259	Identifier	rop3_0		2720998	0					
ANR	2721260	IfStatement	if ( black_or_white != 0 )		2720998	1					
ANR	2721261	Condition	black_or_white != 0	190:20:6676:6694	2720998	0	True				
ANR	2721262	EqualityExpression	black_or_white != 0		2720998	0		!=			
ANR	2721263	Identifier	black_or_white		2720998	0					
ANR	2721264	PrimaryExpression	0		2720998	1					
ANR	2721265	ReturnStatement	return - 1 ;	191:20:6717:6726	2720998	1	True				
ANR	2721266	UnaryOperationExpression	- 1		2720998	0					
ANR	2721267	UnaryOperator	-		2720998	0					
ANR	2721268	PrimaryExpression	1		2720998	1					
ANR	2721269	BreakStatement	break ;	192:16:6744:6749	2720998	2	True				
ANR	2721270	Label	case rop3_1 :	193:12:6763:6774	2720998	3	True				
ANR	2721271	Identifier	rop3_1		2720998	0					
ANR	2721272	IfStatement	if ( black_or_white != 1 )		2720998	4					
ANR	2721273	Condition	black_or_white != 1	194:20:6796:6814	2720998	0	True				
ANR	2721274	EqualityExpression	black_or_white != 1		2720998	0		!=			
ANR	2721275	Identifier	black_or_white		2720998	0					
ANR	2721276	PrimaryExpression	1		2720998	1					
ANR	2721277	ReturnStatement	return - 1 ;	195:20:6837:6846	2720998	1	True				
ANR	2721278	UnaryOperationExpression	- 1		2720998	0					
ANR	2721279	UnaryOperator	-		2720998	0					
ANR	2721280	PrimaryExpression	1		2720998	1					
ANR	2721281	BreakStatement	break ;	196:16:6864:6869	2720998	5	True				
ANR	2721282	Label	case rop3_S :	197:12:6883:6894	2720998	6	True				
ANR	2721283	Identifier	rop3_S		2720998	0					
ANR	2721284	BreakStatement	break ;	198:16:6912:6917	2720998	7	True				
ANR	2721285	Label	default :	199:12:6931:6938	2720998	8	True				
ANR	2721286	Identifier	default		2720998	0					
ANR	2721287	ReturnStatement	return - 1 ;	200:16:6956:6965	2720998	9	True				
ANR	2721288	UnaryOperationExpression	- 1		2720998	0					
ANR	2721289	UnaryOperator	-		2720998	0					
ANR	2721290	PrimaryExpression	1		2720998	1					
ANR	2721291	IfStatement	if ( ( lop & lop_S_transparent ) && black_or_white == 1 )		2720998	5					
ANR	2721292	Condition	( lop & lop_S_transparent ) && black_or_white == 1	202:16:6997:7044	2720998	0	True				
ANR	2721293	AndExpression	( lop & lop_S_transparent ) && black_or_white == 1		2720998	0		&&			
ANR	2721294	BitAndExpression	lop & lop_S_transparent		2720998	0		&			
ANR	2721295	Identifier	lop		2720998	0					
ANR	2721296	Identifier	lop_S_transparent		2720998	1					
ANR	2721297	EqualityExpression	black_or_white == 1		2720998	1		==			
ANR	2721298	Identifier	black_or_white		2720998	0					
ANR	2721299	PrimaryExpression	1		2720998	1					
ANR	2721300	ReturnStatement	return - 1 ;	203:16:7063:7072	2720998	1	True				
ANR	2721301	UnaryOperationExpression	- 1		2720998	0					
ANR	2721302	UnaryOperator	-		2720998	0					
ANR	2721303	PrimaryExpression	1		2720998	1					
ANR	2721304	ExpressionStatement	"gs_image_t_init_mask_adjust ( pim1 , write_1s , false )"	208:8:7160:7210	2720998	13	True				
ANR	2721305	CallExpression	"gs_image_t_init_mask_adjust ( pim1 , write_1s , false )"		2720998	0					
ANR	2721306	Callee	gs_image_t_init_mask_adjust		2720998	0					
ANR	2721307	Identifier	gs_image_t_init_mask_adjust		2720998	0					
ANR	2721308	ArgumentList	pim1		2720998	1					
ANR	2721309	Argument	pim1		2720998	0					
ANR	2721310	Identifier	pim1		2720998	0					
ANR	2721311	Argument	write_1s		2720998	1					
ANR	2721312	Identifier	write_1s		2720998	0					
ANR	2721313	Argument	false		2720998	2					
ANR	2721314	Identifier	false		2720998	0					
ANR	2721315	Statement	define	209:1:7213:7218	2720998	14	True				
ANR	2721316	Statement	COPY_ELEMENT	209:8:7220:7231	2720998	15	True				
ANR	2721317	Statement	(	209:20:7232:7232	2720998	16	True				
ANR	2721318	Statement	e	209:21:7233:7233	2720998	17	True				
ANR	2721319	Statement	)	209:22:7234:7234	2720998	18	True				
ANR	2721320	Statement	pim1	209:24:7236:7239	2720998	19	True				
ANR	2721321	Statement	->	209:28:7240:7241	2720998	20	True				
ANR	2721322	Statement	e	209:30:7242:7242	2720998	21	True				
ANR	2721323	Statement	=	209:32:7244:7244	2720998	22	True				
ANR	2721324	Statement	pim4	209:34:7246:7249	2720998	23	True				
ANR	2721325	Statement	->	209:38:7250:7251	2720998	24	True				
ANR	2721326	IdentifierDeclStatement	e COPY_ELEMENT ( ImageMatrix ) ;	209:40:7252:7287	2720998	25	True				
ANR	2721327	IdentifierDecl	COPY_ELEMENT ( ImageMatrix )		2720998	0					
ANR	2721328	IdentifierDeclType	e		2720998	0					
ANR	2721329	Identifier	COPY_ELEMENT		2720998	1					
ANR	2721330	Identifier	ImageMatrix		2720998	2					
ANR	2721331	ExpressionStatement	COPY_ELEMENT ( Width )	211:8:7297:7316	2720998	26	True				
ANR	2721332	CallExpression	COPY_ELEMENT ( Width )		2720998	0					
ANR	2721333	Callee	COPY_ELEMENT		2720998	0					
ANR	2721334	Identifier	COPY_ELEMENT		2720998	0					
ANR	2721335	ArgumentList	Width		2720998	1					
ANR	2721336	Argument	Width		2720998	0					
ANR	2721337	Identifier	Width		2720998	0					
ANR	2721338	ExpressionStatement	COPY_ELEMENT ( Height )	212:8:7326:7346	2720998	27	True				
ANR	2721339	CallExpression	COPY_ELEMENT ( Height )		2720998	0					
ANR	2721340	Callee	COPY_ELEMENT		2720998	0					
ANR	2721341	Identifier	COPY_ELEMENT		2720998	0					
ANR	2721342	ArgumentList	Height		2720998	1					
ANR	2721343	Argument	Height		2720998	0					
ANR	2721344	Identifier	Height		2720998	0					
ANR	2721345	ExpressionStatement	pim1 -> BitsPerComponent = 1	213:8:7356:7382	2720998	28	True				
ANR	2721346	AssignmentExpression	pim1 -> BitsPerComponent = 1		2720998	0		=			
ANR	2721347	PtrMemberAccess	pim1 -> BitsPerComponent		2720998	0					
ANR	2721348	Identifier	pim1		2720998	0					
ANR	2721349	Identifier	BitsPerComponent		2720998	1					
ANR	2721350	PrimaryExpression	1		2720998	1					
ANR	2721351	ExpressionStatement	COPY_ELEMENT ( Interpolate )	215:8:7417:7442	2720998	29	True				
ANR	2721352	CallExpression	COPY_ELEMENT ( Interpolate )		2720998	0					
ANR	2721353	Callee	COPY_ELEMENT		2720998	0					
ANR	2721354	Identifier	COPY_ELEMENT		2720998	0					
ANR	2721355	ArgumentList	Interpolate		2720998	1					
ANR	2721356	Argument	Interpolate		2720998	0					
ANR	2721357	Identifier	Interpolate		2720998	0					
ANR	2721358	ExpressionStatement	pim1 -> format = gs_image_format_chunky	216:8:7452:7489	2720998	30	True				
ANR	2721359	AssignmentExpression	pim1 -> format = gs_image_format_chunky		2720998	0		=			
ANR	2721360	PtrMemberAccess	pim1 -> format		2720998	0					
ANR	2721361	Identifier	pim1		2720998	0					
ANR	2721362	Identifier	format		2720998	1					
ANR	2721363	Identifier	gs_image_format_chunky		2720998	1					
ANR	2721364	Statement	undef	217:1:7522:7526	2720998	31	True				
ANR	2721365	Statement	COPY_ELEMENT	217:7:7528:7539	2720998	32	True				
ANR	2721366	ReturnStatement	return 0 ;	218:8:7549:7557	2720998	33	True				
ANR	2721367	PrimaryExpression	0		2720998	0					
ANR	2721368	ReturnStatement	return - 1 ;	220:4:7569:7578	2720998	1	True				
ANR	2721369	UnaryOperationExpression	- 1		2720998	0					
ANR	2721370	UnaryOperator	-		2720998	0					
ANR	2721371	PrimaryExpression	1		2720998	1					
ANR	2721372	ReturnType	static int		2720998	1					
ANR	2721373	Identifier	pdf_convert_image4_to_image1		2720998	2					
ANR	2721374	ParameterList	"gx_device_pdf * pdev , const gs_gstate * pgs , const gx_drawing_color * pbcolor , const gs_image4_t * pim4 , gs_image_t * pim1 , gx_drawing_color * pdcolor"		2720998	3					
ANR	2721375	Parameter	gx_device_pdf * pdev	133:29:4372:4390	2720998	0	True				
ANR	2721376	ParameterType	gx_device_pdf *		2720998	0					
ANR	2721377	Identifier	pdev		2720998	1					
ANR	2721378	Parameter	const gs_gstate * pgs	134:29:4422:4441	2720998	1	True				
ANR	2721379	ParameterType	const gs_gstate *		2720998	0					
ANR	2721380	Identifier	pgs		2720998	1					
ANR	2721381	Parameter	const gx_drawing_color * pbcolor	135:29:4473:4503	2720998	2	True				
ANR	2721382	ParameterType	const gx_drawing_color *		2720998	0					
ANR	2721383	Identifier	pbcolor		2720998	1					
ANR	2721384	Parameter	const gs_image4_t * pim4	136:29:4535:4557	2720998	3	True				
ANR	2721385	ParameterType	const gs_image4_t *		2720998	0					
ANR	2721386	Identifier	pim4		2720998	1					
ANR	2721387	Parameter	gs_image_t * pim1	136:54:4560:4575	2720998	4	True				
ANR	2721388	ParameterType	gs_image_t *		2720998	0					
ANR	2721389	Identifier	pim1		2720998	1					
ANR	2721390	Parameter	gx_drawing_color * pdcolor	137:29:4607:4631	2720998	5	True				
ANR	2721391	ParameterType	gx_drawing_color *		2720998	0					
ANR	2721392	Identifier	pdcolor		2720998	1					
ANR	2721393	CFGEntryNode	ENTRY		2720998		True				
ANR	2721394	CFGExitNode	EXIT		2720998		True				
ANR	2721395	Symbol	lop_rop		2720998						
ANR	2721396	Symbol	black_or_white		2720998						
ANR	2721397	Symbol	pim4 -> BitsPerComponent		2720998						
ANR	2721398	Symbol	* cc		2720998						
ANR	2721399	Symbol	pim4 -> ColorSpace -> type -> num_components		2720998						
ANR	2721400	Symbol	* pgs		2720998						
ANR	2721401	Symbol	* pcs		2720998						
ANR	2721402	Symbol	& cc		2720998						
ANR	2721403	Symbol	pdev		2720998						
ANR	2721404	Symbol	pim4 -> MaskColor		2720998						
ANR	2721405	Symbol	lop_know_S_0		2720998						
ANR	2721406	Symbol	lop_know_S_1		2720998						
ANR	2721407	Symbol	pim4		2720998						
ANR	2721408	Symbol	dev		2720998						
ANR	2721409	Symbol	* cc . paint . values		2720998						
ANR	2721410	Symbol	* pim4 -> Decode		2720998						
ANR	2721411	Symbol	pim1 -> format		2720998						
ANR	2721412	Symbol	pcs -> type		2720998						
ANR	2721413	Symbol	COPY_ELEMENT		2720998						
ANR	2721414	Symbol	gs_image_format_chunky		2720998						
ANR	2721415	Symbol	pim4 -> MaskColor_is_range		2720998						
ANR	2721416	Symbol	* pim4 -> ColorSpace -> type		2720998						
ANR	2721417	Symbol	pim1		2720998						
ANR	2721418	Symbol	pbcolor		2720998						
ANR	2721419	Symbol	write_1s		2720998						
ANR	2721420	Symbol	* * * pim4		2720998						
ANR	2721421	Symbol	* * pcs		2720998						
ANR	2721422	Symbol	cc . paint . values		2720998						
ANR	2721423	Symbol	cc . pattern		2720998						
ANR	2721424	Symbol	code		2720998						
ANR	2721425	Symbol	* * pim4 -> ColorSpace		2720998						
ANR	2721426	Symbol	lop		2720998						
ANR	2721427	Symbol	lop_S_transparent		2720998						
ANR	2721428	Symbol	lop_know_T_0		2720998						
ANR	2721429	Symbol	lop_know_T_1		2720998						
ANR	2721430	Symbol	* * pim4		2720998						
ANR	2721431	Symbol	pim1 -> BitsPerComponent		2720998						
ANR	2721432	Symbol	* pcs -> type		2720998						
ANR	2721433	Symbol	Height		2720998						
ANR	2721434	Symbol	* pim4 -> MaskColor		2720998						
ANR	2721435	Symbol	pgs		2720998						
ANR	2721436	Symbol	pim4 -> ColorSpace		2720998						
ANR	2721437	Symbol	Width		2720998						
ANR	2721438	Symbol	pim4 -> ColorSpace -> type		2720998						
ANR	2721439	Symbol	* pim4 -> ColorSpace		2720998						
ANR	2721440	Symbol	cc		2720998						
ANR	2721441	Symbol	pcs		2720998						
ANR	2721442	Symbol	pcs -> type -> remap_color		2720998						
ANR	2721443	Symbol	pgs -> log_op		2720998						
ANR	2721444	Symbol	false		2720998						
ANR	2721445	Symbol	pdcolor		2720998						
ANR	2721446	Symbol	gs_color_select_texture		2720998						
ANR	2721447	Symbol	color_is_black_or_white		2720998						
ANR	2721448	Symbol	* pim1		2720998						
ANR	2721449	Symbol	* cc . paint		2720998						
ANR	2721450	Symbol	* write_1s		2720998						
ANR	2721451	Symbol	Interpolate		2720998						
ANR	2721452	Symbol	* pim4		2720998						
ANR	2721453	Symbol	pim4 -> Decode		2720998						
ANR	2721454	Symbol	cc . paint		2720998						
ANR	2721455	Symbol	pim4 -> CombineWithColor		2720998						
ANR	2721456	Function	pdf_begin_image_data_decoded	223:0:7604:8359							
ANR	2721457	FunctionDef	"pdf_begin_image_data_decoded (gx_device_pdf * pdev , int num_components , const gs_range_t * pranges , int i , gs_pixel_image_t * pi , cos_value_t * cs_value , pdf_image_enum * pie)"		2721456	0					
ANR	2721458	CompoundStatement		226:0:7814:8359	2721456	0					
ANR	2721459	IfStatement	if ( pranges )		2721456	0					
ANR	2721460	Condition	pranges	228:8:7825:7831	2721456	0	True				
ANR	2721461	Identifier	pranges		2721456	0					
ANR	2721462	CompoundStatement		7:8:165:170	2721456	1					
ANR	2721463	IdentifierDeclStatement	const gs_range_t * pr = pranges ;	230:8:7904:7934	2721456	0	True				
ANR	2721464	IdentifierDecl	* pr = pranges		2721456	0					
ANR	2721465	IdentifierDeclType	const gs_range_t *		2721456	0					
ANR	2721466	Identifier	pr		2721456	1					
ANR	2721467	AssignmentExpression	* pr = pranges		2721456	2		=			
ANR	2721468	Identifier	pranges		2721456	0					
ANR	2721469	Identifier	pranges		2721456	1					
ANR	2721470	IdentifierDeclStatement	float * decode = pi -> Decode ;	231:8:7944:7970	2721456	1	True				
ANR	2721471	IdentifierDecl	* decode = pi -> Decode		2721456	0					
ANR	2721472	IdentifierDeclType	float *		2721456	0					
ANR	2721473	Identifier	decode		2721456	1					
ANR	2721474	AssignmentExpression	* decode = pi -> Decode		2721456	2		=			
ANR	2721475	Identifier	decode		2721456	0					
ANR	2721476	PtrMemberAccess	pi -> Decode		2721456	1					
ANR	2721477	Identifier	pi		2721456	0					
ANR	2721478	Identifier	Decode		2721456	1					
ANR	2721479	IdentifierDeclStatement	int j ;	232:8:7980:7985	2721456	2	True				
ANR	2721480	IdentifierDecl	j		2721456	0					
ANR	2721481	IdentifierDeclType	int		2721456	0					
ANR	2721482	Identifier	j		2721456	1					
ANR	2721483	ForStatement	"for ( j = 0 ; j < num_components ; ++ j , ++ pr , decode += 2 )"		2721456	3					
ANR	2721484	ForInit	j = 0 ;	234:13:8001:8006	2721456	0	True				
ANR	2721485	AssignmentExpression	j = 0		2721456	0		=			
ANR	2721486	Identifier	j		2721456	0					
ANR	2721487	PrimaryExpression	0		2721456	1					
ANR	2721488	Condition	j < num_components	234:20:8008:8025	2721456	1	True				
ANR	2721489	RelationalExpression	j < num_components		2721456	0		<			
ANR	2721490	Identifier	j		2721456	0					
ANR	2721491	Identifier	num_components		2721456	1					
ANR	2721492	Expression	"++ j , ++ pr , decode += 2"	234:40:8028:8049	2721456	2	True				
ANR	2721493	UnaryExpression	++ j		2721456	0					
ANR	2721494	IncDec	++		2721456	0					
ANR	2721495	Identifier	j		2721456	1					
ANR	2721496	Expression	"++ pr , decode += 2"		2721456	1					
ANR	2721497	UnaryExpression	++ pr		2721456	0					
ANR	2721498	IncDec	++		2721456	0					
ANR	2721499	Identifier	pr		2721456	1					
ANR	2721500	AssignmentExpression	decode += 2		2721456	1		+=			
ANR	2721501	Identifier	decode		2721456	0					
ANR	2721502	PrimaryExpression	2		2721456	1					
ANR	2721503	CompoundStatement		11:12:306:354	2721456	3					
ANR	2721504	IdentifierDeclStatement	"double vmin = decode [ 0 ] , vmax = decode [ 1 ] ;"	235:12:8066:8107	2721456	0	True				
ANR	2721505	IdentifierDecl	vmin = decode [ 0 ]		2721456	0					
ANR	2721506	IdentifierDeclType	double		2721456	0					
ANR	2721507	Identifier	vmin		2721456	1					
ANR	2721508	AssignmentExpression	vmin = decode [ 0 ]		2721456	2		=			
ANR	2721509	Identifier	vmin		2721456	0					
ANR	2721510	ArrayIndexing	decode [ 0 ]		2721456	1					
ANR	2721511	Identifier	decode		2721456	0					
ANR	2721512	PrimaryExpression	0		2721456	1					
ANR	2721513	IdentifierDecl	vmax = decode [ 1 ]		2721456	1					
ANR	2721514	IdentifierDeclType	double		2721456	0					
ANR	2721515	Identifier	vmax		2721456	1					
ANR	2721516	AssignmentExpression	vmax = decode [ 1 ]		2721456	2		=			
ANR	2721517	Identifier	vmax		2721456	0					
ANR	2721518	ArrayIndexing	decode [ 1 ]		2721456	1					
ANR	2721519	Identifier	decode		2721456	0					
ANR	2721520	PrimaryExpression	1		2721456	1					
ANR	2721521	IdentifierDeclStatement	"double base = pr -> rmin , factor = pr -> rmax - base ;"	236:12:8121:8169	2721456	1	True				
ANR	2721522	IdentifierDecl	base = pr -> rmin		2721456	0					
ANR	2721523	IdentifierDeclType	double		2721456	0					
ANR	2721524	Identifier	base		2721456	1					
ANR	2721525	AssignmentExpression	base = pr -> rmin		2721456	2		=			
ANR	2721526	Identifier	base		2721456	0					
ANR	2721527	PtrMemberAccess	pr -> rmin		2721456	1					
ANR	2721528	Identifier	pr		2721456	0					
ANR	2721529	Identifier	rmin		2721456	1					
ANR	2721530	IdentifierDecl	factor = pr -> rmax - base		2721456	1					
ANR	2721531	IdentifierDeclType	double		2721456	0					
ANR	2721532	Identifier	factor		2721456	1					
ANR	2721533	AssignmentExpression	factor = pr -> rmax - base		2721456	2		=			
ANR	2721534	Identifier	factor		2721456	0					
ANR	2721535	AdditiveExpression	pr -> rmax - base		2721456	1		-			
ANR	2721536	PtrMemberAccess	pr -> rmax		2721456	0					
ANR	2721537	Identifier	pr		2721456	0					
ANR	2721538	Identifier	rmax		2721456	1					
ANR	2721539	Identifier	base		2721456	1					
ANR	2721540	ExpressionStatement	decode [ 1 ] = ( vmax - vmin ) / factor + ( vmin - base )	238:12:8184:8234	2721456	2	True				
ANR	2721541	AssignmentExpression	decode [ 1 ] = ( vmax - vmin ) / factor + ( vmin - base )		2721456	0		=			
ANR	2721542	ArrayIndexing	decode [ 1 ]		2721456	0					
ANR	2721543	Identifier	decode		2721456	0					
ANR	2721544	PrimaryExpression	1		2721456	1					
ANR	2721545	AdditiveExpression	( vmax - vmin ) / factor + ( vmin - base )		2721456	1		+			
ANR	2721546	MultiplicativeExpression	( vmax - vmin ) / factor		2721456	0		/			
ANR	2721547	AdditiveExpression	vmax - vmin		2721456	0		-			
ANR	2721548	Identifier	vmax		2721456	0					
ANR	2721549	Identifier	vmin		2721456	1					
ANR	2721550	Identifier	factor		2721456	1					
ANR	2721551	AdditiveExpression	vmin - base		2721456	1		-			
ANR	2721552	Identifier	vmin		2721456	0					
ANR	2721553	Identifier	base		2721456	1					
ANR	2721554	ExpressionStatement	decode [ 0 ] = vmin - base	239:12:8248:8271	2721456	3	True				
ANR	2721555	AssignmentExpression	decode [ 0 ] = vmin - base		2721456	0		=			
ANR	2721556	ArrayIndexing	decode [ 0 ]		2721456	0					
ANR	2721557	Identifier	decode		2721456	0					
ANR	2721558	PrimaryExpression	0		2721456	1					
ANR	2721559	AdditiveExpression	vmin - base		2721456	1		-			
ANR	2721560	Identifier	vmin		2721456	0					
ANR	2721561	Identifier	base		2721456	1					
ANR	2721562	ReturnStatement	"return pdf_begin_image_data ( pdev , & pie -> writer , pi , cs_value , i ) ;"	242:4:8293:8357	2721456	1	True				
ANR	2721563	CallExpression	"pdf_begin_image_data ( pdev , & pie -> writer , pi , cs_value , i )"		2721456	0					
ANR	2721564	Callee	pdf_begin_image_data		2721456	0					
ANR	2721565	Identifier	pdf_begin_image_data		2721456	0					
ANR	2721566	ArgumentList	pdev		2721456	1					
ANR	2721567	Argument	pdev		2721456	0					
ANR	2721568	Identifier	pdev		2721456	0					
ANR	2721569	Argument	& pie -> writer		2721456	1					
ANR	2721570	UnaryOperationExpression	& pie -> writer		2721456	0					
ANR	2721571	UnaryOperator	&		2721456	0					
ANR	2721572	PtrMemberAccess	pie -> writer		2721456	1					
ANR	2721573	Identifier	pie		2721456	0					
ANR	2721574	Identifier	writer		2721456	1					
ANR	2721575	Argument	pi		2721456	2					
ANR	2721576	Identifier	pi		2721456	0					
ANR	2721577	Argument	cs_value		2721456	3					
ANR	2721578	Identifier	cs_value		2721456	0					
ANR	2721579	Argument	i		2721456	4					
ANR	2721580	Identifier	i		2721456	0					
ANR	2721581	ReturnType	static int		2721456	1					
ANR	2721582	Identifier	pdf_begin_image_data_decoded		2721456	2					
ANR	2721583	ParameterList	"gx_device_pdf * pdev , int num_components , const gs_range_t * pranges , int i , gs_pixel_image_t * pi , cos_value_t * cs_value , pdf_image_enum * pie"		2721456	3					
ANR	2721584	Parameter	gx_device_pdf * pdev	224:29:7644:7662	2721456	0	True				
ANR	2721585	ParameterType	gx_device_pdf *		2721456	0					
ANR	2721586	Identifier	pdev		2721456	1					
ANR	2721587	Parameter	int num_components	224:50:7665:7682	2721456	1	True				
ANR	2721588	ParameterType	int		2721456	0					
ANR	2721589	Identifier	num_components		2721456	1					
ANR	2721590	Parameter	const gs_range_t * pranges	224:70:7685:7709	2721456	2	True				
ANR	2721591	ParameterType	const gs_range_t *		2721456	0					
ANR	2721592	Identifier	pranges		2721456	1					
ANR	2721593	Parameter	int i	224:97:7712:7716	2721456	3	True				
ANR	2721594	ParameterType	int		2721456	0					
ANR	2721595	Identifier	i		2721456	1					
ANR	2721596	Parameter	gs_pixel_image_t * pi	225:29:7748:7767	2721456	4	True				
ANR	2721597	ParameterType	gs_pixel_image_t *		2721456	0					
ANR	2721598	Identifier	pi		2721456	1					
ANR	2721599	Parameter	cos_value_t * cs_value	225:51:7770:7790	2721456	5	True				
ANR	2721600	ParameterType	cos_value_t *		2721456	0					
ANR	2721601	Identifier	cs_value		2721456	1					
ANR	2721602	Parameter	pdf_image_enum * pie	225:74:7793:7811	2721456	6	True				
ANR	2721603	ParameterType	pdf_image_enum *		2721456	0					
ANR	2721604	Identifier	pie		2721456	1					
ANR	2721605	CFGEntryNode	ENTRY		2721456		True				
ANR	2721606	CFGExitNode	EXIT		2721456		True				
ANR	2721607	Symbol	pr		2721456						
ANR	2721608	Symbol	pi -> Decode		2721456						
ANR	2721609	Symbol	pdf_begin_image_data		2721456						
ANR	2721610	Symbol	i		2721456						
ANR	2721611	Symbol	pranges		2721456						
ANR	2721612	Symbol	j		2721456						
ANR	2721613	Symbol	num_components		2721456						
ANR	2721614	Symbol	cs_value		2721456						
ANR	2721615	Symbol	vmin		2721456						
ANR	2721616	Symbol	* pr		2721456						
ANR	2721617	Symbol	decode		2721456						
ANR	2721618	Symbol	pr -> rmin		2721456						
ANR	2721619	Symbol	pie		2721456						
ANR	2721620	Symbol	pdev		2721456						
ANR	2721621	Symbol	& pie -> writer		2721456						
ANR	2721622	Symbol	pi		2721456						
ANR	2721623	Symbol	vmax		2721456						
ANR	2721624	Symbol	* pi		2721456						
ANR	2721625	Symbol	factor		2721456						
ANR	2721626	Symbol	pr -> rmax		2721456						
ANR	2721627	Symbol	* decode		2721456						
ANR	2721628	Symbol	base		2721456						
ANR	2721629	Function	make_device_color_space	245:0:8362:9377							
ANR	2721630	FunctionDef	"make_device_color_space (gx_device_pdf * pdev , gs_color_space_index output_cspace_index , gs_color_space * * ppcs)"		2721629	0					
ANR	2721631	CompoundStatement		249:0:8531:9377	2721629	0					
ANR	2721632	IdentifierDeclStatement	gs_color_space * cs ;	250:4:8537:8555	2721629	0	True				
ANR	2721633	IdentifierDecl	* cs		2721629	0					
ANR	2721634	IdentifierDeclType	gs_color_space *		2721629	0					
ANR	2721635	Identifier	cs		2721629	1					
ANR	2721636	IdentifierDeclStatement	gs_memory_t * mem = pdev -> v_memory ;	251:4:8561:8594	2721629	1	True				
ANR	2721637	IdentifierDecl	* mem = pdev -> v_memory		2721629	0					
ANR	2721638	IdentifierDeclType	gs_memory_t *		2721629	0					
ANR	2721639	Identifier	mem		2721629	1					
ANR	2721640	AssignmentExpression	* mem = pdev -> v_memory		2721629	2		=			
ANR	2721641	Identifier	mem		2721629	0					
ANR	2721642	PtrMemberAccess	pdev -> v_memory		2721629	1					
ANR	2721643	Identifier	pdev		2721629	0					
ANR	2721644	Identifier	v_memory		2721629	1					
ANR	2721645	SwitchStatement	switch ( output_cspace_index )		2721629	2					
ANR	2721646	Condition	output_cspace_index	253:12:8609:8627	2721629	0	True				
ANR	2721647	Identifier	output_cspace_index		2721629	0					
ANR	2721648	CompoundStatement		5:33:98:98	2721629	1					
ANR	2721649	Label	case gs_color_space_index_DeviceGray :	254:8:8640:8676	2721629	0	True				
ANR	2721650	Identifier	gs_color_space_index_DeviceGray		2721629	0					
ANR	2721651	ExpressionStatement	cs = gs_cspace_new_DeviceGray ( mem )	255:12:8690:8724	2721629	1	True				
ANR	2721652	AssignmentExpression	cs = gs_cspace_new_DeviceGray ( mem )		2721629	0		=			
ANR	2721653	Identifier	cs		2721629	0					
ANR	2721654	CallExpression	gs_cspace_new_DeviceGray ( mem )		2721629	1					
ANR	2721655	Callee	gs_cspace_new_DeviceGray		2721629	0					
ANR	2721656	Identifier	gs_cspace_new_DeviceGray		2721629	0					
ANR	2721657	ArgumentList	mem		2721629	1					
ANR	2721658	Argument	mem		2721629	0					
ANR	2721659	Identifier	mem		2721629	0					
ANR	2721660	BreakStatement	break ;	256:12:8738:8743	2721629	2	True				
ANR	2721661	Label	case gs_color_space_index_DeviceRGB :	257:8:8753:8788	2721629	3	True				
ANR	2721662	Identifier	gs_color_space_index_DeviceRGB		2721629	0					
ANR	2721663	ExpressionStatement	cs = gs_cspace_new_DeviceRGB ( mem )	258:12:8802:8835	2721629	4	True				
ANR	2721664	AssignmentExpression	cs = gs_cspace_new_DeviceRGB ( mem )		2721629	0		=			
ANR	2721665	Identifier	cs		2721629	0					
ANR	2721666	CallExpression	gs_cspace_new_DeviceRGB ( mem )		2721629	1					
ANR	2721667	Callee	gs_cspace_new_DeviceRGB		2721629	0					
ANR	2721668	Identifier	gs_cspace_new_DeviceRGB		2721629	0					
ANR	2721669	ArgumentList	mem		2721629	1					
ANR	2721670	Argument	mem		2721629	0					
ANR	2721671	Identifier	mem		2721629	0					
ANR	2721672	BreakStatement	break ;	259:12:8849:8854	2721629	5	True				
ANR	2721673	Label	case gs_color_space_index_DeviceCMYK :	260:8:8864:8900	2721629	6	True				
ANR	2721674	Identifier	gs_color_space_index_DeviceCMYK		2721629	0					
ANR	2721675	ExpressionStatement	cs = gs_cspace_new_DeviceCMYK ( mem )	261:12:8914:8948	2721629	7	True				
ANR	2721676	AssignmentExpression	cs = gs_cspace_new_DeviceCMYK ( mem )		2721629	0		=			
ANR	2721677	Identifier	cs		2721629	0					
ANR	2721678	CallExpression	gs_cspace_new_DeviceCMYK ( mem )		2721629	1					
ANR	2721679	Callee	gs_cspace_new_DeviceCMYK		2721629	0					
ANR	2721680	Identifier	gs_cspace_new_DeviceCMYK		2721629	0					
ANR	2721681	ArgumentList	mem		2721629	1					
ANR	2721682	Argument	mem		2721629	0					
ANR	2721683	Identifier	mem		2721629	0					
ANR	2721684	BreakStatement	break ;	262:12:8962:8967	2721629	8	True				
ANR	2721685	Label	default :	263:8:8977:8984	2721629	9	True				
ANR	2721686	Identifier	default		2721629	0					
ANR	2721687	ExpressionStatement	"emprintf ( mem , ""Unsupported ProcessColorModel"" )"	268:12:9185:9231	2721629	10	True				
ANR	2721688	CallExpression	"emprintf ( mem , ""Unsupported ProcessColorModel"" )"		2721629	0					
ANR	2721689	Callee	emprintf		2721629	0					
ANR	2721690	Identifier	emprintf		2721629	0					
ANR	2721691	ArgumentList	mem		2721629	1					
ANR	2721692	Argument	mem		2721629	0					
ANR	2721693	Identifier	mem		2721629	0					
ANR	2721694	Argument	"""Unsupported ProcessColorModel"""		2721629	1					
ANR	2721695	PrimaryExpression	"""Unsupported ProcessColorModel"""		2721629	0					
ANR	2721696	ExpressionStatement	return_error ( gs_error_undefined )	269:12:9245:9277	2721629	11	True				
ANR	2721697	CallExpression	return_error ( gs_error_undefined )		2721629	0					
ANR	2721698	Callee	return_error		2721629	0					
ANR	2721699	Identifier	return_error		2721629	0					
ANR	2721700	ArgumentList	gs_error_undefined		2721629	1					
ANR	2721701	Argument	gs_error_undefined		2721629	0					
ANR	2721702	Identifier	gs_error_undefined		2721629	0					
ANR	2721703	IfStatement	if ( cs == NULL )		2721629	3					
ANR	2721704	Condition	cs == NULL	272:8:9294:9303	2721629	0	True				
ANR	2721705	EqualityExpression	cs == NULL		2721629	0		==			
ANR	2721706	Identifier	cs		2721629	0					
ANR	2721707	Identifier	NULL		2721629	1					
ANR	2721708	ExpressionStatement	return_error ( gs_error_VMerror )	273:8:9314:9344	2721629	1	True				
ANR	2721709	CallExpression	return_error ( gs_error_VMerror )		2721629	0					
ANR	2721710	Callee	return_error		2721629	0					
ANR	2721711	Identifier	return_error		2721629	0					
ANR	2721712	ArgumentList	gs_error_VMerror		2721629	1					
ANR	2721713	Argument	gs_error_VMerror		2721629	0					
ANR	2721714	Identifier	gs_error_VMerror		2721629	0					
ANR	2721715	ExpressionStatement	* ppcs = cs	275:4:9351:9361	2721629	4	True				
ANR	2721716	AssignmentExpression	* ppcs = cs		2721629	0		=			
ANR	2721717	UnaryOperationExpression	* ppcs		2721629	0					
ANR	2721718	UnaryOperator	*		2721629	0					
ANR	2721719	Identifier	ppcs		2721629	1					
ANR	2721720	Identifier	cs		2721629	1					
ANR	2721721	ReturnStatement	return 0 ;	276:4:9367:9375	2721629	5	True				
ANR	2721722	PrimaryExpression	0		2721629	0					
ANR	2721723	ReturnType	static int		2721629	1					
ANR	2721724	Identifier	make_device_color_space		2721629	2					
ANR	2721725	ParameterList	"gx_device_pdf * pdev , gs_color_space_index output_cspace_index , gs_color_space * * ppcs"		2721629	3					
ANR	2721726	Parameter	gx_device_pdf * pdev	246:24:8397:8415	2721629	0	True				
ANR	2721727	ParameterType	gx_device_pdf *		2721629	0					
ANR	2721728	Identifier	pdev		2721629	1					
ANR	2721729	Parameter	gs_color_space_index output_cspace_index	247:24:8442:8481	2721629	1	True				
ANR	2721730	ParameterType	gs_color_space_index		2721629	0					
ANR	2721731	Identifier	output_cspace_index		2721629	1					
ANR	2721732	Parameter	gs_color_space * * ppcs	248:24:8508:8528	2721629	2	True				
ANR	2721733	ParameterType	gs_color_space * *		2721629	0					
ANR	2721734	Identifier	ppcs		2721629	1					
ANR	2721735	CFGEntryNode	ENTRY		2721629		True				
ANR	2721736	CFGExitNode	EXIT		2721629		True				
ANR	2721737	Symbol	NULL		2721629						
ANR	2721738	Symbol	ppcs		2721629						
ANR	2721739	Symbol	* ppcs		2721629						
ANR	2721740	Symbol	output_cspace_index		2721629						
ANR	2721741	Symbol	gs_cspace_new_DeviceRGB		2721629						
ANR	2721742	Symbol	gs_error_undefined		2721629						
ANR	2721743	Symbol	gs_cspace_new_DeviceGray		2721629						
ANR	2721744	Symbol	cs		2721629						
ANR	2721745	Symbol	pdev		2721629						
ANR	2721746	Symbol	gs_error_VMerror		2721629						
ANR	2721747	Symbol	mem		2721629						
ANR	2721748	Symbol	pdev -> v_memory		2721629						
ANR	2721749	Symbol	* pdev		2721629						
ANR	2721750	Symbol	gs_cspace_new_DeviceCMYK		2721629						
ANR	2721751	ClassDef	<unnamed>	284:8:9558:9714							
ANR	2721752	DeclStmt									
ANR	2721753	Decl									pdf_typed_image_context_t
ANR	2721754	ClassDef	image_union_s	295:8:9912:10107							
ANR	2721755	DeclStmt									
ANR	2721756	Decl							gs_pixel_image_t	gs_pixel_image_t	pixel
ANR	2721757	DeclStmt									
ANR	2721758	Decl							gs_image1_t	gs_image1_t	type1
ANR	2721759	DeclStmt									
ANR	2721760	Decl							gs_image3_t	gs_image3_t	type3
ANR	2721761	DeclStmt									
ANR	2721762	Decl							gs_image3x_t	gs_image3x_t	type3x
ANR	2721763	DeclStmt									
ANR	2721764	Decl							gs_image4_t	gs_image4_t	type4
ANR	2721765	DeclStmt									
ANR	2721766	Decl							image_union_s	image_union_s	image_union_t
ANR	2721767	DeclStmt									
ANR	2721768	Decl							int	"int ( gx_device_pdf * pdev , const gs_gstate * pgs , const gs_matrix * pmat , const gs_image_common_t * pic , const gs_int_rect * prect , const gx_drawing_color * pdcolor , const gx_clip_path * pcpath , gs_memory_t * mem , gx_image_enum_common_t * * pinfo , pdf_typed_image_context_t context )"	pdf_begin_typed_image
ANR	2721769	Function	setup_type1_image	310:0:10439:11346							
ANR	2721770	FunctionDef	"setup_type1_image (gx_device_pdf * pdev , const gs_image_common_t * pic , const gx_drawing_color * pdcolor , image_union_t * image , pdf_typed_image_context_t context)"		2721769	0					
ANR	2721771	CompoundStatement		313:0:10668:11346	2721769	0					
ANR	2721772	IdentifierDeclStatement	const gs_image_t * pim1 = ( const gs_image_t * ) pic ;	314:4:10674:10722	2721769	0	True				
ANR	2721773	IdentifierDecl	* pim1 = ( const gs_image_t * ) pic		2721769	0					
ANR	2721774	IdentifierDeclType	const gs_image_t *		2721769	0					
ANR	2721775	Identifier	pim1		2721769	1					
ANR	2721776	AssignmentExpression	* pim1 = ( const gs_image_t * ) pic		2721769	2		=			
ANR	2721777	Identifier	pim1		2721769	0					
ANR	2721778	CastExpression	( const gs_image_t * ) pic		2721769	1					
ANR	2721779	CastTarget	const gs_image_t *		2721769	0					
ANR	2721780	Identifier	pic		2721769	1					
ANR	2721781	IfStatement	if ( pim1 -> Alpha != gs_image_alpha_none )		2721769	1					
ANR	2721782	Condition	pim1 -> Alpha != gs_image_alpha_none	316:8:10733:10766	2721769	0	True				
ANR	2721783	EqualityExpression	pim1 -> Alpha != gs_image_alpha_none		2721769	0		!=			
ANR	2721784	PtrMemberAccess	pim1 -> Alpha		2721769	0					
ANR	2721785	Identifier	pim1		2721769	0					
ANR	2721786	Identifier	Alpha		2721769	1					
ANR	2721787	Identifier	gs_image_alpha_none		2721769	1					
ANR	2721788	ReturnStatement	return - 1 ;	317:8:10777:10786	2721769	1	True				
ANR	2721789	UnaryOperationExpression	- 1		2721769	0					
ANR	2721790	UnaryOperator	-		2721769	0					
ANR	2721791	PrimaryExpression	1		2721769	1					
ANR	2721792	IfStatement	if ( pim1 -> ImageMask )		2721769	2					
ANR	2721793	Condition	pim1 -> ImageMask	318:8:10796:10810	2721769	0	True				
ANR	2721794	PtrMemberAccess	pim1 -> ImageMask		2721769	0					
ANR	2721795	Identifier	pim1		2721769	0					
ANR	2721796	Identifier	ImageMask		2721769	1					
ANR	2721797	CompoundStatement		6:25:144:144	2721769	1					
ANR	2721798	IfStatement	if ( ! ( gx_dc_is_pattern1_color ( pdcolor ) ) )		2721769	0					
ANR	2721799	Condition	! ( gx_dc_is_pattern1_color ( pdcolor ) )	320:12:10901:10935	2721769	0	True				
ANR	2721800	UnaryOperationExpression	! ( gx_dc_is_pattern1_color ( pdcolor ) )		2721769	0					
ANR	2721801	UnaryOperator	!		2721769	0					
ANR	2721802	CallExpression	gx_dc_is_pattern1_color ( pdcolor )		2721769	1					
ANR	2721803	Callee	gx_dc_is_pattern1_color		2721769	0					
ANR	2721804	Identifier	gx_dc_is_pattern1_color		2721769	0					
ANR	2721805	ArgumentList	pdcolor		2721769	1					
ANR	2721806	Argument	pdcolor		2721769	0					
ANR	2721807	Identifier	pdcolor		2721769	0					
ANR	2721808	IfStatement	if ( pim1 -> BitsPerComponent != 1 || ! ( ( pim1 -> Decode [ 0 ] == 0.0 && pim1 -> Decode [ 1 ] == 1.0 ) || ( pim1 -> Decode [ 0 ] == 1.0 && pim1 -> Decode [ 1 ] == 0.0 ) ) )		2721769	1					
ANR	2721809	Condition	pim1 -> BitsPerComponent != 1 || ! ( ( pim1 -> Decode [ 0 ] == 0.0 && pim1 -> Decode [ 1 ] == 1.0 ) || ( pim1 -> Decode [ 0 ] == 1.0 && pim1 -> Decode [ 1 ] == 0.0 ) )	321:16:10954:11125	2721769	0	True				
ANR	2721810	OrExpression	pim1 -> BitsPerComponent != 1 || ! ( ( pim1 -> Decode [ 0 ] == 0.0 && pim1 -> Decode [ 1 ] == 1.0 ) || ( pim1 -> Decode [ 0 ] == 1.0 && pim1 -> Decode [ 1 ] == 0.0 ) )		2721769	0		||			
ANR	2721811	EqualityExpression	pim1 -> BitsPerComponent != 1		2721769	0		!=			
ANR	2721812	PtrMemberAccess	pim1 -> BitsPerComponent		2721769	0					
ANR	2721813	Identifier	pim1		2721769	0					
ANR	2721814	Identifier	BitsPerComponent		2721769	1					
ANR	2721815	PrimaryExpression	1		2721769	1					
ANR	2721816	UnaryOperationExpression	! ( ( pim1 -> Decode [ 0 ] == 0.0 && pim1 -> Decode [ 1 ] == 1.0 ) || ( pim1 -> Decode [ 0 ] == 1.0 && pim1 -> Decode [ 1 ] == 0.0 ) )		2721769	1					
ANR	2721817	UnaryOperator	!		2721769	0					
ANR	2721818	OrExpression	( pim1 -> Decode [ 0 ] == 0.0 && pim1 -> Decode [ 1 ] == 1.0 ) || ( pim1 -> Decode [ 0 ] == 1.0 && pim1 -> Decode [ 1 ] == 0.0 )		2721769	1		||			
ANR	2721819	AndExpression	pim1 -> Decode [ 0 ] == 0.0 && pim1 -> Decode [ 1 ] == 1.0		2721769	0		&&			
ANR	2721820	EqualityExpression	pim1 -> Decode [ 0 ] == 0.0		2721769	0		==			
ANR	2721821	ArrayIndexing	pim1 -> Decode [ 0 ]		2721769	0					
ANR	2721822	PtrMemberAccess	pim1 -> Decode		2721769	0					
ANR	2721823	Identifier	pim1		2721769	0					
ANR	2721824	Identifier	Decode		2721769	1					
ANR	2721825	PrimaryExpression	0		2721769	1					
ANR	2721826	PrimaryExpression	0.0		2721769	1					
ANR	2721827	EqualityExpression	pim1 -> Decode [ 1 ] == 1.0		2721769	1		==			
ANR	2721828	ArrayIndexing	pim1 -> Decode [ 1 ]		2721769	0					
ANR	2721829	PtrMemberAccess	pim1 -> Decode		2721769	0					
ANR	2721830	Identifier	pim1		2721769	0					
ANR	2721831	Identifier	Decode		2721769	1					
ANR	2721832	PrimaryExpression	1		2721769	1					
ANR	2721833	PrimaryExpression	1.0		2721769	1					
ANR	2721834	AndExpression	pim1 -> Decode [ 0 ] == 1.0 && pim1 -> Decode [ 1 ] == 0.0		2721769	1		&&			
ANR	2721835	EqualityExpression	pim1 -> Decode [ 0 ] == 1.0		2721769	0		==			
ANR	2721836	ArrayIndexing	pim1 -> Decode [ 0 ]		2721769	0					
ANR	2721837	PtrMemberAccess	pim1 -> Decode		2721769	0					
ANR	2721838	Identifier	pim1		2721769	0					
ANR	2721839	Identifier	Decode		2721769	1					
ANR	2721840	PrimaryExpression	0		2721769	1					
ANR	2721841	PrimaryExpression	1.0		2721769	1					
ANR	2721842	EqualityExpression	pim1 -> Decode [ 1 ] == 0.0		2721769	1		==			
ANR	2721843	ArrayIndexing	pim1 -> Decode [ 1 ]		2721769	0					
ANR	2721844	PtrMemberAccess	pim1 -> Decode		2721769	0					
ANR	2721845	Identifier	pim1		2721769	0					
ANR	2721846	Identifier	Decode		2721769	1					
ANR	2721847	PrimaryExpression	1		2721769	1					
ANR	2721848	PrimaryExpression	0.0		2721769	1					
ANR	2721849	ReturnStatement	return - 1 ;	325:16:11161:11170	2721769	1	True				
ANR	2721850	UnaryOperationExpression	- 1		2721769	0					
ANR	2721851	UnaryOperator	-		2721769	0					
ANR	2721852	PrimaryExpression	1		2721769	1					
ANR	2721853	ExpressionStatement	image [ 0 ] . type1 = * pim1	327:4:11182:11204	2721769	3	True				
ANR	2721854	AssignmentExpression	image [ 0 ] . type1 = * pim1		2721769	0		=			
ANR	2721855	MemberAccess	image [ 0 ] . type1		2721769	0					
ANR	2721856	ArrayIndexing	image [ 0 ]		2721769	0					
ANR	2721857	Identifier	image		2721769	0					
ANR	2721858	PrimaryExpression	0		2721769	1					
ANR	2721859	Identifier	type1		2721769	1					
ANR	2721860	UnaryOperationExpression	* pim1		2721769	1					
ANR	2721861	UnaryOperator	*		2721769	0					
ANR	2721862	Identifier	pim1		2721769	1					
ANR	2721863	ReturnStatement	"return ( context == PDF_IMAGE_DEFAULT && can_write_image_in_line ( pdev , pim1 ) ) ;"	329:4:11260:11344	2721769	4	True				
ANR	2721864	AndExpression	"context == PDF_IMAGE_DEFAULT && can_write_image_in_line ( pdev , pim1 )"		2721769	0		&&			
ANR	2721865	EqualityExpression	context == PDF_IMAGE_DEFAULT		2721769	0		==			
ANR	2721866	Identifier	context		2721769	0					
ANR	2721867	Identifier	PDF_IMAGE_DEFAULT		2721769	1					
ANR	2721868	CallExpression	"can_write_image_in_line ( pdev , pim1 )"		2721769	1					
ANR	2721869	Callee	can_write_image_in_line		2721769	0					
ANR	2721870	Identifier	can_write_image_in_line		2721769	0					
ANR	2721871	ArgumentList	pdev		2721769	1					
ANR	2721872	Argument	pdev		2721769	0					
ANR	2721873	Identifier	pdev		2721769	0					
ANR	2721874	Argument	pim1		2721769	1					
ANR	2721875	Identifier	pim1		2721769	0					
ANR	2721876	ReturnType	static int		2721769	1					
ANR	2721877	Identifier	setup_type1_image		2721769	2					
ANR	2721878	ParameterList	"gx_device_pdf * pdev , const gs_image_common_t * pic , const gx_drawing_color * pdcolor , image_union_t * image , pdf_typed_image_context_t context"		2721769	3					
ANR	2721879	Parameter	gx_device_pdf * pdev	310:29:10468:10486	2721769	0	True				
ANR	2721880	ParameterType	gx_device_pdf *		2721769	0					
ANR	2721881	Identifier	pdev		2721769	1					
ANR	2721882	Parameter	const gs_image_common_t * pic	310:50:10489:10516	2721769	1	True				
ANR	2721883	ParameterType	const gs_image_common_t *		2721769	0					
ANR	2721884	Identifier	pic		2721769	1					
ANR	2721885	Parameter	const gx_drawing_color * pdcolor	311:29:10548:10579	2721769	2	True				
ANR	2721886	ParameterType	const gx_drawing_color *		2721769	0					
ANR	2721887	Identifier	pdcolor		2721769	1					
ANR	2721888	Parameter	image_union_t * image	311:63:10582:10601	2721769	3	True				
ANR	2721889	ParameterType	image_union_t *		2721769	0					
ANR	2721890	Identifier	image		2721769	1					
ANR	2721891	Parameter	pdf_typed_image_context_t context	312:29:10633:10665	2721769	4	True				
ANR	2721892	ParameterType	pdf_typed_image_context_t		2721769	0					
ANR	2721893	Identifier	context		2721769	1					
ANR	2721894	CFGEntryNode	ENTRY		2721769		True				
ANR	2721895	CFGExitNode	EXIT		2721769		True				
ANR	2721896	Symbol	image		2721769						
ANR	2721897	Symbol	pim1 -> Decode		2721769						
ANR	2721898	Symbol	* pim1 -> Decode		2721769						
ANR	2721899	Symbol	pim1		2721769						
ANR	2721900	Symbol	pdcolor		2721769						
ANR	2721901	Symbol	pic		2721769						
ANR	2721902	Symbol	image [ 0 ] . type1		2721769						
ANR	2721903	Symbol	PDF_IMAGE_DEFAULT		2721769						
ANR	2721904	Symbol	pdev		2721769						
ANR	2721905	Symbol	* pim1		2721769						
ANR	2721906	Symbol	* * pim1		2721769						
ANR	2721907	Symbol	pim1 -> ImageMask		2721769						
ANR	2721908	Symbol	gx_dc_is_pattern1_color		2721769						
ANR	2721909	Symbol	pim1 -> Alpha		2721769						
ANR	2721910	Symbol	pim1 -> BitsPerComponent		2721769						
ANR	2721911	Symbol	context		2721769						
ANR	2721912	Symbol	gs_image_alpha_none		2721769						
ANR	2721913	Symbol	* image		2721769						
ANR	2721914	Symbol	can_write_image_in_line		2721769						
ANR	2721915	Function	setup_type3_image	333:0:11349:14048							
ANR	2721916	FunctionDef	"setup_type3_image (gx_device_pdf * pdev , const gs_gstate * pgs , const gs_matrix * pmat , const gs_image_common_t * pic , const gs_int_rect * prect , const gx_drawing_color * pdcolor , const gx_clip_path * pcpath , gs_memory_t * mem , gx_image_enum_common_t * * pinfo , image_union_t * image)"		2721915	0					
ANR	2721917	CompoundStatement		340:0:11771:14048	2721915	0					
ANR	2721918	IdentifierDeclStatement	const gs_image3_t * pim3 = ( const gs_image3_t * ) pic ;	341:4:11777:11827	2721915	0	True				
ANR	2721919	IdentifierDecl	* pim3 = ( const gs_image3_t * ) pic		2721915	0					
ANR	2721920	IdentifierDeclType	const gs_image3_t *		2721915	0					
ANR	2721921	Identifier	pim3		2721915	1					
ANR	2721922	AssignmentExpression	* pim3 = ( const gs_image3_t * ) pic		2721915	2		=			
ANR	2721923	Identifier	pim3		2721915	0					
ANR	2721924	CastExpression	( const gs_image3_t * ) pic		2721915	1					
ANR	2721925	CastTarget	const gs_image3_t *		2721915	0					
ANR	2721926	Identifier	pic		2721915	1					
ANR	2721927	IdentifierDeclStatement	gs_image3_t pim3a ;	342:4:11833:11850	2721915	1	True				
ANR	2721928	IdentifierDecl	pim3a		2721915	0					
ANR	2721929	IdentifierDeclType	gs_image3_t		2721915	0					
ANR	2721930	Identifier	pim3a		2721915	1					
ANR	2721931	IdentifierDeclStatement	const gs_image_common_t * pic1 = pic ;	343:4:11856:11891	2721915	2	True				
ANR	2721932	IdentifierDecl	* pic1 = pic		2721915	0					
ANR	2721933	IdentifierDeclType	const gs_image_common_t *		2721915	0					
ANR	2721934	Identifier	pic1		2721915	1					
ANR	2721935	AssignmentExpression	* pic1 = pic		2721915	2		=			
ANR	2721936	Identifier	pic		2721915	0					
ANR	2721937	Identifier	pic		2721915	1					
ANR	2721938	IdentifierDeclStatement	"gs_matrix m , mi ;"	344:4:11897:11912	2721915	3	True				
ANR	2721939	IdentifierDecl	m		2721915	0					
ANR	2721940	IdentifierDeclType	gs_matrix		2721915	0					
ANR	2721941	Identifier	m		2721915	1					
ANR	2721942	IdentifierDecl	mi		2721915	1					
ANR	2721943	IdentifierDeclType	gs_matrix		2721915	0					
ANR	2721944	Identifier	mi		2721915	1					
ANR	2721945	IdentifierDeclStatement	const gs_matrix * pmat1 = pmat ;	345:4:11918:11947	2721915	4	True				
ANR	2721946	IdentifierDecl	* pmat1 = pmat		2721915	0					
ANR	2721947	IdentifierDeclType	const gs_matrix *		2721915	0					
ANR	2721948	Identifier	pmat1		2721915	1					
ANR	2721949	AssignmentExpression	* pmat1 = pmat		2721915	2		=			
ANR	2721950	Identifier	pmat		2721915	0					
ANR	2721951	Identifier	pmat		2721915	1					
ANR	2721952	IdentifierDeclStatement	int code ;	346:4:11953:11961	2721915	5	True				
ANR	2721953	IdentifierDecl	code		2721915	0					
ANR	2721954	IdentifierDeclType	int		2721915	0					
ANR	2721955	Identifier	code		2721915	1					
ANR	2721956	IfStatement	if ( pdev -> CompatibilityLevel < 1.3 && ! pdev -> PatternImagemask )		2721915	6					
ANR	2721957	Condition	pdev -> CompatibilityLevel < 1.3 && ! pdev -> PatternImagemask	348:8:11972:12028	2721915	0	True				
ANR	2721958	AndExpression	pdev -> CompatibilityLevel < 1.3 && ! pdev -> PatternImagemask		2721915	0		&&			
ANR	2721959	RelationalExpression	pdev -> CompatibilityLevel < 1.3		2721915	0		<			
ANR	2721960	PtrMemberAccess	pdev -> CompatibilityLevel		2721915	0					
ANR	2721961	Identifier	pdev		2721915	0					
ANR	2721962	Identifier	CompatibilityLevel		2721915	1					
ANR	2721963	PrimaryExpression	1.3		2721915	1					
ANR	2721964	UnaryOperationExpression	! pdev -> PatternImagemask		2721915	1					
ANR	2721965	UnaryOperator	!		2721915	0					
ANR	2721966	PtrMemberAccess	pdev -> PatternImagemask		2721915	1					
ANR	2721967	Identifier	pdev		2721915	0					
ANR	2721968	Identifier	PatternImagemask		2721915	1					
ANR	2721969	CompoundStatement		9:67:259:259	2721915	1					
ANR	2721970	ExpressionStatement	"code = pdf_check_soft_mask ( pdev , ( gs_gstate * ) pgs )"	349:8:12041:12091	2721915	0	True				
ANR	2721971	AssignmentExpression	"code = pdf_check_soft_mask ( pdev , ( gs_gstate * ) pgs )"		2721915	0		=			
ANR	2721972	Identifier	code		2721915	0					
ANR	2721973	CallExpression	"pdf_check_soft_mask ( pdev , ( gs_gstate * ) pgs )"		2721915	1					
ANR	2721974	Callee	pdf_check_soft_mask		2721915	0					
ANR	2721975	Identifier	pdf_check_soft_mask		2721915	0					
ANR	2721976	ArgumentList	pdev		2721915	1					
ANR	2721977	Argument	pdev		2721915	0					
ANR	2721978	Identifier	pdev		2721915	0					
ANR	2721979	Argument	( gs_gstate * ) pgs		2721915	1					
ANR	2721980	CastExpression	( gs_gstate * ) pgs		2721915	0					
ANR	2721981	CastTarget	gs_gstate *		2721915	0					
ANR	2721982	Identifier	pgs		2721915	1					
ANR	2721983	IfStatement	if ( code < 0 )		2721915	1					
ANR	2721984	Condition	code < 0	350:12:12105:12112	2721915	0	True				
ANR	2721985	RelationalExpression	code < 0		2721915	0		<			
ANR	2721986	Identifier	code		2721915	0					
ANR	2721987	PrimaryExpression	0		2721915	1					
ANR	2721988	ReturnStatement	return code ;	351:12:12127:12138	2721915	1	True				
ANR	2721989	Identifier	code		2721915	0					
ANR	2721990	IfStatement	"if ( pdf_must_put_clip_path ( pdev , pcpath ) )"		2721915	2					
ANR	2721991	Condition	"pdf_must_put_clip_path ( pdev , pcpath )"	352:12:12152:12187	2721915	0	True				
ANR	2721992	CallExpression	"pdf_must_put_clip_path ( pdev , pcpath )"		2721915	0					
ANR	2721993	Callee	pdf_must_put_clip_path		2721915	0					
ANR	2721994	Identifier	pdf_must_put_clip_path		2721915	0					
ANR	2721995	ArgumentList	pdev		2721915	1					
ANR	2721996	Argument	pdev		2721915	0					
ANR	2721997	Identifier	pdev		2721915	0					
ANR	2721998	Argument	pcpath		2721915	1					
ANR	2721999	Identifier	pcpath		2721915	0					
ANR	2722000	ExpressionStatement	code = pdf_unclip ( pdev )	353:12:12202:12225	2721915	1	True				
ANR	2722001	AssignmentExpression	code = pdf_unclip ( pdev )		2721915	0		=			
ANR	2722002	Identifier	code		2721915	0					
ANR	2722003	CallExpression	pdf_unclip ( pdev )		2721915	1					
ANR	2722004	Callee	pdf_unclip		2721915	0					
ANR	2722005	Identifier	pdf_unclip		2721915	0					
ANR	2722006	ArgumentList	pdev		2721915	1					
ANR	2722007	Argument	pdev		2721915	0					
ANR	2722008	Identifier	pdev		2721915	0					
ANR	2722009	ElseStatement	else		2721915	0					
ANR	2722010	ExpressionStatement	"code = pdf_open_page ( pdev , PDF_IN_STREAM )"	355:12:12252:12293	2721915	0	True				
ANR	2722011	AssignmentExpression	"code = pdf_open_page ( pdev , PDF_IN_STREAM )"		2721915	0		=			
ANR	2722012	Identifier	code		2721915	0					
ANR	2722013	CallExpression	"pdf_open_page ( pdev , PDF_IN_STREAM )"		2721915	1					
ANR	2722014	Callee	pdf_open_page		2721915	0					
ANR	2722015	Identifier	pdf_open_page		2721915	0					
ANR	2722016	ArgumentList	pdev		2721915	1					
ANR	2722017	Argument	pdev		2721915	0					
ANR	2722018	Identifier	pdev		2721915	0					
ANR	2722019	Argument	PDF_IN_STREAM		2721915	1					
ANR	2722020	Identifier	PDF_IN_STREAM		2721915	0					
ANR	2722021	IfStatement	if ( code < 0 )		2721915	3					
ANR	2722022	Condition	code < 0	356:12:12307:12314	2721915	0	True				
ANR	2722023	RelationalExpression	code < 0		2721915	0		<			
ANR	2722024	Identifier	code		2721915	0					
ANR	2722025	PrimaryExpression	0		2721915	1					
ANR	2722026	ReturnStatement	return code ;	357:12:12329:12340	2721915	1	True				
ANR	2722027	Identifier	code		2721915	0					
ANR	2722028	ExpressionStatement	"code = pdf_put_clip_path ( pdev , pcpath )"	358:8:12350:12388	2721915	4	True				
ANR	2722029	AssignmentExpression	"code = pdf_put_clip_path ( pdev , pcpath )"		2721915	0		=			
ANR	2722030	Identifier	code		2721915	0					
ANR	2722031	CallExpression	"pdf_put_clip_path ( pdev , pcpath )"		2721915	1					
ANR	2722032	Callee	pdf_put_clip_path		2721915	0					
ANR	2722033	Identifier	pdf_put_clip_path		2721915	0					
ANR	2722034	ArgumentList	pdev		2721915	1					
ANR	2722035	Argument	pdev		2721915	0					
ANR	2722036	Identifier	pdev		2721915	0					
ANR	2722037	Argument	pcpath		2721915	1					
ANR	2722038	Identifier	pcpath		2721915	0					
ANR	2722039	IfStatement	if ( code < 0 )		2721915	5					
ANR	2722040	Condition	code < 0	359:12:12402:12409	2721915	0	True				
ANR	2722041	RelationalExpression	code < 0		2721915	0		<			
ANR	2722042	Identifier	code		2721915	0					
ANR	2722043	PrimaryExpression	0		2721915	1					
ANR	2722044	ReturnStatement	return code ;	360:12:12424:12435	2721915	1	True				
ANR	2722045	Identifier	code		2721915	0					
ANR	2722046	ExpressionStatement	gs_make_identity ( & m )	361:8:12445:12465	2721915	6	True				
ANR	2722047	CallExpression	gs_make_identity ( & m )		2721915	0					
ANR	2722048	Callee	gs_make_identity		2721915	0					
ANR	2722049	Identifier	gs_make_identity		2721915	0					
ANR	2722050	ArgumentList	& m		2721915	1					
ANR	2722051	Argument	& m		2721915	0					
ANR	2722052	UnaryOperationExpression	& m		2721915	0					
ANR	2722053	UnaryOperator	&		2721915	0					
ANR	2722054	Identifier	m		2721915	1					
ANR	2722055	ExpressionStatement	pmat1 = & m	362:8:12475:12485	2721915	7	True				
ANR	2722056	AssignmentExpression	pmat1 = & m		2721915	0		=			
ANR	2722057	Identifier	pmat1		2721915	0					
ANR	2722058	UnaryOperationExpression	& m		2721915	1					
ANR	2722059	UnaryOperator	&		2721915	0					
ANR	2722060	Identifier	m		2721915	1					
ANR	2722061	ExpressionStatement	m . tx = floor ( pgs -> ctm . tx + 0.5 )	363:8:12495:12526	2721915	8	True				
ANR	2722062	AssignmentExpression	m . tx = floor ( pgs -> ctm . tx + 0.5 )		2721915	0		=			
ANR	2722063	MemberAccess	m . tx		2721915	0					
ANR	2722064	Identifier	m		2721915	0					
ANR	2722065	Identifier	tx		2721915	1					
ANR	2722066	CallExpression	floor ( pgs -> ctm . tx + 0.5 )		2721915	1					
ANR	2722067	Callee	floor		2721915	0					
ANR	2722068	Identifier	floor		2721915	0					
ANR	2722069	ArgumentList	pgs -> ctm . tx + 0.5		2721915	1					
ANR	2722070	Argument	pgs -> ctm . tx + 0.5		2721915	0					
ANR	2722071	AdditiveExpression	pgs -> ctm . tx + 0.5		2721915	0		+			
ANR	2722072	MemberAccess	pgs -> ctm . tx		2721915	0					
ANR	2722073	PtrMemberAccess	pgs -> ctm		2721915	0					
ANR	2722074	Identifier	pgs		2721915	0					
ANR	2722075	Identifier	ctm		2721915	1					
ANR	2722076	Identifier	tx		2721915	1					
ANR	2722077	PrimaryExpression	0.5		2721915	1					
ANR	2722078	ExpressionStatement	m . ty = floor ( pgs -> ctm . ty + 0.5 )	364:8:12594:12625	2721915	9	True				
ANR	2722079	AssignmentExpression	m . ty = floor ( pgs -> ctm . ty + 0.5 )		2721915	0		=			
ANR	2722080	MemberAccess	m . ty		2721915	0					
ANR	2722081	Identifier	m		2721915	0					
ANR	2722082	Identifier	ty		2721915	1					
ANR	2722083	CallExpression	floor ( pgs -> ctm . ty + 0.5 )		2721915	1					
ANR	2722084	Callee	floor		2721915	0					
ANR	2722085	Identifier	floor		2721915	0					
ANR	2722086	ArgumentList	pgs -> ctm . ty + 0.5		2721915	1					
ANR	2722087	Argument	pgs -> ctm . ty + 0.5		2721915	0					
ANR	2722088	AdditiveExpression	pgs -> ctm . ty + 0.5		2721915	0		+			
ANR	2722089	MemberAccess	pgs -> ctm . ty		2721915	0					
ANR	2722090	PtrMemberAccess	pgs -> ctm		2721915	0					
ANR	2722091	Identifier	pgs		2721915	0					
ANR	2722092	Identifier	ctm		2721915	1					
ANR	2722093	Identifier	ty		2721915	1					
ANR	2722094	PrimaryExpression	0.5		2721915	1					
ANR	2722095	ExpressionStatement	pim3a = * pim3	365:8:12635:12648	2721915	10	True				
ANR	2722096	AssignmentExpression	pim3a = * pim3		2721915	0		=			
ANR	2722097	Identifier	pim3a		2721915	0					
ANR	2722098	UnaryOperationExpression	* pim3		2721915	1					
ANR	2722099	UnaryOperator	*		2721915	0					
ANR	2722100	Identifier	pim3		2721915	1					
ANR	2722101	ExpressionStatement	"gs_matrix_invert ( & pim3a . ImageMatrix , & mi )"	366:8:12658:12699	2721915	11	True				
ANR	2722102	CallExpression	"gs_matrix_invert ( & pim3a . ImageMatrix , & mi )"		2721915	0					
ANR	2722103	Callee	gs_matrix_invert		2721915	0					
ANR	2722104	Identifier	gs_matrix_invert		2721915	0					
ANR	2722105	ArgumentList	& pim3a . ImageMatrix		2721915	1					
ANR	2722106	Argument	& pim3a . ImageMatrix		2721915	0					
ANR	2722107	UnaryOperationExpression	& pim3a . ImageMatrix		2721915	0					
ANR	2722108	UnaryOperator	&		2721915	0					
ANR	2722109	MemberAccess	pim3a . ImageMatrix		2721915	1					
ANR	2722110	Identifier	pim3a		2721915	0					
ANR	2722111	Identifier	ImageMatrix		2721915	1					
ANR	2722112	Argument	& mi		2721915	1					
ANR	2722113	UnaryOperationExpression	& mi		2721915	0					
ANR	2722114	UnaryOperator	&		2721915	0					
ANR	2722115	Identifier	mi		2721915	1					
ANR	2722116	ExpressionStatement	gs_make_identity ( & pim3a . ImageMatrix )	367:8:12709:12745	2721915	12	True				
ANR	2722117	CallExpression	gs_make_identity ( & pim3a . ImageMatrix )		2721915	0					
ANR	2722118	Callee	gs_make_identity		2721915	0					
ANR	2722119	Identifier	gs_make_identity		2721915	0					
ANR	2722120	ArgumentList	& pim3a . ImageMatrix		2721915	1					
ANR	2722121	Argument	& pim3a . ImageMatrix		2721915	0					
ANR	2722122	UnaryOperationExpression	& pim3a . ImageMatrix		2721915	0					
ANR	2722123	UnaryOperator	&		2721915	0					
ANR	2722124	MemberAccess	pim3a . ImageMatrix		2721915	1					
ANR	2722125	Identifier	pim3a		2721915	0					
ANR	2722126	Identifier	ImageMatrix		2721915	1					
ANR	2722127	IfStatement	if ( pim3a . Width < pim3a . MaskDict . Width && pim3a . Width > 0 )		2721915	13					
ANR	2722128	Condition	pim3a . Width < pim3a . MaskDict . Width && pim3a . Width > 0	368:12:12759:12811	2721915	0	True				
ANR	2722129	AndExpression	pim3a . Width < pim3a . MaskDict . Width && pim3a . Width > 0		2721915	0		&&			
ANR	2722130	RelationalExpression	pim3a . Width < pim3a . MaskDict . Width		2721915	0		<			
ANR	2722131	MemberAccess	pim3a . Width		2721915	0					
ANR	2722132	Identifier	pim3a		2721915	0					
ANR	2722133	Identifier	Width		2721915	1					
ANR	2722134	MemberAccess	pim3a . MaskDict . Width		2721915	1					
ANR	2722135	MemberAccess	pim3a . MaskDict		2721915	0					
ANR	2722136	Identifier	pim3a		2721915	0					
ANR	2722137	Identifier	MaskDict		2721915	1					
ANR	2722138	Identifier	Width		2721915	1					
ANR	2722139	RelationalExpression	pim3a . Width > 0		2721915	1		>			
ANR	2722140	MemberAccess	pim3a . Width		2721915	0					
ANR	2722141	Identifier	pim3a		2721915	0					
ANR	2722142	Identifier	Width		2721915	1					
ANR	2722143	PrimaryExpression	0		2721915	1					
ANR	2722144	CompoundStatement		30:12:1056:1119	2721915	1					
ANR	2722145	IdentifierDeclStatement	int sx = ( pim3a . MaskDict . Width + pim3a . Width - 1 ) / pim3a . Width ;	369:12:12828:12891	2721915	0	True				
ANR	2722146	IdentifierDecl	sx = ( pim3a . MaskDict . Width + pim3a . Width - 1 ) / pim3a . Width		2721915	0					
ANR	2722147	IdentifierDeclType	int		2721915	0					
ANR	2722148	Identifier	sx		2721915	1					
ANR	2722149	AssignmentExpression	sx = ( pim3a . MaskDict . Width + pim3a . Width - 1 ) / pim3a . Width		2721915	2		=			
ANR	2722150	Identifier	sx		2721915	0					
ANR	2722151	MultiplicativeExpression	( pim3a . MaskDict . Width + pim3a . Width - 1 ) / pim3a . Width		2721915	1		/			
ANR	2722152	AdditiveExpression	pim3a . MaskDict . Width + pim3a . Width - 1		2721915	0		+			
ANR	2722153	MemberAccess	pim3a . MaskDict . Width		2721915	0					
ANR	2722154	MemberAccess	pim3a . MaskDict		2721915	0					
ANR	2722155	Identifier	pim3a		2721915	0					
ANR	2722156	Identifier	MaskDict		2721915	1					
ANR	2722157	Identifier	Width		2721915	1					
ANR	2722158	AdditiveExpression	pim3a . Width - 1		2721915	1		-			
ANR	2722159	MemberAccess	pim3a . Width		2721915	0					
ANR	2722160	Identifier	pim3a		2721915	0					
ANR	2722161	Identifier	Width		2721915	1					
ANR	2722162	PrimaryExpression	1		2721915	1					
ANR	2722163	MemberAccess	pim3a . Width		2721915	1					
ANR	2722164	Identifier	pim3a		2721915	0					
ANR	2722165	Identifier	Width		2721915	1					
ANR	2722166	ExpressionStatement	"gs_matrix_scale ( & mi , 1.0 / sx , 1 , & mi )"	371:12:12906:12944	2721915	1	True				
ANR	2722167	CallExpression	"gs_matrix_scale ( & mi , 1.0 / sx , 1 , & mi )"		2721915	0					
ANR	2722168	Callee	gs_matrix_scale		2721915	0					
ANR	2722169	Identifier	gs_matrix_scale		2721915	0					
ANR	2722170	ArgumentList	& mi		2721915	1					
ANR	2722171	Argument	& mi		2721915	0					
ANR	2722172	UnaryOperationExpression	& mi		2721915	0					
ANR	2722173	UnaryOperator	&		2721915	0					
ANR	2722174	Identifier	mi		2721915	1					
ANR	2722175	Argument	1.0 / sx		2721915	1					
ANR	2722176	MultiplicativeExpression	1.0 / sx		2721915	0		/			
ANR	2722177	PrimaryExpression	1.0		2721915	0					
ANR	2722178	Identifier	sx		2721915	1					
ANR	2722179	Argument	1		2721915	2					
ANR	2722180	PrimaryExpression	1		2721915	0					
ANR	2722181	Argument	& mi		2721915	3					
ANR	2722182	UnaryOperationExpression	& mi		2721915	0					
ANR	2722183	UnaryOperator	&		2721915	0					
ANR	2722184	Identifier	mi		2721915	1					
ANR	2722185	ExpressionStatement	"gs_matrix_scale ( & pim3a . ImageMatrix , 1.0 / sx , 1 , & pim3a . ImageMatrix )"	372:12:12958:13026	2721915	2	True				
ANR	2722186	CallExpression	"gs_matrix_scale ( & pim3a . ImageMatrix , 1.0 / sx , 1 , & pim3a . ImageMatrix )"		2721915	0					
ANR	2722187	Callee	gs_matrix_scale		2721915	0					
ANR	2722188	Identifier	gs_matrix_scale		2721915	0					
ANR	2722189	ArgumentList	& pim3a . ImageMatrix		2721915	1					
ANR	2722190	Argument	& pim3a . ImageMatrix		2721915	0					
ANR	2722191	UnaryOperationExpression	& pim3a . ImageMatrix		2721915	0					
ANR	2722192	UnaryOperator	&		2721915	0					
ANR	2722193	MemberAccess	pim3a . ImageMatrix		2721915	1					
ANR	2722194	Identifier	pim3a		2721915	0					
ANR	2722195	Identifier	ImageMatrix		2721915	1					
ANR	2722196	Argument	1.0 / sx		2721915	1					
ANR	2722197	MultiplicativeExpression	1.0 / sx		2721915	0		/			
ANR	2722198	PrimaryExpression	1.0		2721915	0					
ANR	2722199	Identifier	sx		2721915	1					
ANR	2722200	Argument	1		2721915	2					
ANR	2722201	PrimaryExpression	1		2721915	0					
ANR	2722202	Argument	& pim3a . ImageMatrix		2721915	3					
ANR	2722203	UnaryOperationExpression	& pim3a . ImageMatrix		2721915	0					
ANR	2722204	UnaryOperator	&		2721915	0					
ANR	2722205	MemberAccess	pim3a . ImageMatrix		2721915	1					
ANR	2722206	Identifier	pim3a		2721915	0					
ANR	2722207	Identifier	ImageMatrix		2721915	1					
ANR	2722208	IfStatement	if ( pim3a . Height < pim3a . MaskDict . Height && pim3a . Height > 0 )		2721915	14					
ANR	2722209	Condition	pim3a . Height < pim3a . MaskDict . Height && pim3a . Height > 0	374:12:13050:13105	2721915	0	True				
ANR	2722210	AndExpression	pim3a . Height < pim3a . MaskDict . Height && pim3a . Height > 0		2721915	0		&&			
ANR	2722211	RelationalExpression	pim3a . Height < pim3a . MaskDict . Height		2721915	0		<			
ANR	2722212	MemberAccess	pim3a . Height		2721915	0					
ANR	2722213	Identifier	pim3a		2721915	0					
ANR	2722214	Identifier	Height		2721915	1					
ANR	2722215	MemberAccess	pim3a . MaskDict . Height		2721915	1					
ANR	2722216	MemberAccess	pim3a . MaskDict		2721915	0					
ANR	2722217	Identifier	pim3a		2721915	0					
ANR	2722218	Identifier	MaskDict		2721915	1					
ANR	2722219	Identifier	Height		2721915	1					
ANR	2722220	RelationalExpression	pim3a . Height > 0		2721915	1		>			
ANR	2722221	MemberAccess	pim3a . Height		2721915	0					
ANR	2722222	Identifier	pim3a		2721915	0					
ANR	2722223	Identifier	Height		2721915	1					
ANR	2722224	PrimaryExpression	0		2721915	1					
ANR	2722225	CompoundStatement		36:12:1350:1416	2721915	1					
ANR	2722226	IdentifierDeclStatement	int sy = ( pim3a . MaskDict . Height + pim3a . Height - 1 ) / pim3a . Height ;	375:12:13122:13188	2721915	0	True				
ANR	2722227	IdentifierDecl	sy = ( pim3a . MaskDict . Height + pim3a . Height - 1 ) / pim3a . Height		2721915	0					
ANR	2722228	IdentifierDeclType	int		2721915	0					
ANR	2722229	Identifier	sy		2721915	1					
ANR	2722230	AssignmentExpression	sy = ( pim3a . MaskDict . Height + pim3a . Height - 1 ) / pim3a . Height		2721915	2		=			
ANR	2722231	Identifier	sy		2721915	0					
ANR	2722232	MultiplicativeExpression	( pim3a . MaskDict . Height + pim3a . Height - 1 ) / pim3a . Height		2721915	1		/			
ANR	2722233	AdditiveExpression	pim3a . MaskDict . Height + pim3a . Height - 1		2721915	0		+			
ANR	2722234	MemberAccess	pim3a . MaskDict . Height		2721915	0					
ANR	2722235	MemberAccess	pim3a . MaskDict		2721915	0					
ANR	2722236	Identifier	pim3a		2721915	0					
ANR	2722237	Identifier	MaskDict		2721915	1					
ANR	2722238	Identifier	Height		2721915	1					
ANR	2722239	AdditiveExpression	pim3a . Height - 1		2721915	1		-			
ANR	2722240	MemberAccess	pim3a . Height		2721915	0					
ANR	2722241	Identifier	pim3a		2721915	0					
ANR	2722242	Identifier	Height		2721915	1					
ANR	2722243	PrimaryExpression	1		2721915	1					
ANR	2722244	MemberAccess	pim3a . Height		2721915	1					
ANR	2722245	Identifier	pim3a		2721915	0					
ANR	2722246	Identifier	Height		2721915	1					
ANR	2722247	ExpressionStatement	"gs_matrix_scale ( & mi , 1 , 1.0 / sy , & mi )"	377:12:13203:13241	2721915	1	True				
ANR	2722248	CallExpression	"gs_matrix_scale ( & mi , 1 , 1.0 / sy , & mi )"		2721915	0					
ANR	2722249	Callee	gs_matrix_scale		2721915	0					
ANR	2722250	Identifier	gs_matrix_scale		2721915	0					
ANR	2722251	ArgumentList	& mi		2721915	1					
ANR	2722252	Argument	& mi		2721915	0					
ANR	2722253	UnaryOperationExpression	& mi		2721915	0					
ANR	2722254	UnaryOperator	&		2721915	0					
ANR	2722255	Identifier	mi		2721915	1					
ANR	2722256	Argument	1		2721915	1					
ANR	2722257	PrimaryExpression	1		2721915	0					
ANR	2722258	Argument	1.0 / sy		2721915	2					
ANR	2722259	MultiplicativeExpression	1.0 / sy		2721915	0		/			
ANR	2722260	PrimaryExpression	1.0		2721915	0					
ANR	2722261	Identifier	sy		2721915	1					
ANR	2722262	Argument	& mi		2721915	3					
ANR	2722263	UnaryOperationExpression	& mi		2721915	0					
ANR	2722264	UnaryOperator	&		2721915	0					
ANR	2722265	Identifier	mi		2721915	1					
ANR	2722266	ExpressionStatement	"gs_matrix_scale ( & pim3a . ImageMatrix , 1 , 1.0 / sy , & pim3a . ImageMatrix )"	378:12:13255:13323	2721915	2	True				
ANR	2722267	CallExpression	"gs_matrix_scale ( & pim3a . ImageMatrix , 1 , 1.0 / sy , & pim3a . ImageMatrix )"		2721915	0					
ANR	2722268	Callee	gs_matrix_scale		2721915	0					
ANR	2722269	Identifier	gs_matrix_scale		2721915	0					
ANR	2722270	ArgumentList	& pim3a . ImageMatrix		2721915	1					
ANR	2722271	Argument	& pim3a . ImageMatrix		2721915	0					
ANR	2722272	UnaryOperationExpression	& pim3a . ImageMatrix		2721915	0					
ANR	2722273	UnaryOperator	&		2721915	0					
ANR	2722274	MemberAccess	pim3a . ImageMatrix		2721915	1					
ANR	2722275	Identifier	pim3a		2721915	0					
ANR	2722276	Identifier	ImageMatrix		2721915	1					
ANR	2722277	Argument	1		2721915	1					
ANR	2722278	PrimaryExpression	1		2721915	0					
ANR	2722279	Argument	1.0 / sy		2721915	2					
ANR	2722280	MultiplicativeExpression	1.0 / sy		2721915	0		/			
ANR	2722281	PrimaryExpression	1.0		2721915	0					
ANR	2722282	Identifier	sy		2721915	1					
ANR	2722283	Argument	& pim3a . ImageMatrix		2721915	3					
ANR	2722284	UnaryOperationExpression	& pim3a . ImageMatrix		2721915	0					
ANR	2722285	UnaryOperator	&		2721915	0					
ANR	2722286	MemberAccess	pim3a . ImageMatrix		2721915	1					
ANR	2722287	Identifier	pim3a		2721915	0					
ANR	2722288	Identifier	ImageMatrix		2721915	1					
ANR	2722289	ExpressionStatement	"gs_matrix_multiply ( & mi , & pim3a . MaskDict . ImageMatrix , & pim3a . MaskDict . ImageMatrix )"	380:8:13343:13424	2721915	15	True				
ANR	2722290	CallExpression	"gs_matrix_multiply ( & mi , & pim3a . MaskDict . ImageMatrix , & pim3a . MaskDict . ImageMatrix )"		2721915	0					
ANR	2722291	Callee	gs_matrix_multiply		2721915	0					
ANR	2722292	Identifier	gs_matrix_multiply		2721915	0					
ANR	2722293	ArgumentList	& mi		2721915	1					
ANR	2722294	Argument	& mi		2721915	0					
ANR	2722295	UnaryOperationExpression	& mi		2721915	0					
ANR	2722296	UnaryOperator	&		2721915	0					
ANR	2722297	Identifier	mi		2721915	1					
ANR	2722298	Argument	& pim3a . MaskDict . ImageMatrix		2721915	1					
ANR	2722299	UnaryOperationExpression	& pim3a . MaskDict . ImageMatrix		2721915	0					
ANR	2722300	UnaryOperator	&		2721915	0					
ANR	2722301	MemberAccess	pim3a . MaskDict . ImageMatrix		2721915	1					
ANR	2722302	MemberAccess	pim3a . MaskDict		2721915	0					
ANR	2722303	Identifier	pim3a		2721915	0					
ANR	2722304	Identifier	MaskDict		2721915	1					
ANR	2722305	Identifier	ImageMatrix		2721915	1					
ANR	2722306	Argument	& pim3a . MaskDict . ImageMatrix		2721915	2					
ANR	2722307	UnaryOperationExpression	& pim3a . MaskDict . ImageMatrix		2721915	0					
ANR	2722308	UnaryOperator	&		2721915	0					
ANR	2722309	MemberAccess	pim3a . MaskDict . ImageMatrix		2721915	1					
ANR	2722310	MemberAccess	pim3a . MaskDict		2721915	0					
ANR	2722311	Identifier	pim3a		2721915	0					
ANR	2722312	Identifier	MaskDict		2721915	1					
ANR	2722313	Identifier	ImageMatrix		2721915	1					
ANR	2722314	ExpressionStatement	pic1 = ( gs_image_common_t * ) & pim3a	381:8:13434:13468	2721915	16	True				
ANR	2722315	AssignmentExpression	pic1 = ( gs_image_common_t * ) & pim3a		2721915	0		=			
ANR	2722316	Identifier	pic1		2721915	0					
ANR	2722317	CastExpression	( gs_image_common_t * ) & pim3a		2721915	1					
ANR	2722318	CastTarget	gs_image_common_t *		2721915	0					
ANR	2722319	UnaryOperationExpression	& pim3a		2721915	1					
ANR	2722320	UnaryOperator	&		2721915	0					
ANR	2722321	Identifier	pim3a		2721915	1					
ANR	2722322	ExpressionStatement	"gs_matrix_multiply ( & mi , & ctm_only ( pgs ) , & pdev -> converting_image_matrix )"	383:8:13572:13643	2721915	17	True				
ANR	2722323	CallExpression	"gs_matrix_multiply ( & mi , & ctm_only ( pgs ) , & pdev -> converting_image_matrix )"		2721915	0					
ANR	2722324	Callee	gs_matrix_multiply		2721915	0					
ANR	2722325	Identifier	gs_matrix_multiply		2721915	0					
ANR	2722326	ArgumentList	& mi		2721915	1					
ANR	2722327	Argument	& mi		2721915	0					
ANR	2722328	UnaryOperationExpression	& mi		2721915	0					
ANR	2722329	UnaryOperator	&		2721915	0					
ANR	2722330	Identifier	mi		2721915	1					
ANR	2722331	Argument	& ctm_only ( pgs )		2721915	1					
ANR	2722332	UnaryOperationExpression	& ctm_only ( pgs )		2721915	0					
ANR	2722333	UnaryOperator	&		2721915	0					
ANR	2722334	CallExpression	ctm_only ( pgs )		2721915	1					
ANR	2722335	Callee	ctm_only		2721915	0					
ANR	2722336	Identifier	ctm_only		2721915	0					
ANR	2722337	ArgumentList	pgs		2721915	1					
ANR	2722338	Argument	pgs		2721915	0					
ANR	2722339	Identifier	pgs		2721915	0					
ANR	2722340	Argument	& pdev -> converting_image_matrix		2721915	2					
ANR	2722341	UnaryOperationExpression	& pdev -> converting_image_matrix		2721915	0					
ANR	2722342	UnaryOperator	&		2721915	0					
ANR	2722343	PtrMemberAccess	pdev -> converting_image_matrix		2721915	1					
ANR	2722344	Identifier	pdev		2721915	0					
ANR	2722345	Identifier	converting_image_matrix		2721915	1					
ANR	2722346	ReturnStatement	"return gx_begin_image3_generic ( ( gx_device * ) pdev , pgs , pmat1 , pic1 , prect , pdcolor , pcpath , mem , pdf_image3_make_mid , pdf_image3_make_mcde , pinfo ) ;"	389:4:13795:14046	2721915	7	True				
ANR	2722347	CallExpression	"gx_begin_image3_generic ( ( gx_device * ) pdev , pgs , pmat1 , pic1 , prect , pdcolor , pcpath , mem , pdf_image3_make_mid , pdf_image3_make_mcde , pinfo )"		2721915	0					
ANR	2722348	Callee	gx_begin_image3_generic		2721915	0					
ANR	2722349	Identifier	gx_begin_image3_generic		2721915	0					
ANR	2722350	ArgumentList	( gx_device * ) pdev		2721915	1					
ANR	2722351	Argument	( gx_device * ) pdev		2721915	0					
ANR	2722352	CastExpression	( gx_device * ) pdev		2721915	0					
ANR	2722353	CastTarget	gx_device *		2721915	0					
ANR	2722354	Identifier	pdev		2721915	1					
ANR	2722355	Argument	pgs		2721915	1					
ANR	2722356	Identifier	pgs		2721915	0					
ANR	2722357	Argument	pmat1		2721915	2					
ANR	2722358	Identifier	pmat1		2721915	0					
ANR	2722359	Argument	pic1		2721915	3					
ANR	2722360	Identifier	pic1		2721915	0					
ANR	2722361	Argument	prect		2721915	4					
ANR	2722362	Identifier	prect		2721915	0					
ANR	2722363	Argument	pdcolor		2721915	5					
ANR	2722364	Identifier	pdcolor		2721915	0					
ANR	2722365	Argument	pcpath		2721915	6					
ANR	2722366	Identifier	pcpath		2721915	0					
ANR	2722367	Argument	mem		2721915	7					
ANR	2722368	Identifier	mem		2721915	0					
ANR	2722369	Argument	pdf_image3_make_mid		2721915	8					
ANR	2722370	Identifier	pdf_image3_make_mid		2721915	0					
ANR	2722371	Argument	pdf_image3_make_mcde		2721915	9					
ANR	2722372	Identifier	pdf_image3_make_mcde		2721915	0					
ANR	2722373	Argument	pinfo		2721915	10					
ANR	2722374	Identifier	pinfo		2721915	0					
ANR	2722375	ReturnType	static int		2721915	1					
ANR	2722376	Identifier	setup_type3_image		2721915	2					
ANR	2722377	ParameterList	"gx_device_pdf * pdev , const gs_gstate * pgs , const gs_matrix * pmat , const gs_image_common_t * pic , const gs_int_rect * prect , const gx_drawing_color * pdcolor , const gx_clip_path * pcpath , gs_memory_t * mem , gx_image_enum_common_t * * pinfo , image_union_t * image"		2721915	3					
ANR	2722378	Parameter	gx_device_pdf * pdev	333:29:11378:11396	2721915	0	True				
ANR	2722379	ParameterType	gx_device_pdf *		2721915	0					
ANR	2722380	Identifier	pdev		2721915	1					
ANR	2722381	Parameter	const gs_gstate * pgs	333:50:11399:11419	2721915	1	True				
ANR	2722382	ParameterType	const gs_gstate *		2721915	0					
ANR	2722383	Identifier	pgs		2721915	1					
ANR	2722384	Parameter	const gs_matrix * pmat	334:22:11444:11464	2721915	2	True				
ANR	2722385	ParameterType	const gs_matrix *		2721915	0					
ANR	2722386	Identifier	pmat		2721915	1					
ANR	2722387	Parameter	const gs_image_common_t * pic	334:45:11467:11494	2721915	3	True				
ANR	2722388	ParameterType	const gs_image_common_t *		2721915	0					
ANR	2722389	Identifier	pic		2721915	1					
ANR	2722390	Parameter	const gs_int_rect * prect	335:22:11519:11543	2721915	4	True				
ANR	2722391	ParameterType	const gs_int_rect *		2721915	0					
ANR	2722392	Identifier	prect		2721915	1					
ANR	2722393	Parameter	const gx_drawing_color * pdcolor	336:22:11568:11599	2721915	5	True				
ANR	2722394	ParameterType	const gx_drawing_color *		2721915	0					
ANR	2722395	Identifier	pdcolor		2721915	1					
ANR	2722396	Parameter	const gx_clip_path * pcpath	337:22:11624:11650	2721915	6	True				
ANR	2722397	ParameterType	const gx_clip_path *		2721915	0					
ANR	2722398	Identifier	pcpath		2721915	1					
ANR	2722399	Parameter	gs_memory_t * mem	337:51:11653:11669	2721915	7	True				
ANR	2722400	ParameterType	gs_memory_t *		2721915	0					
ANR	2722401	Identifier	mem		2721915	1					
ANR	2722402	Parameter	gx_image_enum_common_t * * pinfo	338:22:11694:11724	2721915	8	True				
ANR	2722403	ParameterType	gx_image_enum_common_t * *		2721915	0					
ANR	2722404	Identifier	pinfo		2721915	1					
ANR	2722405	Parameter	image_union_t * image	339:22:11749:11768	2721915	9	True				
ANR	2722406	ParameterType	image_union_t *		2721915	0					
ANR	2722407	Identifier	image		2721915	1					
ANR	2722408	CFGEntryNode	ENTRY		2721915		True				
ANR	2722409	CFGExitNode	EXIT		2721915		True				
ANR	2722410	Symbol	pdev -> PatternImagemask		2721915						
ANR	2722411	Symbol	pim3a . Height		2721915						
ANR	2722412	Symbol	* pgs		2721915						
ANR	2722413	Symbol	pic		2721915						
ANR	2722414	Symbol	prect		2721915						
ANR	2722415	Symbol	& pim3a		2721915						
ANR	2722416	Symbol	pim3a . Width		2721915						
ANR	2722417	Symbol	pim3a . MaskDict . Width		2721915						
ANR	2722418	Symbol	pgs -> ctm . tx		2721915						
ANR	2722419	Symbol	pdev		2721915						
ANR	2722420	Symbol	pgs -> ctm . ty		2721915						
ANR	2722421	Symbol	& pim3a . MaskDict		2721915						
ANR	2722422	Symbol	pdf_open_page		2721915						
ANR	2722423	Symbol	mi		2721915						
ANR	2722424	Symbol	pmat1		2721915						
ANR	2722425	Symbol	pdf_check_soft_mask		2721915						
ANR	2722426	Symbol	image		2721915						
ANR	2722427	Symbol	pdf_put_clip_path		2721915						
ANR	2722428	Symbol	pim3		2721915						
ANR	2722429	Symbol	pgs -> ctm		2721915						
ANR	2722430	Symbol	gx_begin_image3_generic		2721915						
ANR	2722431	Symbol	pdf_unclip		2721915						
ANR	2722432	Symbol	pdf_image3_make_mid		2721915						
ANR	2722433	Symbol	code		2721915						
ANR	2722434	Symbol	pmat		2721915						
ANR	2722435	Symbol	pinfo		2721915						
ANR	2722436	Symbol	& mi		2721915						
ANR	2722437	Symbol	pdf_image3_make_mcde		2721915						
ANR	2722438	Symbol	PDF_IN_STREAM		2721915						
ANR	2722439	Symbol	m . tx		2721915						
ANR	2722440	Symbol	m . ty		2721915						
ANR	2722441	Symbol	pic1		2721915						
ANR	2722442	Symbol	mem		2721915						
ANR	2722443	Symbol	floor		2721915						
ANR	2722444	Symbol	pgs		2721915						
ANR	2722445	Symbol	pcpath		2721915						
ANR	2722446	Symbol	pdev -> CompatibilityLevel		2721915						
ANR	2722447	Symbol	& ctm_only		2721915						
ANR	2722448	Symbol	pim3a . MaskDict		2721915						
ANR	2722449	Symbol	sx		2721915						
ANR	2722450	Symbol	& pim3a . MaskDict . ImageMatrix		2721915						
ANR	2722451	Symbol	sy		2721915						
ANR	2722452	Symbol	pdcolor		2721915						
ANR	2722453	Symbol	& pim3a . ImageMatrix		2721915						
ANR	2722454	Symbol	m		2721915						
ANR	2722455	Symbol	& m		2721915						
ANR	2722456	Symbol	pdf_must_put_clip_path		2721915						
ANR	2722457	Symbol	* pim3		2721915						
ANR	2722458	Symbol	pim3a		2721915						
ANR	2722459	Symbol	* pdev		2721915						
ANR	2722460	Symbol	pim3a . MaskDict . Height		2721915						
ANR	2722461	Symbol	& pdev -> converting_image_matrix		2721915						
ANR	2722462	Function	convert_type4_image	395:0:14051:15903							
ANR	2722463	FunctionDef	"convert_type4_image (gx_device_pdf * pdev , const gs_gstate * pgs , const gs_matrix * pmat , const gs_image_common_t * pic , const gs_int_rect * prect , const gx_drawing_color * pdcolor , const gx_clip_path * pcpath , gs_memory_t * mem , gx_image_enum_common_t * * pinfo , pdf_typed_image_context_t context , image_union_t * image , cos_dict_t * pnamed)"		2722462	0					
ANR	2722464	CompoundStatement		403:0:14552:15903	2722462	0					
ANR	2722465	IdentifierDeclStatement	gx_drawing_color icolor ;	405:4:14618:14641	2722462	0	True				
ANR	2722466	IdentifierDecl	icolor		2722462	0					
ANR	2722467	IdentifierDeclType	gx_drawing_color		2722462	0					
ANR	2722468	Identifier	icolor		2722462	1					
ANR	2722469	IdentifierDeclStatement	int code ;	406:4:14647:14655	2722462	1	True				
ANR	2722470	IdentifierDecl	code		2722462	0					
ANR	2722471	IdentifierDeclType	int		2722462	0					
ANR	2722472	Identifier	code		2722462	1					
ANR	2722473	ExpressionStatement	pdev -> image_mask_is_SMask = false	408:4:14662:14695	2722462	2	True				
ANR	2722474	AssignmentExpression	pdev -> image_mask_is_SMask = false		2722462	0		=			
ANR	2722475	PtrMemberAccess	pdev -> image_mask_is_SMask		2722462	0					
ANR	2722476	Identifier	pdev		2722462	0					
ANR	2722477	Identifier	image_mask_is_SMask		2722462	1					
ANR	2722478	Identifier	false		2722462	1					
ANR	2722479	IfStatement	"if ( pdf_convert_image4_to_image1 ( pdev , pgs , pdcolor , ( const gs_image4_t * ) pic , & image [ 0 ] . type1 , & icolor ) >= 0 )"		2722462	3					
ANR	2722480	Condition	"pdf_convert_image4_to_image1 ( pdev , pgs , pdcolor , ( const gs_image4_t * ) pic , & image [ 0 ] . type1 , & icolor ) >= 0"	409:8:14705:14883	2722462	0	True				
ANR	2722481	RelationalExpression	"pdf_convert_image4_to_image1 ( pdev , pgs , pdcolor , ( const gs_image4_t * ) pic , & image [ 0 ] . type1 , & icolor ) >= 0"		2722462	0		>=			
ANR	2722482	CallExpression	"pdf_convert_image4_to_image1 ( pdev , pgs , pdcolor , ( const gs_image4_t * ) pic , & image [ 0 ] . type1 , & icolor )"		2722462	0					
ANR	2722483	Callee	pdf_convert_image4_to_image1		2722462	0					
ANR	2722484	Identifier	pdf_convert_image4_to_image1		2722462	0					
ANR	2722485	ArgumentList	pdev		2722462	1					
ANR	2722486	Argument	pdev		2722462	0					
ANR	2722487	Identifier	pdev		2722462	0					
ANR	2722488	Argument	pgs		2722462	1					
ANR	2722489	Identifier	pgs		2722462	0					
ANR	2722490	Argument	pdcolor		2722462	2					
ANR	2722491	Identifier	pdcolor		2722462	0					
ANR	2722492	Argument	( const gs_image4_t * ) pic		2722462	3					
ANR	2722493	CastExpression	( const gs_image4_t * ) pic		2722462	0					
ANR	2722494	CastTarget	const gs_image4_t *		2722462	0					
ANR	2722495	Identifier	pic		2722462	1					
ANR	2722496	Argument	& image [ 0 ] . type1		2722462	4					
ANR	2722497	UnaryOperationExpression	& image [ 0 ] . type1		2722462	0					
ANR	2722498	UnaryOperator	&		2722462	0					
ANR	2722499	MemberAccess	image [ 0 ] . type1		2722462	1					
ANR	2722500	ArrayIndexing	image [ 0 ]		2722462	0					
ANR	2722501	Identifier	image		2722462	0					
ANR	2722502	PrimaryExpression	0		2722462	1					
ANR	2722503	Identifier	type1		2722462	1					
ANR	2722504	Argument	& icolor		2722462	5					
ANR	2722505	UnaryOperationExpression	& icolor		2722462	0					
ANR	2722506	UnaryOperator	&		2722462	0					
ANR	2722507	Identifier	icolor		2722462	1					
ANR	2722508	PrimaryExpression	0		2722462	1					
ANR	2722509	CompoundStatement		9:69:333:333	2722462	1					
ANR	2722510	IfStatement	if ( pgs == NULL )		2722462	0					
ANR	2722511	Condition	pgs == NULL	412:12:14900:14910	2722462	0	True				
ANR	2722512	EqualityExpression	pgs == NULL		2722462	0		==			
ANR	2722513	Identifier	pgs		2722462	0					
ANR	2722514	Identifier	NULL		2722462	1					
ANR	2722515	ExpressionStatement	return_error ( gs_error_unregistered )	413:12:14925:14960	2722462	1	True				
ANR	2722516	CallExpression	return_error ( gs_error_unregistered )		2722462	0					
ANR	2722517	Callee	return_error		2722462	0					
ANR	2722518	Identifier	return_error		2722462	0					
ANR	2722519	ArgumentList	gs_error_unregistered		2722462	1					
ANR	2722520	Argument	gs_error_unregistered		2722462	0					
ANR	2722521	Identifier	gs_error_unregistered		2722462	0					
ANR	2722522	IfStatement	if ( pnamed )		2722462	1					
ANR	2722523	Condition	pnamed	416:12:15055:15060	2722462	0	True				
ANR	2722524	Identifier	pnamed		2722462	0					
ANR	2722525	ExpressionStatement	"cos_array_add_object ( pdev -> NI_stack , COS_OBJECT ( pnamed ) )"	417:12:15075:15131	2722462	1	True				
ANR	2722526	CallExpression	"cos_array_add_object ( pdev -> NI_stack , COS_OBJECT ( pnamed ) )"		2722462	0					
ANR	2722527	Callee	cos_array_add_object		2722462	0					
ANR	2722528	Identifier	cos_array_add_object		2722462	0					
ANR	2722529	ArgumentList	pdev -> NI_stack		2722462	1					
ANR	2722530	Argument	pdev -> NI_stack		2722462	0					
ANR	2722531	PtrMemberAccess	pdev -> NI_stack		2722462	0					
ANR	2722532	Identifier	pdev		2722462	0					
ANR	2722533	Identifier	NI_stack		2722462	1					
ANR	2722534	Argument	COS_OBJECT ( pnamed )		2722462	1					
ANR	2722535	CallExpression	COS_OBJECT ( pnamed )		2722462	0					
ANR	2722536	Callee	COS_OBJECT		2722462	0					
ANR	2722537	Identifier	COS_OBJECT		2722462	0					
ANR	2722538	ArgumentList	pnamed		2722462	1					
ANR	2722539	Argument	pnamed		2722462	0					
ANR	2722540	Identifier	pnamed		2722462	0					
ANR	2722541	ExpressionStatement	code = gs_gsave ( ( gs_gstate * ) pgs )	420:8:15280:15313	2722462	2	True				
ANR	2722542	AssignmentExpression	code = gs_gsave ( ( gs_gstate * ) pgs )		2722462	0		=			
ANR	2722543	Identifier	code		2722462	0					
ANR	2722544	CallExpression	gs_gsave ( ( gs_gstate * ) pgs )		2722462	1					
ANR	2722545	Callee	gs_gsave		2722462	0					
ANR	2722546	Identifier	gs_gsave		2722462	0					
ANR	2722547	ArgumentList	( gs_gstate * ) pgs		2722462	1					
ANR	2722548	Argument	( gs_gstate * ) pgs		2722462	0					
ANR	2722549	CastExpression	( gs_gstate * ) pgs		2722462	0					
ANR	2722550	CastTarget	gs_gstate *		2722462	0					
ANR	2722551	Identifier	pgs		2722462	1					
ANR	2722552	IfStatement	if ( code < 0 )		2722462	3					
ANR	2722553	Condition	code < 0	421:12:15327:15334	2722462	0	True				
ANR	2722554	RelationalExpression	code < 0		2722462	0		<			
ANR	2722555	Identifier	code		2722462	0					
ANR	2722556	PrimaryExpression	0		2722462	1					
ANR	2722557	ReturnStatement	return code ;	422:12:15349:15360	2722462	1	True				
ANR	2722558	Identifier	code		2722462	0					
ANR	2722559	ExpressionStatement	"code = gs_setcolorspace ( ( gs_gstate * ) pgs , ( ( const gs_image4_t * ) pic ) -> ColorSpace )"	424:8:15411:15492	2722462	4	True				
ANR	2722560	AssignmentExpression	"code = gs_setcolorspace ( ( gs_gstate * ) pgs , ( ( const gs_image4_t * ) pic ) -> ColorSpace )"		2722462	0		=			
ANR	2722561	Identifier	code		2722462	0					
ANR	2722562	CallExpression	"gs_setcolorspace ( ( gs_gstate * ) pgs , ( ( const gs_image4_t * ) pic ) -> ColorSpace )"		2722462	1					
ANR	2722563	Callee	gs_setcolorspace		2722462	0					
ANR	2722564	Identifier	gs_setcolorspace		2722462	0					
ANR	2722565	ArgumentList	( gs_gstate * ) pgs		2722462	1					
ANR	2722566	Argument	( gs_gstate * ) pgs		2722462	0					
ANR	2722567	CastExpression	( gs_gstate * ) pgs		2722462	0					
ANR	2722568	CastTarget	gs_gstate *		2722462	0					
ANR	2722569	Identifier	pgs		2722462	1					
ANR	2722570	Argument	( ( const gs_image4_t * ) pic ) -> ColorSpace		2722462	1					
ANR	2722571	PtrMemberAccess	( ( const gs_image4_t * ) pic ) -> ColorSpace		2722462	0					
ANR	2722572	CastExpression	( const gs_image4_t * ) pic		2722462	0					
ANR	2722573	CastTarget	const gs_image4_t *		2722462	0					
ANR	2722574	Identifier	pic		2722462	1					
ANR	2722575	Identifier	ColorSpace		2722462	1					
ANR	2722576	IfStatement	if ( code < 0 )		2722462	5					
ANR	2722577	Condition	code < 0	425:12:15506:15513	2722462	0	True				
ANR	2722578	RelationalExpression	code < 0		2722462	0		<			
ANR	2722579	Identifier	code		2722462	0					
ANR	2722580	PrimaryExpression	0		2722462	1					
ANR	2722581	ReturnStatement	return code ;	426:12:15528:15539	2722462	1	True				
ANR	2722582	Identifier	code		2722462	0					
ANR	2722583	ExpressionStatement	"code = pdf_begin_typed_image ( pdev , pgs , pmat , ( gs_image_common_t * ) & image [ 0 ] . type1 , prect , & icolor , pcpath , mem , pinfo , context )"	427:8:15549:15788	2722462	6	True				
ANR	2722584	AssignmentExpression	"code = pdf_begin_typed_image ( pdev , pgs , pmat , ( gs_image_common_t * ) & image [ 0 ] . type1 , prect , & icolor , pcpath , mem , pinfo , context )"		2722462	0		=			
ANR	2722585	Identifier	code		2722462	0					
ANR	2722586	CallExpression	"pdf_begin_typed_image ( pdev , pgs , pmat , ( gs_image_common_t * ) & image [ 0 ] . type1 , prect , & icolor , pcpath , mem , pinfo , context )"		2722462	1					
ANR	2722587	Callee	pdf_begin_typed_image		2722462	0					
ANR	2722588	Identifier	pdf_begin_typed_image		2722462	0					
ANR	2722589	ArgumentList	pdev		2722462	1					
ANR	2722590	Argument	pdev		2722462	0					
ANR	2722591	Identifier	pdev		2722462	0					
ANR	2722592	Argument	pgs		2722462	1					
ANR	2722593	Identifier	pgs		2722462	0					
ANR	2722594	Argument	pmat		2722462	2					
ANR	2722595	Identifier	pmat		2722462	0					
ANR	2722596	Argument	( gs_image_common_t * ) & image [ 0 ] . type1		2722462	3					
ANR	2722597	CastExpression	( gs_image_common_t * ) & image [ 0 ] . type1		2722462	0					
ANR	2722598	CastTarget	gs_image_common_t *		2722462	0					
ANR	2722599	UnaryOperationExpression	& image [ 0 ] . type1		2722462	1					
ANR	2722600	UnaryOperator	&		2722462	0					
ANR	2722601	MemberAccess	image [ 0 ] . type1		2722462	1					
ANR	2722602	ArrayIndexing	image [ 0 ]		2722462	0					
ANR	2722603	Identifier	image		2722462	0					
ANR	2722604	PrimaryExpression	0		2722462	1					
ANR	2722605	Identifier	type1		2722462	1					
ANR	2722606	Argument	prect		2722462	4					
ANR	2722607	Identifier	prect		2722462	0					
ANR	2722608	Argument	& icolor		2722462	5					
ANR	2722609	UnaryOperationExpression	& icolor		2722462	0					
ANR	2722610	UnaryOperator	&		2722462	0					
ANR	2722611	Identifier	icolor		2722462	1					
ANR	2722612	Argument	pcpath		2722462	6					
ANR	2722613	Identifier	pcpath		2722462	0					
ANR	2722614	Argument	mem		2722462	7					
ANR	2722615	Identifier	mem		2722462	0					
ANR	2722616	Argument	pinfo		2722462	8					
ANR	2722617	Identifier	pinfo		2722462	0					
ANR	2722618	Argument	context		2722462	9					
ANR	2722619	Identifier	context		2722462	0					
ANR	2722620	IfStatement	if ( code < 0 )		2722462	7					
ANR	2722621	Condition	code < 0	431:12:15802:15809	2722462	0	True				
ANR	2722622	RelationalExpression	code < 0		2722462	0		<			
ANR	2722623	Identifier	code		2722462	0					
ANR	2722624	PrimaryExpression	0		2722462	1					
ANR	2722625	ReturnStatement	return code ;	432:12:15824:15835	2722462	1	True				
ANR	2722626	Identifier	code		2722462	0					
ANR	2722627	ReturnStatement	return gs_grestore ( ( gs_gstate * ) pgs ) ;	433:8:15845:15881	2722462	8	True				
ANR	2722628	CallExpression	gs_grestore ( ( gs_gstate * ) pgs )		2722462	0					
ANR	2722629	Callee	gs_grestore		2722462	0					
ANR	2722630	Identifier	gs_grestore		2722462	0					
ANR	2722631	ArgumentList	( gs_gstate * ) pgs		2722462	1					
ANR	2722632	Argument	( gs_gstate * ) pgs		2722462	0					
ANR	2722633	CastExpression	( gs_gstate * ) pgs		2722462	0					
ANR	2722634	CastTarget	gs_gstate *		2722462	0					
ANR	2722635	Identifier	pgs		2722462	1					
ANR	2722636	ReturnStatement	return 1 ;	435:4:15893:15901	2722462	4	True				
ANR	2722637	PrimaryExpression	1		2722462	0					
ANR	2722638	ReturnType	static int		2722462	1					
ANR	2722639	Identifier	convert_type4_image		2722462	2					
ANR	2722640	ParameterList	"gx_device_pdf * pdev , const gs_gstate * pgs , const gs_matrix * pmat , const gs_image_common_t * pic , const gs_int_rect * prect , const gx_drawing_color * pdcolor , const gx_clip_path * pcpath , gs_memory_t * mem , gx_image_enum_common_t * * pinfo , pdf_typed_image_context_t context , image_union_t * image , cos_dict_t * pnamed"		2722462	3					
ANR	2722641	Parameter	gx_device_pdf * pdev	395:31:14082:14100	2722462	0	True				
ANR	2722642	ParameterType	gx_device_pdf *		2722462	0					
ANR	2722643	Identifier	pdev		2722462	1					
ANR	2722644	Parameter	const gs_gstate * pgs	395:52:14103:14123	2722462	1	True				
ANR	2722645	ParameterType	const gs_gstate *		2722462	0					
ANR	2722646	Identifier	pgs		2722462	1					
ANR	2722647	Parameter	const gs_matrix * pmat	396:22:14148:14168	2722462	2	True				
ANR	2722648	ParameterType	const gs_matrix *		2722462	0					
ANR	2722649	Identifier	pmat		2722462	1					
ANR	2722650	Parameter	const gs_image_common_t * pic	396:45:14171:14198	2722462	3	True				
ANR	2722651	ParameterType	const gs_image_common_t *		2722462	0					
ANR	2722652	Identifier	pic		2722462	1					
ANR	2722653	Parameter	const gs_int_rect * prect	397:22:14223:14247	2722462	4	True				
ANR	2722654	ParameterType	const gs_int_rect *		2722462	0					
ANR	2722655	Identifier	prect		2722462	1					
ANR	2722656	Parameter	const gx_drawing_color * pdcolor	398:22:14272:14303	2722462	5	True				
ANR	2722657	ParameterType	const gx_drawing_color *		2722462	0					
ANR	2722658	Identifier	pdcolor		2722462	1					
ANR	2722659	Parameter	const gx_clip_path * pcpath	399:22:14328:14354	2722462	6	True				
ANR	2722660	ParameterType	const gx_clip_path *		2722462	0					
ANR	2722661	Identifier	pcpath		2722462	1					
ANR	2722662	Parameter	gs_memory_t * mem	399:51:14357:14373	2722462	7	True				
ANR	2722663	ParameterType	gs_memory_t *		2722462	0					
ANR	2722664	Identifier	mem		2722462	1					
ANR	2722665	Parameter	gx_image_enum_common_t * * pinfo	400:22:14398:14428	2722462	8	True				
ANR	2722666	ParameterType	gx_image_enum_common_t * *		2722462	0					
ANR	2722667	Identifier	pinfo		2722462	1					
ANR	2722668	Parameter	pdf_typed_image_context_t context	401:22:14453:14485	2722462	9	True				
ANR	2722669	ParameterType	pdf_typed_image_context_t		2722462	0					
ANR	2722670	Identifier	context		2722462	1					
ANR	2722671	Parameter	image_union_t * image	401:57:14488:14507	2722462	10	True				
ANR	2722672	ParameterType	image_union_t *		2722462	0					
ANR	2722673	Identifier	image		2722462	1					
ANR	2722674	Parameter	cos_dict_t * pnamed	402:22:14532:14549	2722462	11	True				
ANR	2722675	ParameterType	cos_dict_t *		2722462	0					
ANR	2722676	Identifier	pnamed		2722462	1					
ANR	2722677	CFGEntryNode	ENTRY		2722462		True				
ANR	2722678	CFGExitNode	EXIT		2722462		True				
ANR	2722679	Symbol	gs_error_unregistered		2722462						
ANR	2722680	Symbol	code		2722462						
ANR	2722681	Symbol	pmat		2722462						
ANR	2722682	Symbol	pinfo		2722462						
ANR	2722683	Symbol	gs_setcolorspace		2722462						
ANR	2722684	Symbol	pic		2722462						
ANR	2722685	Symbol	prect		2722462						
ANR	2722686	Symbol	COS_OBJECT		2722462						
ANR	2722687	Symbol	pdev -> NI_stack		2722462						
ANR	2722688	Symbol	icolor		2722462						
ANR	2722689	Symbol	gs_grestore		2722462						
ANR	2722690	Symbol	pdev		2722462						
ANR	2722691	Symbol	gs_gsave		2722462						
ANR	2722692	Symbol	pnamed		2722462						
ANR	2722693	Symbol	mem		2722462						
ANR	2722694	Symbol	pdev -> image_mask_is_SMask		2722462						
ANR	2722695	Symbol	context		2722462						
ANR	2722696	Symbol	& icolor		2722462						
ANR	2722697	Symbol	pgs		2722462						
ANR	2722698	Symbol	pcpath		2722462						
ANR	2722699	Symbol	pdf_convert_image4_to_image1		2722462						
ANR	2722700	Symbol	image		2722462						
ANR	2722701	Symbol	NULL		2722462						
ANR	2722702	Symbol	false		2722462						
ANR	2722703	Symbol	pdcolor		2722462						
ANR	2722704	Symbol	( ( const gs_image4_t * ) pic ) -> ColorSpace		2722462						
ANR	2722705	Symbol	* pic		2722462						
ANR	2722706	Symbol	* pdev		2722462						
ANR	2722707	Symbol	pdf_begin_typed_image		2722462						
ANR	2722708	Symbol	& image [ 0 ] . type1		2722462						
ANR	2722709	Symbol	* image		2722462						
ANR	2722710	Function	convert_type4_to_masked_image	438:0:15906:17917							
ANR	2722711	FunctionDef	"convert_type4_to_masked_image (gx_device_pdf * pdev , const gs_gstate * pgs , const gs_image_common_t * pic , const gs_int_rect * prect , const gx_drawing_color * pdcolor , const gx_clip_path * pcpath , gs_memory_t * mem , gx_image_enum_common_t * * pinfo)"		2722710	0					
ANR	2722712	CompoundStatement		444:0:16273:17917	2722710	0					
ANR	2722713	IdentifierDeclStatement	"gs_matrix m , m1 , mi ;"	445:8:16283:16302	2722710	0	True				
ANR	2722714	IdentifierDecl	m		2722710	0					
ANR	2722715	IdentifierDeclType	gs_matrix		2722710	0					
ANR	2722716	Identifier	m		2722710	1					
ANR	2722717	IdentifierDecl	m1		2722710	1					
ANR	2722718	IdentifierDeclType	gs_matrix		2722710	0					
ANR	2722719	Identifier	m1		2722710	1					
ANR	2722720	IdentifierDecl	mi		2722710	2					
ANR	2722721	IdentifierDeclType	gs_matrix		2722710	0					
ANR	2722722	Identifier	mi		2722710	1					
ANR	2722723	IdentifierDeclStatement	gs_image4_t pi4 = * ( const gs_image4_t * ) pic ;	446:8:16312:16355	2722710	1	True				
ANR	2722724	IdentifierDecl	pi4 = * ( const gs_image4_t * ) pic		2722710	0					
ANR	2722725	IdentifierDeclType	gs_image4_t		2722710	0					
ANR	2722726	Identifier	pi4		2722710	1					
ANR	2722727	AssignmentExpression	pi4 = * ( const gs_image4_t * ) pic		2722710	2		=			
ANR	2722728	Identifier	pi4		2722710	0					
ANR	2722729	UnaryOperationExpression	* ( const gs_image4_t * ) pic		2722710	1					
ANR	2722730	UnaryOperator	*		2722710	0					
ANR	2722731	CastExpression	( const gs_image4_t * ) pic		2722710	1					
ANR	2722732	CastTarget	const gs_image4_t *		2722710	0					
ANR	2722733	Identifier	pic		2722710	1					
ANR	2722734	IdentifierDeclStatement	int code ;	447:8:16365:16373	2722710	2	True				
ANR	2722735	IdentifierDecl	code		2722710	0					
ANR	2722736	IdentifierDeclType	int		2722710	0					
ANR	2722737	Identifier	code		2722710	1					
ANR	2722738	IdentifierDeclStatement	pdf_lcvd_t * cvd = NULL ;	448:8:16383:16405	2722710	3	True				
ANR	2722739	IdentifierDecl	* cvd = NULL		2722710	0					
ANR	2722740	IdentifierDeclType	pdf_lcvd_t *		2722710	0					
ANR	2722741	Identifier	cvd		2722710	1					
ANR	2722742	AssignmentExpression	* cvd = NULL		2722710	2		=			
ANR	2722743	Identifier	NULL		2722710	0					
ANR	2722744	Identifier	NULL		2722710	1					
ANR	2722745	ExpressionStatement	"code = pdf_check_soft_mask ( pdev , ( gs_gstate * ) pgs )"	450:8:16416:16466	2722710	4	True				
ANR	2722746	AssignmentExpression	"code = pdf_check_soft_mask ( pdev , ( gs_gstate * ) pgs )"		2722710	0		=			
ANR	2722747	Identifier	code		2722710	0					
ANR	2722748	CallExpression	"pdf_check_soft_mask ( pdev , ( gs_gstate * ) pgs )"		2722710	1					
ANR	2722749	Callee	pdf_check_soft_mask		2722710	0					
ANR	2722750	Identifier	pdf_check_soft_mask		2722710	0					
ANR	2722751	ArgumentList	pdev		2722710	1					
ANR	2722752	Argument	pdev		2722710	0					
ANR	2722753	Identifier	pdev		2722710	0					
ANR	2722754	Argument	( gs_gstate * ) pgs		2722710	1					
ANR	2722755	CastExpression	( gs_gstate * ) pgs		2722710	0					
ANR	2722756	CastTarget	gs_gstate *		2722710	0					
ANR	2722757	Identifier	pgs		2722710	1					
ANR	2722758	IfStatement	if ( code < 0 )		2722710	5					
ANR	2722759	Condition	code < 0	451:12:16480:16487	2722710	0	True				
ANR	2722760	RelationalExpression	code < 0		2722710	0		<			
ANR	2722761	Identifier	code		2722710	0					
ANR	2722762	PrimaryExpression	0		2722710	1					
ANR	2722763	ReturnStatement	return code ;	452:12:16502:16513	2722710	1	True				
ANR	2722764	Identifier	code		2722710	0					
ANR	2722765	IfStatement	"if ( pdf_must_put_clip_path ( pdev , pcpath ) )"		2722710	6					
ANR	2722766	Condition	"pdf_must_put_clip_path ( pdev , pcpath )"	453:12:16527:16562	2722710	0	True				
ANR	2722767	CallExpression	"pdf_must_put_clip_path ( pdev , pcpath )"		2722710	0					
ANR	2722768	Callee	pdf_must_put_clip_path		2722710	0					
ANR	2722769	Identifier	pdf_must_put_clip_path		2722710	0					
ANR	2722770	ArgumentList	pdev		2722710	1					
ANR	2722771	Argument	pdev		2722710	0					
ANR	2722772	Identifier	pdev		2722710	0					
ANR	2722773	Argument	pcpath		2722710	1					
ANR	2722774	Identifier	pcpath		2722710	0					
ANR	2722775	ExpressionStatement	code = pdf_unclip ( pdev )	454:12:16577:16600	2722710	1	True				
ANR	2722776	AssignmentExpression	code = pdf_unclip ( pdev )		2722710	0		=			
ANR	2722777	Identifier	code		2722710	0					
ANR	2722778	CallExpression	pdf_unclip ( pdev )		2722710	1					
ANR	2722779	Callee	pdf_unclip		2722710	0					
ANR	2722780	Identifier	pdf_unclip		2722710	0					
ANR	2722781	ArgumentList	pdev		2722710	1					
ANR	2722782	Argument	pdev		2722710	0					
ANR	2722783	Identifier	pdev		2722710	0					
ANR	2722784	ElseStatement	else		2722710	0					
ANR	2722785	ExpressionStatement	"code = pdf_open_page ( pdev , PDF_IN_STREAM )"	456:12:16627:16668	2722710	0	True				
ANR	2722786	AssignmentExpression	"code = pdf_open_page ( pdev , PDF_IN_STREAM )"		2722710	0		=			
ANR	2722787	Identifier	code		2722710	0					
ANR	2722788	CallExpression	"pdf_open_page ( pdev , PDF_IN_STREAM )"		2722710	1					
ANR	2722789	Callee	pdf_open_page		2722710	0					
ANR	2722790	Identifier	pdf_open_page		2722710	0					
ANR	2722791	ArgumentList	pdev		2722710	1					
ANR	2722792	Argument	pdev		2722710	0					
ANR	2722793	Identifier	pdev		2722710	0					
ANR	2722794	Argument	PDF_IN_STREAM		2722710	1					
ANR	2722795	Identifier	PDF_IN_STREAM		2722710	0					
ANR	2722796	IfStatement	if ( code < 0 )		2722710	7					
ANR	2722797	Condition	code < 0	457:12:16682:16689	2722710	0	True				
ANR	2722798	RelationalExpression	code < 0		2722710	0		<			
ANR	2722799	Identifier	code		2722710	0					
ANR	2722800	PrimaryExpression	0		2722710	1					
ANR	2722801	ReturnStatement	return code ;	458:12:16704:16715	2722710	1	True				
ANR	2722802	Identifier	code		2722710	0					
ANR	2722803	ExpressionStatement	"code = pdf_put_clip_path ( pdev , pcpath )"	459:8:16725:16763	2722710	8	True				
ANR	2722804	AssignmentExpression	"code = pdf_put_clip_path ( pdev , pcpath )"		2722710	0		=			
ANR	2722805	Identifier	code		2722710	0					
ANR	2722806	CallExpression	"pdf_put_clip_path ( pdev , pcpath )"		2722710	1					
ANR	2722807	Callee	pdf_put_clip_path		2722710	0					
ANR	2722808	Identifier	pdf_put_clip_path		2722710	0					
ANR	2722809	ArgumentList	pdev		2722710	1					
ANR	2722810	Argument	pdev		2722710	0					
ANR	2722811	Identifier	pdev		2722710	0					
ANR	2722812	Argument	pcpath		2722710	1					
ANR	2722813	Identifier	pcpath		2722710	0					
ANR	2722814	IfStatement	if ( code < 0 )		2722710	9					
ANR	2722815	Condition	code < 0	460:12:16777:16784	2722710	0	True				
ANR	2722816	RelationalExpression	code < 0		2722710	0		<			
ANR	2722817	Identifier	code		2722710	0					
ANR	2722818	PrimaryExpression	0		2722710	1					
ANR	2722819	ReturnStatement	return code ;	461:12:16799:16810	2722710	1	True				
ANR	2722820	Identifier	code		2722710	0					
ANR	2722821	ExpressionStatement	gs_make_identity ( & m1 )	462:8:16820:16841	2722710	10	True				
ANR	2722822	CallExpression	gs_make_identity ( & m1 )		2722710	0					
ANR	2722823	Callee	gs_make_identity		2722710	0					
ANR	2722824	Identifier	gs_make_identity		2722710	0					
ANR	2722825	ArgumentList	& m1		2722710	1					
ANR	2722826	Argument	& m1		2722710	0					
ANR	2722827	UnaryOperationExpression	& m1		2722710	0					
ANR	2722828	UnaryOperator	&		2722710	0					
ANR	2722829	Identifier	m1		2722710	1					
ANR	2722830	ExpressionStatement	"gs_matrix_invert ( & pic -> ImageMatrix , & mi )"	463:8:16851:16891	2722710	11	True				
ANR	2722831	CallExpression	"gs_matrix_invert ( & pic -> ImageMatrix , & mi )"		2722710	0					
ANR	2722832	Callee	gs_matrix_invert		2722710	0					
ANR	2722833	Identifier	gs_matrix_invert		2722710	0					
ANR	2722834	ArgumentList	& pic -> ImageMatrix		2722710	1					
ANR	2722835	Argument	& pic -> ImageMatrix		2722710	0					
ANR	2722836	UnaryOperationExpression	& pic -> ImageMatrix		2722710	0					
ANR	2722837	UnaryOperator	&		2722710	0					
ANR	2722838	PtrMemberAccess	pic -> ImageMatrix		2722710	1					
ANR	2722839	Identifier	pic		2722710	0					
ANR	2722840	Identifier	ImageMatrix		2722710	1					
ANR	2722841	Argument	& mi		2722710	1					
ANR	2722842	UnaryOperationExpression	& mi		2722710	0					
ANR	2722843	UnaryOperator	&		2722710	0					
ANR	2722844	Identifier	mi		2722710	1					
ANR	2722845	ExpressionStatement	"gs_matrix_multiply ( & mi , & ctm_only ( pgs ) , & m )"	464:8:16901:16944	2722710	12	True				
ANR	2722846	CallExpression	"gs_matrix_multiply ( & mi , & ctm_only ( pgs ) , & m )"		2722710	0					
ANR	2722847	Callee	gs_matrix_multiply		2722710	0					
ANR	2722848	Identifier	gs_matrix_multiply		2722710	0					
ANR	2722849	ArgumentList	& mi		2722710	1					
ANR	2722850	Argument	& mi		2722710	0					
ANR	2722851	UnaryOperationExpression	& mi		2722710	0					
ANR	2722852	UnaryOperator	&		2722710	0					
ANR	2722853	Identifier	mi		2722710	1					
ANR	2722854	Argument	& ctm_only ( pgs )		2722710	1					
ANR	2722855	UnaryOperationExpression	& ctm_only ( pgs )		2722710	0					
ANR	2722856	UnaryOperator	&		2722710	0					
ANR	2722857	CallExpression	ctm_only ( pgs )		2722710	1					
ANR	2722858	Callee	ctm_only		2722710	0					
ANR	2722859	Identifier	ctm_only		2722710	0					
ANR	2722860	ArgumentList	pgs		2722710	1					
ANR	2722861	Argument	pgs		2722710	0					
ANR	2722862	Identifier	pgs		2722710	0					
ANR	2722863	Argument	& m		2722710	2					
ANR	2722864	UnaryOperationExpression	& m		2722710	0					
ANR	2722865	UnaryOperator	&		2722710	0					
ANR	2722866	Identifier	m		2722710	1					
ANR	2722867	ExpressionStatement	"code = pdf_setup_masked_image_converter ( pdev , mem , & m , & cvd , true , 0 , 0 , pi4 . Width , pi4 . Height , false )"	465:8:16954:17085	2722710	13	True				
ANR	2722868	AssignmentExpression	"code = pdf_setup_masked_image_converter ( pdev , mem , & m , & cvd , true , 0 , 0 , pi4 . Width , pi4 . Height , false )"		2722710	0		=			
ANR	2722869	Identifier	code		2722710	0					
ANR	2722870	CallExpression	"pdf_setup_masked_image_converter ( pdev , mem , & m , & cvd , true , 0 , 0 , pi4 . Width , pi4 . Height , false )"		2722710	1					
ANR	2722871	Callee	pdf_setup_masked_image_converter		2722710	0					
ANR	2722872	Identifier	pdf_setup_masked_image_converter		2722710	0					
ANR	2722873	ArgumentList	pdev		2722710	1					
ANR	2722874	Argument	pdev		2722710	0					
ANR	2722875	Identifier	pdev		2722710	0					
ANR	2722876	Argument	mem		2722710	1					
ANR	2722877	Identifier	mem		2722710	0					
ANR	2722878	Argument	& m		2722710	2					
ANR	2722879	UnaryOperationExpression	& m		2722710	0					
ANR	2722880	UnaryOperator	&		2722710	0					
ANR	2722881	Identifier	m		2722710	1					
ANR	2722882	Argument	& cvd		2722710	3					
ANR	2722883	UnaryOperationExpression	& cvd		2722710	0					
ANR	2722884	UnaryOperator	&		2722710	0					
ANR	2722885	Identifier	cvd		2722710	1					
ANR	2722886	Argument	true		2722710	4					
ANR	2722887	Identifier	true		2722710	0					
ANR	2722888	Argument	0		2722710	5					
ANR	2722889	PrimaryExpression	0		2722710	0					
ANR	2722890	Argument	0		2722710	6					
ANR	2722891	PrimaryExpression	0		2722710	0					
ANR	2722892	Argument	pi4 . Width		2722710	7					
ANR	2722893	MemberAccess	pi4 . Width		2722710	0					
ANR	2722894	Identifier	pi4		2722710	0					
ANR	2722895	Identifier	Width		2722710	1					
ANR	2722896	Argument	pi4 . Height		2722710	8					
ANR	2722897	MemberAccess	pi4 . Height		2722710	0					
ANR	2722898	Identifier	pi4		2722710	0					
ANR	2722899	Identifier	Height		2722710	1					
ANR	2722900	Argument	false		2722710	9					
ANR	2722901	Identifier	false		2722710	0					
ANR	2722902	IfStatement	if ( code < 0 )		2722710	14					
ANR	2722903	Condition	code < 0	467:12:17099:17106	2722710	0	True				
ANR	2722904	RelationalExpression	code < 0		2722710	0		<			
ANR	2722905	Identifier	code		2722710	0					
ANR	2722906	PrimaryExpression	0		2722710	1					
ANR	2722907	ReturnStatement	return code ;	468:12:17121:17132	2722710	1	True				
ANR	2722908	Identifier	code		2722710	0					
ANR	2722909	ExpressionStatement	cvd -> mdev . is_open = true	469:8:17142:17166	2722710	15	True				
ANR	2722910	AssignmentExpression	cvd -> mdev . is_open = true		2722710	0		=			
ANR	2722911	MemberAccess	cvd -> mdev . is_open		2722710	0					
ANR	2722912	PtrMemberAccess	cvd -> mdev		2722710	0					
ANR	2722913	Identifier	cvd		2722710	0					
ANR	2722914	Identifier	mdev		2722710	1					
ANR	2722915	Identifier	is_open		2722710	1					
ANR	2722916	Identifier	true		2722710	1					
ANR	2722917	ExpressionStatement	cvd -> mask -> is_open = true	470:8:17204:17229	2722710	16	True				
ANR	2722918	AssignmentExpression	cvd -> mask -> is_open = true		2722710	0		=			
ANR	2722919	PtrMemberAccess	cvd -> mask -> is_open		2722710	0					
ANR	2722920	PtrMemberAccess	cvd -> mask		2722710	0					
ANR	2722921	Identifier	cvd		2722710	0					
ANR	2722922	Identifier	mask		2722710	1					
ANR	2722923	Identifier	is_open		2722710	1					
ANR	2722924	Identifier	true		2722710	1					
ANR	2722925	ExpressionStatement	cvd -> mask_is_empty = false	471:8:17267:17293	2722710	17	True				
ANR	2722926	AssignmentExpression	cvd -> mask_is_empty = false		2722710	0		=			
ANR	2722927	PtrMemberAccess	cvd -> mask_is_empty		2722710	0					
ANR	2722928	Identifier	cvd		2722710	0					
ANR	2722929	Identifier	mask_is_empty		2722710	1					
ANR	2722930	Identifier	false		2722710	1					
ANR	2722931	ExpressionStatement	"code = ( * dev_proc ( cvd -> mask , fill_rectangle ) ) ( ( gx_device * ) cvd -> mask , 0 , 0 , cvd -> mask -> width , cvd -> mask -> height , ( gx_color_index ) 0 )"	472:8:17303:17454	2722710	18	True				
ANR	2722932	AssignmentExpression	"code = ( * dev_proc ( cvd -> mask , fill_rectangle ) ) ( ( gx_device * ) cvd -> mask , 0 , 0 , cvd -> mask -> width , cvd -> mask -> height , ( gx_color_index ) 0 )"		2722710	0		=			
ANR	2722933	Identifier	code		2722710	0					
ANR	2722934	CallExpression	"( * dev_proc ( cvd -> mask , fill_rectangle ) ) ( ( gx_device * ) cvd -> mask , 0 , 0 , cvd -> mask -> width , cvd -> mask -> height , ( gx_color_index ) 0 )"		2722710	1					
ANR	2722935	Callee	"* dev_proc ( cvd -> mask , fill_rectangle )"		2722710	0					
ANR	2722936	UnaryOperationExpression	"* dev_proc ( cvd -> mask , fill_rectangle )"		2722710	0					
ANR	2722937	UnaryOperator	*		2722710	0					
ANR	2722938	CallExpression	"dev_proc ( cvd -> mask , fill_rectangle )"		2722710	1					
ANR	2722939	Callee	dev_proc		2722710	0					
ANR	2722940	Identifier	dev_proc		2722710	0					
ANR	2722941	ArgumentList	cvd -> mask		2722710	1					
ANR	2722942	Argument	cvd -> mask		2722710	0					
ANR	2722943	PtrMemberAccess	cvd -> mask		2722710	0					
ANR	2722944	Identifier	cvd		2722710	0					
ANR	2722945	Identifier	mask		2722710	1					
ANR	2722946	Argument	fill_rectangle		2722710	1					
ANR	2722947	Identifier	fill_rectangle		2722710	0					
ANR	2722948	ArgumentList	( gx_device * ) cvd -> mask		2722710	1					
ANR	2722949	Argument	( gx_device * ) cvd -> mask		2722710	0					
ANR	2722950	CastExpression	( gx_device * ) cvd -> mask		2722710	0					
ANR	2722951	CastTarget	gx_device *		2722710	0					
ANR	2722952	PtrMemberAccess	cvd -> mask		2722710	1					
ANR	2722953	Identifier	cvd		2722710	0					
ANR	2722954	Identifier	mask		2722710	1					
ANR	2722955	Argument	0		2722710	1					
ANR	2722956	PrimaryExpression	0		2722710	0					
ANR	2722957	Argument	0		2722710	2					
ANR	2722958	PrimaryExpression	0		2722710	0					
ANR	2722959	Argument	cvd -> mask -> width		2722710	3					
ANR	2722960	PtrMemberAccess	cvd -> mask -> width		2722710	0					
ANR	2722961	PtrMemberAccess	cvd -> mask		2722710	0					
ANR	2722962	Identifier	cvd		2722710	0					
ANR	2722963	Identifier	mask		2722710	1					
ANR	2722964	Identifier	width		2722710	1					
ANR	2722965	Argument	cvd -> mask -> height		2722710	4					
ANR	2722966	PtrMemberAccess	cvd -> mask -> height		2722710	0					
ANR	2722967	PtrMemberAccess	cvd -> mask		2722710	0					
ANR	2722968	Identifier	cvd		2722710	0					
ANR	2722969	Identifier	mask		2722710	1					
ANR	2722970	Identifier	height		2722710	1					
ANR	2722971	Argument	( gx_color_index ) 0		2722710	5					
ANR	2722972	CastExpression	( gx_color_index ) 0		2722710	0					
ANR	2722973	CastTarget	gx_color_index		2722710	0					
ANR	2722974	PrimaryExpression	0		2722710	1					
ANR	2722975	IfStatement	if ( code < 0 )		2722710	19					
ANR	2722976	Condition	code < 0	474:12:17468:17475	2722710	0	True				
ANR	2722977	RelationalExpression	code < 0		2722710	0		<			
ANR	2722978	Identifier	code		2722710	0					
ANR	2722979	PrimaryExpression	0		2722710	1					
ANR	2722980	ReturnStatement	return code ;	475:12:17490:17501	2722710	1	True				
ANR	2722981	Identifier	code		2722710	0					
ANR	2722982	ExpressionStatement	"gx_device_retain ( ( gx_device * ) cvd , true )"	476:8:17511:17551	2722710	20	True				
ANR	2722983	CallExpression	"gx_device_retain ( ( gx_device * ) cvd , true )"		2722710	0					
ANR	2722984	Callee	gx_device_retain		2722710	0					
ANR	2722985	Identifier	gx_device_retain		2722710	0					
ANR	2722986	ArgumentList	( gx_device * ) cvd		2722710	1					
ANR	2722987	Argument	( gx_device * ) cvd		2722710	0					
ANR	2722988	CastExpression	( gx_device * ) cvd		2722710	0					
ANR	2722989	CastTarget	gx_device *		2722710	0					
ANR	2722990	Identifier	cvd		2722710	1					
ANR	2722991	Argument	true		2722710	1					
ANR	2722992	Identifier	true		2722710	0					
ANR	2722993	ExpressionStatement	"gx_device_retain ( ( gx_device * ) cvd -> mask , true )"	477:8:17561:17607	2722710	21	True				
ANR	2722994	CallExpression	"gx_device_retain ( ( gx_device * ) cvd -> mask , true )"		2722710	0					
ANR	2722995	Callee	gx_device_retain		2722710	0					
ANR	2722996	Identifier	gx_device_retain		2722710	0					
ANR	2722997	ArgumentList	( gx_device * ) cvd -> mask		2722710	1					
ANR	2722998	Argument	( gx_device * ) cvd -> mask		2722710	0					
ANR	2722999	CastExpression	( gx_device * ) cvd -> mask		2722710	0					
ANR	2723000	CastTarget	gx_device *		2722710	0					
ANR	2723001	PtrMemberAccess	cvd -> mask		2722710	1					
ANR	2723002	Identifier	cvd		2722710	0					
ANR	2723003	Identifier	mask		2722710	1					
ANR	2723004	Argument	true		2722710	1					
ANR	2723005	Identifier	true		2722710	0					
ANR	2723006	ExpressionStatement	gs_make_identity ( & pi4 . ImageMatrix )	478:8:17617:17651	2722710	22	True				
ANR	2723007	CallExpression	gs_make_identity ( & pi4 . ImageMatrix )		2722710	0					
ANR	2723008	Callee	gs_make_identity		2722710	0					
ANR	2723009	Identifier	gs_make_identity		2722710	0					
ANR	2723010	ArgumentList	& pi4 . ImageMatrix		2722710	1					
ANR	2723011	Argument	& pi4 . ImageMatrix		2722710	0					
ANR	2723012	UnaryOperationExpression	& pi4 . ImageMatrix		2722710	0					
ANR	2723013	UnaryOperator	&		2722710	0					
ANR	2723014	MemberAccess	pi4 . ImageMatrix		2722710	1					
ANR	2723015	Identifier	pi4		2722710	0					
ANR	2723016	Identifier	ImageMatrix		2722710	1					
ANR	2723017	ExpressionStatement	"code = gx_default_begin_typed_image ( ( gx_device * ) cvd , pgs , & m1 , ( gs_image_common_t * ) & pi4 , prect , pdcolor , NULL , mem , pinfo )"	479:8:17661:17797	2722710	23	True				
ANR	2723018	AssignmentExpression	"code = gx_default_begin_typed_image ( ( gx_device * ) cvd , pgs , & m1 , ( gs_image_common_t * ) & pi4 , prect , pdcolor , NULL , mem , pinfo )"		2722710	0		=			
ANR	2723019	Identifier	code		2722710	0					
ANR	2723020	CallExpression	"gx_default_begin_typed_image ( ( gx_device * ) cvd , pgs , & m1 , ( gs_image_common_t * ) & pi4 , prect , pdcolor , NULL , mem , pinfo )"		2722710	1					
ANR	2723021	Callee	gx_default_begin_typed_image		2722710	0					
ANR	2723022	Identifier	gx_default_begin_typed_image		2722710	0					
ANR	2723023	ArgumentList	( gx_device * ) cvd		2722710	1					
ANR	2723024	Argument	( gx_device * ) cvd		2722710	0					
ANR	2723025	CastExpression	( gx_device * ) cvd		2722710	0					
ANR	2723026	CastTarget	gx_device *		2722710	0					
ANR	2723027	Identifier	cvd		2722710	1					
ANR	2723028	Argument	pgs		2722710	1					
ANR	2723029	Identifier	pgs		2722710	0					
ANR	2723030	Argument	& m1		2722710	2					
ANR	2723031	UnaryOperationExpression	& m1		2722710	0					
ANR	2723032	UnaryOperator	&		2722710	0					
ANR	2723033	Identifier	m1		2722710	1					
ANR	2723034	Argument	( gs_image_common_t * ) & pi4		2722710	3					
ANR	2723035	CastExpression	( gs_image_common_t * ) & pi4		2722710	0					
ANR	2723036	CastTarget	gs_image_common_t *		2722710	0					
ANR	2723037	UnaryOperationExpression	& pi4		2722710	1					
ANR	2723038	UnaryOperator	&		2722710	0					
ANR	2723039	Identifier	pi4		2722710	1					
ANR	2723040	Argument	prect		2722710	4					
ANR	2723041	Identifier	prect		2722710	0					
ANR	2723042	Argument	pdcolor		2722710	5					
ANR	2723043	Identifier	pdcolor		2722710	0					
ANR	2723044	Argument	NULL		2722710	6					
ANR	2723045	Identifier	NULL		2722710	0					
ANR	2723046	Argument	mem		2722710	7					
ANR	2723047	Identifier	mem		2722710	0					
ANR	2723048	Argument	pinfo		2722710	8					
ANR	2723049	Identifier	pinfo		2722710	0					
ANR	2723050	IfStatement	if ( code < 0 )		2722710	24					
ANR	2723051	Condition	code < 0	481:12:17811:17818	2722710	0	True				
ANR	2723052	RelationalExpression	code < 0		2722710	0		<			
ANR	2723053	Identifier	code		2722710	0					
ANR	2723054	PrimaryExpression	0		2722710	1					
ANR	2723055	ReturnStatement	return code ;	482:12:17833:17844	2722710	1	True				
ANR	2723056	Identifier	code		2722710	0					
ANR	2723057	ExpressionStatement	( * pinfo ) -> procs = & pdf_image_cvd_enum_procs	483:8:17854:17897	2722710	25	True				
ANR	2723058	AssignmentExpression	( * pinfo ) -> procs = & pdf_image_cvd_enum_procs		2722710	0		=			
ANR	2723059	PtrMemberAccess	( * pinfo ) -> procs		2722710	0					
ANR	2723060	UnaryOperationExpression	* pinfo		2722710	0					
ANR	2723061	UnaryOperator	*		2722710	0					
ANR	2723062	Identifier	pinfo		2722710	1					
ANR	2723063	Identifier	procs		2722710	1					
ANR	2723064	UnaryOperationExpression	& pdf_image_cvd_enum_procs		2722710	1					
ANR	2723065	UnaryOperator	&		2722710	0					
ANR	2723066	Identifier	pdf_image_cvd_enum_procs		2722710	1					
ANR	2723067	ReturnStatement	return 0 ;	484:8:17907:17915	2722710	26	True				
ANR	2723068	PrimaryExpression	0		2722710	0					
ANR	2723069	ReturnType	static int		2722710	1					
ANR	2723070	Identifier	convert_type4_to_masked_image		2722710	2					
ANR	2723071	ParameterList	"gx_device_pdf * pdev , const gs_gstate * pgs , const gs_image_common_t * pic , const gs_int_rect * prect , const gx_drawing_color * pdcolor , const gx_clip_path * pcpath , gs_memory_t * mem , gx_image_enum_common_t * * pinfo"		2722710	3					
ANR	2723072	Parameter	gx_device_pdf * pdev	438:41:15947:15965	2722710	0	True				
ANR	2723073	ParameterType	gx_device_pdf *		2722710	0					
ANR	2723074	Identifier	pdev		2722710	1					
ANR	2723075	Parameter	const gs_gstate * pgs	438:62:15968:15988	2722710	1	True				
ANR	2723076	ParameterType	const gs_gstate *		2722710	0					
ANR	2723077	Identifier	pgs		2722710	1					
ANR	2723078	Parameter	const gs_image_common_t * pic	439:22:16013:16040	2722710	2	True				
ANR	2723079	ParameterType	const gs_image_common_t *		2722710	0					
ANR	2723080	Identifier	pic		2722710	1					
ANR	2723081	Parameter	const gs_int_rect * prect	440:22:16065:16089	2722710	3	True				
ANR	2723082	ParameterType	const gs_int_rect *		2722710	0					
ANR	2723083	Identifier	prect		2722710	1					
ANR	2723084	Parameter	const gx_drawing_color * pdcolor	441:22:16114:16145	2722710	4	True				
ANR	2723085	ParameterType	const gx_drawing_color *		2722710	0					
ANR	2723086	Identifier	pdcolor		2722710	1					
ANR	2723087	Parameter	const gx_clip_path * pcpath	442:22:16170:16196	2722710	5	True				
ANR	2723088	ParameterType	const gx_clip_path *		2722710	0					
ANR	2723089	Identifier	pcpath		2722710	1					
ANR	2723090	Parameter	gs_memory_t * mem	442:51:16199:16215	2722710	6	True				
ANR	2723091	ParameterType	gs_memory_t *		2722710	0					
ANR	2723092	Identifier	mem		2722710	1					
ANR	2723093	Parameter	gx_image_enum_common_t * * pinfo	443:22:16240:16270	2722710	7	True				
ANR	2723094	ParameterType	gx_image_enum_common_t * *		2722710	0					
ANR	2723095	Identifier	pinfo		2722710	1					
ANR	2723096	CFGEntryNode	ENTRY		2722710		True				
ANR	2723097	CFGExitNode	EXIT		2722710		True				
ANR	2723098	Symbol	* cvd		2722710						
ANR	2723099	Symbol	gx_default_begin_typed_image		2722710						
ANR	2723100	Symbol	cvd -> mdev . is_open		2722710						
ANR	2723101	Symbol	pic		2722710						
ANR	2723102	Symbol	prect		2722710						
ANR	2723103	Symbol	& m1		2722710						
ANR	2723104	Symbol	pdev		2722710						
ANR	2723105	Symbol	* pinfo		2722710						
ANR	2723106	Symbol	cvd -> mask -> width		2722710						
ANR	2723107	Symbol	pdf_open_page		2722710						
ANR	2723108	Symbol	mi		2722710						
ANR	2723109	Symbol	pdf_check_soft_mask		2722710						
ANR	2723110	Symbol	NULL		2722710						
ANR	2723111	Symbol	& pic -> ImageMatrix		2722710						
ANR	2723112	Symbol	* * cvd		2722710						
ANR	2723113	Symbol	pdf_put_clip_path		2722710						
ANR	2723114	Symbol	* ( const gs_image4_t * ) pic		2722710						
ANR	2723115	Symbol	* cvd -> mask		2722710						
ANR	2723116	Symbol	fill_rectangle		2722710						
ANR	2723117	Symbol	* * pinfo		2722710						
ANR	2723118	Symbol	cvd -> mdev		2722710						
ANR	2723119	Symbol	true		2722710						
ANR	2723120	Symbol	pdf_setup_masked_image_converter		2722710						
ANR	2723121	Symbol	& pdf_image_cvd_enum_procs		2722710						
ANR	2723122	Symbol	pdf_unclip		2722710						
ANR	2723123	Symbol	pi4 . Width		2722710						
ANR	2723124	Symbol	code		2722710						
ANR	2723125	Symbol	pinfo		2722710						
ANR	2723126	Symbol	* dev_proc		2722710						
ANR	2723127	Symbol	& pi4		2722710						
ANR	2723128	Symbol	& mi		2722710						
ANR	2723129	Symbol	pi4 . Height		2722710						
ANR	2723130	Symbol	cvd -> mask_is_empty		2722710						
ANR	2723131	Symbol	cvd -> mask		2722710						
ANR	2723132	Symbol	"* dev_proc ( cvd -> mask , fill_rectangle )"		2722710						
ANR	2723133	Symbol	PDF_IN_STREAM		2722710						
ANR	2723134	Symbol	cvd		2722710						
ANR	2723135	Symbol	mem		2722710						
ANR	2723136	Symbol	dev_proc		2722710						
ANR	2723137	Symbol	pi4		2722710						
ANR	2723138	Symbol	cvd -> mask -> height		2722710						
ANR	2723139	Symbol	pgs		2722710						
ANR	2723140	Symbol	pcpath		2722710						
ANR	2723141	Symbol	cvd -> mask -> is_open		2722710						
ANR	2723142	Symbol	& ctm_only		2722710						
ANR	2723143	Symbol	m1		2722710						
ANR	2723144	Symbol	( * pinfo ) -> procs		2722710						
ANR	2723145	Symbol	false		2722710						
ANR	2723146	Symbol	pdcolor		2722710						
ANR	2723147	Symbol	& pi4 . ImageMatrix		2722710						
ANR	2723148	Symbol	m		2722710						
ANR	2723149	Symbol	& cvd		2722710						
ANR	2723150	Symbol	& m		2722710						
ANR	2723151	Symbol	* pic		2722710						
ANR	2723152	Symbol	pdf_must_put_clip_path		2722710						
ANR	2723153	Function	setup_image_process_colorspace	487:0:17920:18432							
ANR	2723154	FunctionDef	"setup_image_process_colorspace (gx_device_pdf * pdev , image_union_t * image , gs_color_space * * pcs_orig , const char * sname , cos_value_t * cs_value)"		2723153	0					
ANR	2723155	CompoundStatement		489:0:18116:18432	2723153	0					
ANR	2723156	IdentifierDeclStatement	int code ;	490:4:18122:18130	2723153	0	True				
ANR	2723157	IdentifierDecl	code		2723153	0					
ANR	2723158	IdentifierDeclType	int		2723153	0					
ANR	2723159	Identifier	code		2723153	1					
ANR	2723160	IdentifierDeclStatement	gs_color_space * pcs_device = NULL ;	491:4:18136:18169	2723153	1	True				
ANR	2723161	IdentifierDecl	* pcs_device = NULL		2723153	0					
ANR	2723162	IdentifierDeclType	gs_color_space *		2723153	0					
ANR	2723163	Identifier	pcs_device		2723153	1					
ANR	2723164	AssignmentExpression	* pcs_device = NULL		2723153	2		=			
ANR	2723165	Identifier	NULL		2723153	0					
ANR	2723166	Identifier	NULL		2723153	1					
ANR	2723167	ExpressionStatement	"cos_c_string_value ( cs_value , sname )"	493:4:18176:18211	2723153	2	True				
ANR	2723168	CallExpression	"cos_c_string_value ( cs_value , sname )"		2723153	0					
ANR	2723169	Callee	cos_c_string_value		2723153	0					
ANR	2723170	Identifier	cos_c_string_value		2723153	0					
ANR	2723171	ArgumentList	cs_value		2723153	1					
ANR	2723172	Argument	cs_value		2723153	0					
ANR	2723173	Identifier	cs_value		2723153	0					
ANR	2723174	Argument	sname		2723153	1					
ANR	2723175	Identifier	sname		2723153	0					
ANR	2723176	ExpressionStatement	* pcs_orig = image -> pixel . ColorSpace	494:4:18217:18252	2723153	3	True				
ANR	2723177	AssignmentExpression	* pcs_orig = image -> pixel . ColorSpace		2723153	0		=			
ANR	2723178	UnaryOperationExpression	* pcs_orig		2723153	0					
ANR	2723179	UnaryOperator	*		2723153	0					
ANR	2723180	Identifier	pcs_orig		2723153	1					
ANR	2723181	MemberAccess	image -> pixel . ColorSpace		2723153	1					
ANR	2723182	PtrMemberAccess	image -> pixel		2723153	0					
ANR	2723183	Identifier	image		2723153	0					
ANR	2723184	Identifier	pixel		2723153	1					
ANR	2723185	Identifier	ColorSpace		2723153	1					
ANR	2723186	ExpressionStatement	"code = make_device_color_space ( pdev , pdev -> pcm_color_info_index , & pcs_device )"	495:4:18258:18335	2723153	4	True				
ANR	2723187	AssignmentExpression	"code = make_device_color_space ( pdev , pdev -> pcm_color_info_index , & pcs_device )"		2723153	0		=			
ANR	2723188	Identifier	code		2723153	0					
ANR	2723189	CallExpression	"make_device_color_space ( pdev , pdev -> pcm_color_info_index , & pcs_device )"		2723153	1					
ANR	2723190	Callee	make_device_color_space		2723153	0					
ANR	2723191	Identifier	make_device_color_space		2723153	0					
ANR	2723192	ArgumentList	pdev		2723153	1					
ANR	2723193	Argument	pdev		2723153	0					
ANR	2723194	Identifier	pdev		2723153	0					
ANR	2723195	Argument	pdev -> pcm_color_info_index		2723153	1					
ANR	2723196	PtrMemberAccess	pdev -> pcm_color_info_index		2723153	0					
ANR	2723197	Identifier	pdev		2723153	0					
ANR	2723198	Identifier	pcm_color_info_index		2723153	1					
ANR	2723199	Argument	& pcs_device		2723153	2					
ANR	2723200	UnaryOperationExpression	& pcs_device		2723153	0					
ANR	2723201	UnaryOperator	&		2723153	0					
ANR	2723202	Identifier	pcs_device		2723153	1					
ANR	2723203	IfStatement	if ( code < 0 )		2723153	5					
ANR	2723204	Condition	code < 0	496:8:18345:18352	2723153	0	True				
ANR	2723205	RelationalExpression	code < 0		2723153	0		<			
ANR	2723206	Identifier	code		2723153	0					
ANR	2723207	PrimaryExpression	0		2723153	1					
ANR	2723208	ReturnStatement	return code ;	497:8:18363:18374	2723153	1	True				
ANR	2723209	Identifier	code		2723153	0					
ANR	2723210	ExpressionStatement	image -> pixel . ColorSpace = pcs_device	498:4:18380:18416	2723153	6	True				
ANR	2723211	AssignmentExpression	image -> pixel . ColorSpace = pcs_device		2723153	0		=			
ANR	2723212	MemberAccess	image -> pixel . ColorSpace		2723153	0					
ANR	2723213	PtrMemberAccess	image -> pixel		2723153	0					
ANR	2723214	Identifier	image		2723153	0					
ANR	2723215	Identifier	pixel		2723153	1					
ANR	2723216	Identifier	ColorSpace		2723153	1					
ANR	2723217	Identifier	pcs_device		2723153	1					
ANR	2723218	ReturnStatement	return 0 ;	499:4:18422:18430	2723153	7	True				
ANR	2723219	PrimaryExpression	0		2723153	0					
ANR	2723220	ReturnType	static int		2723153	1					
ANR	2723221	Identifier	setup_image_process_colorspace		2723153	2					
ANR	2723222	ParameterList	"gx_device_pdf * pdev , image_union_t * image , gs_color_space * * pcs_orig , const char * sname , cos_value_t * cs_value"		2723153	3					
ANR	2723223	Parameter	gx_device_pdf * pdev	487:42:17962:17980	2723153	0	True				
ANR	2723224	ParameterType	gx_device_pdf *		2723153	0					
ANR	2723225	Identifier	pdev		2723153	1					
ANR	2723226	Parameter	image_union_t * image	487:63:17983:18002	2723153	1	True				
ANR	2723227	ParameterType	image_union_t *		2723153	0					
ANR	2723228	Identifier	image		2723153	1					
ANR	2723229	Parameter	gs_color_space * * pcs_orig	487:85:18005:18029	2723153	2	True				
ANR	2723230	ParameterType	gs_color_space * *		2723153	0					
ANR	2723231	Identifier	pcs_orig		2723153	1					
ANR	2723232	Parameter	const char * sname	488:42:18074:18090	2723153	3	True				
ANR	2723233	ParameterType	const char *		2723153	0					
ANR	2723234	Identifier	sname		2723153	1					
ANR	2723235	Parameter	cos_value_t * cs_value	488:61:18093:18113	2723153	4	True				
ANR	2723236	ParameterType	cos_value_t *		2723153	0					
ANR	2723237	Identifier	cs_value		2723153	1					
ANR	2723238	CFGEntryNode	ENTRY		2723153		True				
ANR	2723239	CFGExitNode	EXIT		2723153		True				
ANR	2723240	Symbol	& pcs_device		2723153						
ANR	2723241	Symbol	image		2723153						
ANR	2723242	Symbol	code		2723153						
ANR	2723243	Symbol	NULL		2723153						
ANR	2723244	Symbol	* pcs_orig		2723153						
ANR	2723245	Symbol	pdev -> pcm_color_info_index		2723153						
ANR	2723246	Symbol	cs_value		2723153						
ANR	2723247	Symbol	pcs_device		2723153						
ANR	2723248	Symbol	image -> pixel . ColorSpace		2723153						
ANR	2723249	Symbol	pdev		2723153						
ANR	2723250	Symbol	make_device_color_space		2723153						
ANR	2723251	Symbol	sname		2723153						
ANR	2723252	Symbol	image -> pixel		2723153						
ANR	2723253	Symbol	pcs_orig		2723153						
ANR	2723254	Symbol	* pdev		2723153						
ANR	2723255	Symbol	* image		2723153						
ANR	2723256	Function	setup_image_colorspace	508:0:18583:41494							
ANR	2723257	FunctionDef	"setup_image_colorspace (gx_device_pdf * pdev , image_union_t * image , const gs_color_space * pcs , gs_color_space * * pcs_orig , const pdf_color_space_names_t * names , cos_value_t * cs_value)"		2723256	0					
ANR	2723258	CompoundStatement		510:0:18809:41494	2723256	0					
ANR	2723259	IdentifierDeclStatement	int code = 0 ;	511:4:18815:18825	2723256	0	True				
ANR	2723260	IdentifierDecl	code = 0		2723256	0					
ANR	2723261	IdentifierDeclType	int		2723256	0					
ANR	2723262	Identifier	code		2723256	1					
ANR	2723263	AssignmentExpression	code = 0		2723256	2		=			
ANR	2723264	Identifier	code		2723256	0					
ANR	2723265	PrimaryExpression	0		2723256	1					
ANR	2723266	IdentifierDeclStatement	gs_color_space_index csi ;	512:4:18831:18855	2723256	1	True				
ANR	2723267	IdentifierDecl	csi		2723256	0					
ANR	2723268	IdentifierDeclType	gs_color_space_index		2723256	0					
ANR	2723269	Identifier	csi		2723256	1					
ANR	2723270	IdentifierDeclStatement	gs_color_space_index csi2 ;	513:4:18861:18886	2723256	2	True				
ANR	2723271	IdentifierDecl	csi2		2723256	0					
ANR	2723272	IdentifierDeclType	gs_color_space_index		2723256	0					
ANR	2723273	Identifier	csi2		2723256	1					
ANR	2723274	IdentifierDeclStatement	const gs_color_space * pcs2 = pcs ;	514:4:18892:18924	2723256	3	True				
ANR	2723275	IdentifierDecl	* pcs2 = pcs		2723256	0					
ANR	2723276	IdentifierDeclType	const gs_color_space *		2723256	0					
ANR	2723277	Identifier	pcs2		2723256	1					
ANR	2723278	AssignmentExpression	* pcs2 = pcs		2723256	2		=			
ANR	2723279	Identifier	pcs		2723256	0					
ANR	2723280	Identifier	pcs		2723256	1					
ANR	2723281	ExpressionStatement	csi = csi2 = gs_color_space_get_index ( pcs )	516:4:18931:18973	2723256	4	True				
ANR	2723282	AssignmentExpression	csi = csi2 = gs_color_space_get_index ( pcs )		2723256	0		=			
ANR	2723283	Identifier	csi		2723256	0					
ANR	2723284	AssignmentExpression	csi2 = gs_color_space_get_index ( pcs )		2723256	1		=			
ANR	2723285	Identifier	csi2		2723256	0					
ANR	2723286	CallExpression	gs_color_space_get_index ( pcs )		2723256	1					
ANR	2723287	Callee	gs_color_space_get_index		2723256	0					
ANR	2723288	Identifier	gs_color_space_get_index		2723256	0					
ANR	2723289	ArgumentList	pcs		2723256	1					
ANR	2723290	Argument	pcs		2723256	0					
ANR	2723291	Identifier	pcs		2723256	0					
ANR	2723292	IfStatement	if ( csi == gs_color_space_index_ICC )		2723256	5					
ANR	2723293	Condition	csi == gs_color_space_index_ICC	517:8:18983:19013	2723256	0	True				
ANR	2723294	EqualityExpression	csi == gs_color_space_index_ICC		2723256	0		==			
ANR	2723295	Identifier	csi		2723256	0					
ANR	2723296	Identifier	gs_color_space_index_ICC		2723256	1					
ANR	2723297	CompoundStatement		8:41:206:206	2723256	1					
ANR	2723298	ExpressionStatement	csi2 = gsicc_get_default_type ( pcs -> cmm_icc_profile_data )	518:8:19026:19082	2723256	0	True				
ANR	2723299	AssignmentExpression	csi2 = gsicc_get_default_type ( pcs -> cmm_icc_profile_data )		2723256	0		=			
ANR	2723300	Identifier	csi2		2723256	0					
ANR	2723301	CallExpression	gsicc_get_default_type ( pcs -> cmm_icc_profile_data )		2723256	1					
ANR	2723302	Callee	gsicc_get_default_type		2723256	0					
ANR	2723303	Identifier	gsicc_get_default_type		2723256	0					
ANR	2723304	ArgumentList	pcs -> cmm_icc_profile_data		2723256	1					
ANR	2723305	Argument	pcs -> cmm_icc_profile_data		2723256	0					
ANR	2723306	PtrMemberAccess	pcs -> cmm_icc_profile_data		2723256	0					
ANR	2723307	Identifier	pcs		2723256	0					
ANR	2723308	Identifier	cmm_icc_profile_data		2723256	1					
ANR	2723309	IfStatement	if ( pdev -> CompatibilityLevel <= 1.2 )		2723256	6					
ANR	2723310	Condition	pdev -> CompatibilityLevel <= 1.2	522:8:19262:19292	2723256	0	True				
ANR	2723311	RelationalExpression	pdev -> CompatibilityLevel <= 1.2		2723256	0		<=			
ANR	2723312	PtrMemberAccess	pdev -> CompatibilityLevel		2723256	0					
ANR	2723313	Identifier	pdev		2723256	0					
ANR	2723314	Identifier	CompatibilityLevel		2723256	1					
ANR	2723315	PrimaryExpression	1.2		2723256	1					
ANR	2723316	CompoundStatement		13:41:485:485	2723256	1					
ANR	2723317	IfStatement	if ( csi2 == gs_color_space_index_Indexed )		2723256	0					
ANR	2723318	Condition	csi2 == gs_color_space_index_Indexed	525:12:19388:19423	2723256	0	True				
ANR	2723319	EqualityExpression	csi2 == gs_color_space_index_Indexed		2723256	0		==			
ANR	2723320	Identifier	csi2		2723256	0					
ANR	2723321	Identifier	gs_color_space_index_Indexed		2723256	1					
ANR	2723322	CompoundStatement		16:50:616:616	2723256	1					
ANR	2723323	ExpressionStatement	pcs2 = pcs -> base_space	526:12:19440:19462	2723256	0	True				
ANR	2723324	AssignmentExpression	pcs2 = pcs -> base_space		2723256	0		=			
ANR	2723325	Identifier	pcs2		2723256	0					
ANR	2723326	PtrMemberAccess	pcs -> base_space		2723256	1					
ANR	2723327	Identifier	pcs		2723256	0					
ANR	2723328	Identifier	base_space		2723256	1					
ANR	2723329	ExpressionStatement	csi2 = gs_color_space_get_index ( pcs2 )	527:12:19476:19513	2723256	1	True				
ANR	2723330	AssignmentExpression	csi2 = gs_color_space_get_index ( pcs2 )		2723256	0		=			
ANR	2723331	Identifier	csi2		2723256	0					
ANR	2723332	CallExpression	gs_color_space_get_index ( pcs2 )		2723256	1					
ANR	2723333	Callee	gs_color_space_get_index		2723256	0					
ANR	2723334	Identifier	gs_color_space_get_index		2723256	0					
ANR	2723335	ArgumentList	pcs2		2723256	1					
ANR	2723336	Argument	pcs2		2723256	0					
ANR	2723337	Identifier	pcs2		2723256	0					
ANR	2723338	SwitchStatement	switch ( csi2 )		2723256	1					
ANR	2723339	Condition	csi2	530:16:19542:19545	2723256	0	True				
ANR	2723340	Identifier	csi2		2723256	0					
ANR	2723341	CompoundStatement		21:22:738:738	2723256	1					
ANR	2723342	Label	case gs_color_space_index_DeviceGray :	531:12:19562:19598	2723256	0	True				
ANR	2723343	Identifier	gs_color_space_index_DeviceGray		2723256	0					
ANR	2723344	IfStatement	if ( pdev -> params . ColorConversionStrategy == ccs_LeaveColorUnchanged || pdev -> params . ColorConversionStrategy == ccs_Gray )		2723256	1					
ANR	2723345	Condition	pdev -> params . ColorConversionStrategy == ccs_LeaveColorUnchanged || pdev -> params . ColorConversionStrategy == ccs_Gray	532:20:19620:19754	2723256	0	True				
ANR	2723346	OrExpression	pdev -> params . ColorConversionStrategy == ccs_LeaveColorUnchanged || pdev -> params . ColorConversionStrategy == ccs_Gray		2723256	0		||			
ANR	2723347	EqualityExpression	pdev -> params . ColorConversionStrategy == ccs_LeaveColorUnchanged		2723256	0		==			
ANR	2723348	MemberAccess	pdev -> params . ColorConversionStrategy		2723256	0					
ANR	2723349	PtrMemberAccess	pdev -> params		2723256	0					
ANR	2723350	Identifier	pdev		2723256	0					
ANR	2723351	Identifier	params		2723256	1					
ANR	2723352	Identifier	ColorConversionStrategy		2723256	1					
ANR	2723353	Identifier	ccs_LeaveColorUnchanged		2723256	1					
ANR	2723354	EqualityExpression	pdev -> params . ColorConversionStrategy == ccs_Gray		2723256	1		==			
ANR	2723355	MemberAccess	pdev -> params . ColorConversionStrategy		2723256	0					
ANR	2723356	PtrMemberAccess	pdev -> params		2723256	0					
ANR	2723357	Identifier	pdev		2723256	0					
ANR	2723358	Identifier	params		2723256	1					
ANR	2723359	Identifier	ColorConversionStrategy		2723256	1					
ANR	2723360	Identifier	ccs_Gray		2723256	1					
ANR	2723361	CompoundStatement		24:70:947:947	2723256	1					
ANR	2723362	ReturnStatement	return 0 ;	534:20:19779:19787	2723256	0	True				
ANR	2723363	PrimaryExpression	0		2723256	0					
ANR	2723364	ElseStatement	else		2723256	0					
ANR	2723365	CompoundStatement		27:21:1018:1018	2723256	0					
ANR	2723366	ExpressionStatement	"code = setup_image_process_colorspace ( pdev , image , pcs_orig , names -> DeviceGray , cs_value )"	537:20:19850:19939	2723256	0	True				
ANR	2723367	AssignmentExpression	"code = setup_image_process_colorspace ( pdev , image , pcs_orig , names -> DeviceGray , cs_value )"		2723256	0		=			
ANR	2723368	Identifier	code		2723256	0					
ANR	2723369	CallExpression	"setup_image_process_colorspace ( pdev , image , pcs_orig , names -> DeviceGray , cs_value )"		2723256	1					
ANR	2723370	Callee	setup_image_process_colorspace		2723256	0					
ANR	2723371	Identifier	setup_image_process_colorspace		2723256	0					
ANR	2723372	ArgumentList	pdev		2723256	1					
ANR	2723373	Argument	pdev		2723256	0					
ANR	2723374	Identifier	pdev		2723256	0					
ANR	2723375	Argument	image		2723256	1					
ANR	2723376	Identifier	image		2723256	0					
ANR	2723377	Argument	pcs_orig		2723256	2					
ANR	2723378	Identifier	pcs_orig		2723256	0					
ANR	2723379	Argument	names -> DeviceGray		2723256	3					
ANR	2723380	PtrMemberAccess	names -> DeviceGray		2723256	0					
ANR	2723381	Identifier	names		2723256	0					
ANR	2723382	Identifier	DeviceGray		2723256	1					
ANR	2723383	Argument	cs_value		2723256	4					
ANR	2723384	Identifier	cs_value		2723256	0					
ANR	2723385	IfStatement	if ( code < 0 )		2723256	1					
ANR	2723386	Condition	code < 0	538:24:19965:19972	2723256	0	True				
ANR	2723387	RelationalExpression	code < 0		2723256	0		<			
ANR	2723388	Identifier	code		2723256	0					
ANR	2723389	PrimaryExpression	0		2723256	1					
ANR	2723390	ReturnStatement	return code ;	539:24:19999:20010	2723256	1	True				
ANR	2723391	Identifier	code		2723256	0					
ANR	2723392	ReturnStatement	return 1 ;	540:20:20032:20040	2723256	2	True				
ANR	2723393	PrimaryExpression	1		2723256	0					
ANR	2723394	BreakStatement	break ;	542:16:20076:20081	2723256	2	True				
ANR	2723395	Label	case gs_color_space_index_DeviceRGB :	543:12:20095:20130	2723256	3	True				
ANR	2723396	Identifier	gs_color_space_index_DeviceRGB		2723256	0					
ANR	2723397	IfStatement	if ( pdev -> params . ColorConversionStrategy == ccs_LeaveColorUnchanged || pdev -> params . ColorConversionStrategy == ccs_RGB || pdev -> params . ColorConversionStrategy == ccs_sRGB )		2723256	4					
ANR	2723398	Condition	pdev -> params . ColorConversionStrategy == ccs_LeaveColorUnchanged || pdev -> params . ColorConversionStrategy == ccs_RGB || pdev -> params . ColorConversionStrategy == ccs_sRGB	544:20:20152:20337	2723256	0	True				
ANR	2723399	OrExpression	pdev -> params . ColorConversionStrategy == ccs_LeaveColorUnchanged || pdev -> params . ColorConversionStrategy == ccs_RGB || pdev -> params . ColorConversionStrategy == ccs_sRGB		2723256	0		||			
ANR	2723400	EqualityExpression	pdev -> params . ColorConversionStrategy == ccs_LeaveColorUnchanged		2723256	0		==			
ANR	2723401	MemberAccess	pdev -> params . ColorConversionStrategy		2723256	0					
ANR	2723402	PtrMemberAccess	pdev -> params		2723256	0					
ANR	2723403	Identifier	pdev		2723256	0					
ANR	2723404	Identifier	params		2723256	1					
ANR	2723405	Identifier	ColorConversionStrategy		2723256	1					
ANR	2723406	Identifier	ccs_LeaveColorUnchanged		2723256	1					
ANR	2723407	OrExpression	pdev -> params . ColorConversionStrategy == ccs_RGB || pdev -> params . ColorConversionStrategy == ccs_sRGB		2723256	1		||			
ANR	2723408	EqualityExpression	pdev -> params . ColorConversionStrategy == ccs_RGB		2723256	0		==			
ANR	2723409	MemberAccess	pdev -> params . ColorConversionStrategy		2723256	0					
ANR	2723410	PtrMemberAccess	pdev -> params		2723256	0					
ANR	2723411	Identifier	pdev		2723256	0					
ANR	2723412	Identifier	params		2723256	1					
ANR	2723413	Identifier	ColorConversionStrategy		2723256	1					
ANR	2723414	Identifier	ccs_RGB		2723256	1					
ANR	2723415	EqualityExpression	pdev -> params . ColorConversionStrategy == ccs_sRGB		2723256	1		==			
ANR	2723416	MemberAccess	pdev -> params . ColorConversionStrategy		2723256	0					
ANR	2723417	PtrMemberAccess	pdev -> params		2723256	0					
ANR	2723418	Identifier	pdev		2723256	0					
ANR	2723419	Identifier	params		2723256	1					
ANR	2723420	Identifier	ColorConversionStrategy		2723256	1					
ANR	2723421	Identifier	ccs_sRGB		2723256	1					
ANR	2723422	ReturnStatement	return 0 ;	546:20:20360:20368	2723256	1	True				
ANR	2723423	PrimaryExpression	0		2723256	0					
ANR	2723424	ElseStatement	else		2723256	0					
ANR	2723425	CompoundStatement		38:21:1581:1581	2723256	0					
ANR	2723426	ExpressionStatement	"code = setup_image_process_colorspace ( pdev , image , pcs_orig , names -> DeviceRGB , cs_value )"	548:20:20413:20501	2723256	0	True				
ANR	2723427	AssignmentExpression	"code = setup_image_process_colorspace ( pdev , image , pcs_orig , names -> DeviceRGB , cs_value )"		2723256	0		=			
ANR	2723428	Identifier	code		2723256	0					
ANR	2723429	CallExpression	"setup_image_process_colorspace ( pdev , image , pcs_orig , names -> DeviceRGB , cs_value )"		2723256	1					
ANR	2723430	Callee	setup_image_process_colorspace		2723256	0					
ANR	2723431	Identifier	setup_image_process_colorspace		2723256	0					
ANR	2723432	ArgumentList	pdev		2723256	1					
ANR	2723433	Argument	pdev		2723256	0					
ANR	2723434	Identifier	pdev		2723256	0					
ANR	2723435	Argument	image		2723256	1					
ANR	2723436	Identifier	image		2723256	0					
ANR	2723437	Argument	pcs_orig		2723256	2					
ANR	2723438	Identifier	pcs_orig		2723256	0					
ANR	2723439	Argument	names -> DeviceRGB		2723256	3					
ANR	2723440	PtrMemberAccess	names -> DeviceRGB		2723256	0					
ANR	2723441	Identifier	names		2723256	0					
ANR	2723442	Identifier	DeviceRGB		2723256	1					
ANR	2723443	Argument	cs_value		2723256	4					
ANR	2723444	Identifier	cs_value		2723256	0					
ANR	2723445	IfStatement	if ( code < 0 )		2723256	1					
ANR	2723446	Condition	code < 0	549:24:20527:20534	2723256	0	True				
ANR	2723447	RelationalExpression	code < 0		2723256	0		<			
ANR	2723448	Identifier	code		2723256	0					
ANR	2723449	PrimaryExpression	0		2723256	1					
ANR	2723450	ReturnStatement	return code ;	550:24:20561:20572	2723256	1	True				
ANR	2723451	Identifier	code		2723256	0					
ANR	2723452	ReturnStatement	return 1 ;	551:20:20594:20602	2723256	2	True				
ANR	2723453	PrimaryExpression	1		2723256	0					
ANR	2723454	BreakStatement	break ;	553:16:20638:20643	2723256	5	True				
ANR	2723455	Label	case gs_color_space_index_DeviceCMYK :	554:12:20657:20693	2723256	6	True				
ANR	2723456	Identifier	gs_color_space_index_DeviceCMYK		2723256	0					
ANR	2723457	IfStatement	if ( ( pdev -> params . ColorConversionStrategy == ccs_LeaveColorUnchanged || pdev -> params . ColorConversionStrategy == ccs_CMYK ) && ! pdev -> params . ConvertCMYKImagesToRGB )		2723256	7					
ANR	2723458	Condition	( pdev -> params . ColorConversionStrategy == ccs_LeaveColorUnchanged || pdev -> params . ColorConversionStrategy == ccs_CMYK ) && ! pdev -> params . ConvertCMYKImagesToRGB	555:20:20715:20891	2723256	0	True				
ANR	2723459	AndExpression	( pdev -> params . ColorConversionStrategy == ccs_LeaveColorUnchanged || pdev -> params . ColorConversionStrategy == ccs_CMYK ) && ! pdev -> params . ConvertCMYKImagesToRGB		2723256	0		&&			
ANR	2723460	OrExpression	pdev -> params . ColorConversionStrategy == ccs_LeaveColorUnchanged || pdev -> params . ColorConversionStrategy == ccs_CMYK		2723256	0		||			
ANR	2723461	EqualityExpression	pdev -> params . ColorConversionStrategy == ccs_LeaveColorUnchanged		2723256	0		==			
ANR	2723462	MemberAccess	pdev -> params . ColorConversionStrategy		2723256	0					
ANR	2723463	PtrMemberAccess	pdev -> params		2723256	0					
ANR	2723464	Identifier	pdev		2723256	0					
ANR	2723465	Identifier	params		2723256	1					
ANR	2723466	Identifier	ColorConversionStrategy		2723256	1					
ANR	2723467	Identifier	ccs_LeaveColorUnchanged		2723256	1					
ANR	2723468	EqualityExpression	pdev -> params . ColorConversionStrategy == ccs_CMYK		2723256	1		==			
ANR	2723469	MemberAccess	pdev -> params . ColorConversionStrategy		2723256	0					
ANR	2723470	PtrMemberAccess	pdev -> params		2723256	0					
ANR	2723471	Identifier	pdev		2723256	0					
ANR	2723472	Identifier	params		2723256	1					
ANR	2723473	Identifier	ColorConversionStrategy		2723256	1					
ANR	2723474	Identifier	ccs_CMYK		2723256	1					
ANR	2723475	UnaryOperationExpression	! pdev -> params . ConvertCMYKImagesToRGB		2723256	1					
ANR	2723476	UnaryOperator	!		2723256	0					
ANR	2723477	MemberAccess	pdev -> params . ConvertCMYKImagesToRGB		2723256	1					
ANR	2723478	PtrMemberAccess	pdev -> params		2723256	0					
ANR	2723479	Identifier	pdev		2723256	0					
ANR	2723480	Identifier	params		2723256	1					
ANR	2723481	Identifier	ConvertCMYKImagesToRGB		2723256	1					
ANR	2723482	ReturnStatement	return 0 ;	557:20:20914:20922	2723256	1	True				
ANR	2723483	PrimaryExpression	0		2723256	0					
ANR	2723484	ElseStatement	else		2723256	0					
ANR	2723485	CompoundStatement		49:21:2135:2135	2723256	0					
ANR	2723486	ExpressionStatement	"code = setup_image_process_colorspace ( pdev , image , pcs_orig , names -> DeviceCMYK , cs_value )"	559:20:20967:21056	2723256	0	True				
ANR	2723487	AssignmentExpression	"code = setup_image_process_colorspace ( pdev , image , pcs_orig , names -> DeviceCMYK , cs_value )"		2723256	0		=			
ANR	2723488	Identifier	code		2723256	0					
ANR	2723489	CallExpression	"setup_image_process_colorspace ( pdev , image , pcs_orig , names -> DeviceCMYK , cs_value )"		2723256	1					
ANR	2723490	Callee	setup_image_process_colorspace		2723256	0					
ANR	2723491	Identifier	setup_image_process_colorspace		2723256	0					
ANR	2723492	ArgumentList	pdev		2723256	1					
ANR	2723493	Argument	pdev		2723256	0					
ANR	2723494	Identifier	pdev		2723256	0					
ANR	2723495	Argument	image		2723256	1					
ANR	2723496	Identifier	image		2723256	0					
ANR	2723497	Argument	pcs_orig		2723256	2					
ANR	2723498	Identifier	pcs_orig		2723256	0					
ANR	2723499	Argument	names -> DeviceCMYK		2723256	3					
ANR	2723500	PtrMemberAccess	names -> DeviceCMYK		2723256	0					
ANR	2723501	Identifier	names		2723256	0					
ANR	2723502	Identifier	DeviceCMYK		2723256	1					
ANR	2723503	Argument	cs_value		2723256	4					
ANR	2723504	Identifier	cs_value		2723256	0					
ANR	2723505	IfStatement	if ( code < 0 )		2723256	1					
ANR	2723506	Condition	code < 0	560:24:21082:21089	2723256	0	True				
ANR	2723507	RelationalExpression	code < 0		2723256	0		<			
ANR	2723508	Identifier	code		2723256	0					
ANR	2723509	PrimaryExpression	0		2723256	1					
ANR	2723510	ReturnStatement	return code ;	561:24:21116:21127	2723256	1	True				
ANR	2723511	Identifier	code		2723256	0					
ANR	2723512	ReturnStatement	return 1 ;	562:20:21149:21157	2723256	2	True				
ANR	2723513	PrimaryExpression	1		2723256	0					
ANR	2723514	BreakStatement	break ;	564:16:21193:21198	2723256	8	True				
ANR	2723515	Label	case gs_color_space_index_CIEA :	565:12:21212:21242	2723256	9	True				
ANR	2723516	Identifier	gs_color_space_index_CIEA		2723256	0					
ANR	2723517	Label	case gs_color_space_index_CIEABC :	566:12:21256:21288	2723256	10	True				
ANR	2723518	Identifier	gs_color_space_index_CIEABC		2723256	0					
ANR	2723519	Label	case gs_color_space_index_CIEDEF :	567:12:21302:21334	2723256	11	True				
ANR	2723520	Identifier	gs_color_space_index_CIEDEF		2723256	0					
ANR	2723521	Label	case gs_color_space_index_CIEDEFG :	568:12:21348:21381	2723256	12	True				
ANR	2723522	Identifier	gs_color_space_index_CIEDEFG		2723256	0					
ANR	2723523	Label	case gs_color_space_index_Separation :	569:12:21395:21431	2723256	13	True				
ANR	2723524	Identifier	gs_color_space_index_Separation		2723256	0					
ANR	2723525	IfStatement	if ( pdev -> ForOPDFRead )		2723256	14					
ANR	2723526	Condition	pdev -> ForOPDFRead	570:20:21453:21469	2723256	0	True				
ANR	2723527	PtrMemberAccess	pdev -> ForOPDFRead		2723256	0					
ANR	2723528	Identifier	pdev		2723256	0					
ANR	2723529	Identifier	ForOPDFRead		2723256	1					
ANR	2723530	CompoundStatement		61:39:2662:2662	2723256	1					
ANR	2723531	SwitchStatement	switch ( pdev -> params . ColorConversionStrategy )		2723256	0					
ANR	2723532	Condition	pdev -> params . ColorConversionStrategy	571:28:21502:21537	2723256	0	True				
ANR	2723533	MemberAccess	pdev -> params . ColorConversionStrategy		2723256	0					
ANR	2723534	PtrMemberAccess	pdev -> params		2723256	0					
ANR	2723535	Identifier	pdev		2723256	0					
ANR	2723536	Identifier	params		2723256	1					
ANR	2723537	Identifier	ColorConversionStrategy		2723256	1					
ANR	2723538	CompoundStatement		62:66:2730:2730	2723256	1					
ANR	2723539	Label	case ccs_ByObjectType :	572:24:21566:21587	2723256	0	True				
ANR	2723540	Identifier	ccs_ByObjectType		2723256	0					
ANR	2723541	Label	case ccs_UseDeviceDependentColor :	574:24:21679:21711	2723256	1	True				
ANR	2723542	Identifier	ccs_UseDeviceDependentColor		2723256	0					
ANR	2723543	Label	case ccs_UseDeviceIndependentColorForImages :	576:24:21803:21846	2723256	2	True				
ANR	2723544	Identifier	ccs_UseDeviceIndependentColorForImages		2723256	0					
ANR	2723545	Label	case ccs_LeaveColorUnchanged :	578:24:21954:21982	2723256	3	True				
ANR	2723546	Identifier	ccs_LeaveColorUnchanged		2723256	0					
ANR	2723547	IfStatement	if ( csi2 == gs_color_space_index_Separation )		2723256	4					
ANR	2723548	Condition	csi2 == gs_color_space_index_Separation	579:32:22016:22054	2723256	0	True				
ANR	2723549	EqualityExpression	csi2 == gs_color_space_index_Separation		2723256	0		==			
ANR	2723550	Identifier	csi2		2723256	0					
ANR	2723551	Identifier	gs_color_space_index_Separation		2723256	1					
ANR	2723552	ReturnStatement	return 0 ;	580:32:22089:22097	2723256	1	True				
ANR	2723553	PrimaryExpression	0		2723256	0					
ANR	2723554	Label	default :	582:24:22206:22213	2723256	5	True				
ANR	2723555	Identifier	default		2723256	0					
ANR	2723556	SwitchStatement	switch ( pdev -> pcm_color_info_index )		2723256	6					
ANR	2723557	Condition	pdev -> pcm_color_info_index	583:36:22251:22276	2723256	0	True				
ANR	2723558	PtrMemberAccess	pdev -> pcm_color_info_index		2723256	0					
ANR	2723559	Identifier	pdev		2723256	0					
ANR	2723560	Identifier	pcm_color_info_index		2723256	1					
ANR	2723561	CompoundStatement		74:64:3469:3469	2723256	1					
ANR	2723562	Label	case gs_color_space_index_DeviceGray :	584:32:22313:22349	2723256	0	True				
ANR	2723563	Identifier	gs_color_space_index_DeviceGray		2723256	0					
ANR	2723564	ExpressionStatement	"code = setup_image_process_colorspace ( pdev , image , pcs_orig , names -> DeviceGray , cs_value )"	585:36:22387:22476	2723256	1	True				
ANR	2723565	AssignmentExpression	"code = setup_image_process_colorspace ( pdev , image , pcs_orig , names -> DeviceGray , cs_value )"		2723256	0		=			
ANR	2723566	Identifier	code		2723256	0					
ANR	2723567	CallExpression	"setup_image_process_colorspace ( pdev , image , pcs_orig , names -> DeviceGray , cs_value )"		2723256	1					
ANR	2723568	Callee	setup_image_process_colorspace		2723256	0					
ANR	2723569	Identifier	setup_image_process_colorspace		2723256	0					
ANR	2723570	ArgumentList	pdev		2723256	1					
ANR	2723571	Argument	pdev		2723256	0					
ANR	2723572	Identifier	pdev		2723256	0					
ANR	2723573	Argument	image		2723256	1					
ANR	2723574	Identifier	image		2723256	0					
ANR	2723575	Argument	pcs_orig		2723256	2					
ANR	2723576	Identifier	pcs_orig		2723256	0					
ANR	2723577	Argument	names -> DeviceGray		2723256	3					
ANR	2723578	PtrMemberAccess	names -> DeviceGray		2723256	0					
ANR	2723579	Identifier	names		2723256	0					
ANR	2723580	Identifier	DeviceGray		2723256	1					
ANR	2723581	Argument	cs_value		2723256	4					
ANR	2723582	Identifier	cs_value		2723256	0					
ANR	2723583	BreakStatement	break ;	586:36:22514:22519	2723256	2	True				
ANR	2723584	Label	case gs_color_space_index_DeviceRGB :	587:32:22553:22588	2723256	3	True				
ANR	2723585	Identifier	gs_color_space_index_DeviceRGB		2723256	0					
ANR	2723586	ExpressionStatement	"code = setup_image_process_colorspace ( pdev , image , pcs_orig , names -> DeviceRGB , cs_value )"	588:36:22626:22714	2723256	4	True				
ANR	2723587	AssignmentExpression	"code = setup_image_process_colorspace ( pdev , image , pcs_orig , names -> DeviceRGB , cs_value )"		2723256	0		=			
ANR	2723588	Identifier	code		2723256	0					
ANR	2723589	CallExpression	"setup_image_process_colorspace ( pdev , image , pcs_orig , names -> DeviceRGB , cs_value )"		2723256	1					
ANR	2723590	Callee	setup_image_process_colorspace		2723256	0					
ANR	2723591	Identifier	setup_image_process_colorspace		2723256	0					
ANR	2723592	ArgumentList	pdev		2723256	1					
ANR	2723593	Argument	pdev		2723256	0					
ANR	2723594	Identifier	pdev		2723256	0					
ANR	2723595	Argument	image		2723256	1					
ANR	2723596	Identifier	image		2723256	0					
ANR	2723597	Argument	pcs_orig		2723256	2					
ANR	2723598	Identifier	pcs_orig		2723256	0					
ANR	2723599	Argument	names -> DeviceRGB		2723256	3					
ANR	2723600	PtrMemberAccess	names -> DeviceRGB		2723256	0					
ANR	2723601	Identifier	names		2723256	0					
ANR	2723602	Identifier	DeviceRGB		2723256	1					
ANR	2723603	Argument	cs_value		2723256	4					
ANR	2723604	Identifier	cs_value		2723256	0					
ANR	2723605	BreakStatement	break ;	589:36:22752:22757	2723256	5	True				
ANR	2723606	Label	case gs_color_space_index_DeviceCMYK :	590:32:22791:22827	2723256	6	True				
ANR	2723607	Identifier	gs_color_space_index_DeviceCMYK		2723256	0					
ANR	2723608	ExpressionStatement	"code = setup_image_process_colorspace ( pdev , image , pcs_orig , names -> DeviceCMYK , cs_value )"	591:36:22865:22954	2723256	7	True				
ANR	2723609	AssignmentExpression	"code = setup_image_process_colorspace ( pdev , image , pcs_orig , names -> DeviceCMYK , cs_value )"		2723256	0		=			
ANR	2723610	Identifier	code		2723256	0					
ANR	2723611	CallExpression	"setup_image_process_colorspace ( pdev , image , pcs_orig , names -> DeviceCMYK , cs_value )"		2723256	1					
ANR	2723612	Callee	setup_image_process_colorspace		2723256	0					
ANR	2723613	Identifier	setup_image_process_colorspace		2723256	0					
ANR	2723614	ArgumentList	pdev		2723256	1					
ANR	2723615	Argument	pdev		2723256	0					
ANR	2723616	Identifier	pdev		2723256	0					
ANR	2723617	Argument	image		2723256	1					
ANR	2723618	Identifier	image		2723256	0					
ANR	2723619	Argument	pcs_orig		2723256	2					
ANR	2723620	Identifier	pcs_orig		2723256	0					
ANR	2723621	Argument	names -> DeviceCMYK		2723256	3					
ANR	2723622	PtrMemberAccess	names -> DeviceCMYK		2723256	0					
ANR	2723623	Identifier	names		2723256	0					
ANR	2723624	Identifier	DeviceCMYK		2723256	1					
ANR	2723625	Argument	cs_value		2723256	4					
ANR	2723626	Identifier	cs_value		2723256	0					
ANR	2723627	BreakStatement	break ;	592:36:22992:22997	2723256	8	True				
ANR	2723628	Label	default :	593:32:23031:23038	2723256	9	True				
ANR	2723629	Identifier	default		2723256	0					
ANR	2723630	ExpressionStatement	"emprintf ( pdev -> memory , ""Unsupported ProcessColorModel."" )"	594:36:23076:23132	2723256	10	True				
ANR	2723631	CallExpression	"emprintf ( pdev -> memory , ""Unsupported ProcessColorModel."" )"		2723256	0					
ANR	2723632	Callee	emprintf		2723256	0					
ANR	2723633	Identifier	emprintf		2723256	0					
ANR	2723634	ArgumentList	pdev -> memory		2723256	1					
ANR	2723635	Argument	pdev -> memory		2723256	0					
ANR	2723636	PtrMemberAccess	pdev -> memory		2723256	0					
ANR	2723637	Identifier	pdev		2723256	0					
ANR	2723638	Identifier	memory		2723256	1					
ANR	2723639	Argument	"""Unsupported ProcessColorModel."""		2723256	1					
ANR	2723640	PrimaryExpression	"""Unsupported ProcessColorModel."""		2723256	0					
ANR	2723641	ExpressionStatement	return_error ( gs_error_undefined )	595:36:23170:23202	2723256	11	True				
ANR	2723642	CallExpression	return_error ( gs_error_undefined )		2723256	0					
ANR	2723643	Callee	return_error		2723256	0					
ANR	2723644	Identifier	return_error		2723256	0					
ANR	2723645	ArgumentList	gs_error_undefined		2723256	1					
ANR	2723646	Argument	gs_error_undefined		2723256	0					
ANR	2723647	Identifier	gs_error_undefined		2723256	0					
ANR	2723648	IfStatement	if ( code < 0 )		2723256	7					
ANR	2723649	Condition	code < 0	597:32:23266:23273	2723256	0	True				
ANR	2723650	RelationalExpression	code < 0		2723256	0		<			
ANR	2723651	Identifier	code		2723256	0					
ANR	2723652	PrimaryExpression	0		2723256	1					
ANR	2723653	ReturnStatement	return code ;	598:32:23308:23319	2723256	1	True				
ANR	2723654	Identifier	code		2723256	0					
ANR	2723655	ReturnStatement	return 1 ;	599:28:23349:23357	2723256	8	True				
ANR	2723656	PrimaryExpression	1		2723256	0					
ANR	2723657	BreakStatement	break ;	600:28:23387:23392	2723256	9	True				
ANR	2723658	ElseStatement	else		2723256	0					
ANR	2723659	ExpressionStatement	* pcs_orig = ( gs_color_space * ) pcs	604:20:23475:23508	2723256	0	True				
ANR	2723660	AssignmentExpression	* pcs_orig = ( gs_color_space * ) pcs		2723256	0		=			
ANR	2723661	UnaryOperationExpression	* pcs_orig		2723256	0					
ANR	2723662	UnaryOperator	*		2723256	0					
ANR	2723663	Identifier	pcs_orig		2723256	1					
ANR	2723664	CastExpression	( gs_color_space * ) pcs		2723256	1					
ANR	2723665	CastTarget	gs_color_space *		2723256	0					
ANR	2723666	Identifier	pcs		2723256	1					
ANR	2723667	ReturnStatement	return 1 ;	605:16:23526:23534	2723256	15	True				
ANR	2723668	PrimaryExpression	1		2723256	0					
ANR	2723669	BreakStatement	break ;	606:16:23552:23557	2723256	16	True				
ANR	2723670	Label	case gs_color_space_index_ICC :	608:12:23572:23601	2723256	17	True				
ANR	2723671	Identifier	gs_color_space_index_ICC		2723256	0					
ANR	2723672	ExpressionStatement	csi2 = gsicc_get_default_type ( pcs2 -> cmm_icc_profile_data )	616:16:24121:24178	2723256	18	True				
ANR	2723673	AssignmentExpression	csi2 = gsicc_get_default_type ( pcs2 -> cmm_icc_profile_data )		2723256	0		=			
ANR	2723674	Identifier	csi2		2723256	0					
ANR	2723675	CallExpression	gsicc_get_default_type ( pcs2 -> cmm_icc_profile_data )		2723256	1					
ANR	2723676	Callee	gsicc_get_default_type		2723256	0					
ANR	2723677	Identifier	gsicc_get_default_type		2723256	0					
ANR	2723678	ArgumentList	pcs2 -> cmm_icc_profile_data		2723256	1					
ANR	2723679	Argument	pcs2 -> cmm_icc_profile_data		2723256	0					
ANR	2723680	PtrMemberAccess	pcs2 -> cmm_icc_profile_data		2723256	0					
ANR	2723681	Identifier	pcs2		2723256	0					
ANR	2723682	Identifier	cmm_icc_profile_data		2723256	1					
ANR	2723683	SwitchStatement	switch ( csi2 )		2723256	19					
ANR	2723684	Condition	csi2	618:24:24205:24208	2723256	0	True				
ANR	2723685	Identifier	csi2		2723256	0					
ANR	2723686	CompoundStatement		109:30:5401:5401	2723256	1					
ANR	2723687	Label	case gs_color_space_index_DeviceGray :	619:20:24233:24269	2723256	0	True				
ANR	2723688	Identifier	gs_color_space_index_DeviceGray		2723256	0					
ANR	2723689	IfStatement	if ( pdev -> params . ColorConversionStrategy == ccs_Gray || pdev -> params . ColorConversionStrategy == ccs_LeaveColorUnchanged )		2723256	1					
ANR	2723690	Condition	pdev -> params . ColorConversionStrategy == ccs_Gray || pdev -> params . ColorConversionStrategy == ccs_LeaveColorUnchanged	620:28:24299:24441	2723256	0	True				
ANR	2723691	OrExpression	pdev -> params . ColorConversionStrategy == ccs_Gray || pdev -> params . ColorConversionStrategy == ccs_LeaveColorUnchanged		2723256	0		||			
ANR	2723692	EqualityExpression	pdev -> params . ColorConversionStrategy == ccs_Gray		2723256	0		==			
ANR	2723693	MemberAccess	pdev -> params . ColorConversionStrategy		2723256	0					
ANR	2723694	PtrMemberAccess	pdev -> params		2723256	0					
ANR	2723695	Identifier	pdev		2723256	0					
ANR	2723696	Identifier	params		2723256	1					
ANR	2723697	Identifier	ColorConversionStrategy		2723256	1					
ANR	2723698	Identifier	ccs_Gray		2723256	1					
ANR	2723699	EqualityExpression	pdev -> params . ColorConversionStrategy == ccs_LeaveColorUnchanged		2723256	1		==			
ANR	2723700	MemberAccess	pdev -> params . ColorConversionStrategy		2723256	0					
ANR	2723701	PtrMemberAccess	pdev -> params		2723256	0					
ANR	2723702	Identifier	pdev		2723256	0					
ANR	2723703	Identifier	params		2723256	1					
ANR	2723704	Identifier	ColorConversionStrategy		2723256	1					
ANR	2723705	Identifier	ccs_LeaveColorUnchanged		2723256	1					
ANR	2723706	ReturnStatement	return 0 ;	622:28:24472:24480	2723256	1	True				
ANR	2723707	PrimaryExpression	0		2723256	0					
ANR	2723708	BreakStatement	break ;	623:24:24506:24511	2723256	2	True				
ANR	2723709	Label	case gs_color_space_index_DeviceRGB :	624:20:24533:24568	2723256	3	True				
ANR	2723710	Identifier	gs_color_space_index_DeviceRGB		2723256	0					
ANR	2723711	IfStatement	if ( pdev -> params . ColorConversionStrategy == ccs_RGB || pdev -> params . ColorConversionStrategy == ccs_sRGB || pdev -> params . ColorConversionStrategy == ccs_LeaveColorUnchanged )		2723256	4					
ANR	2723712	Condition	pdev -> params . ColorConversionStrategy == ccs_RGB || pdev -> params . ColorConversionStrategy == ccs_sRGB || pdev -> params . ColorConversionStrategy == ccs_LeaveColorUnchanged	625:28:24598:24791	2723256	0	True				
ANR	2723713	OrExpression	pdev -> params . ColorConversionStrategy == ccs_RGB || pdev -> params . ColorConversionStrategy == ccs_sRGB || pdev -> params . ColorConversionStrategy == ccs_LeaveColorUnchanged		2723256	0		||			
ANR	2723714	EqualityExpression	pdev -> params . ColorConversionStrategy == ccs_RGB		2723256	0		==			
ANR	2723715	MemberAccess	pdev -> params . ColorConversionStrategy		2723256	0					
ANR	2723716	PtrMemberAccess	pdev -> params		2723256	0					
ANR	2723717	Identifier	pdev		2723256	0					
ANR	2723718	Identifier	params		2723256	1					
ANR	2723719	Identifier	ColorConversionStrategy		2723256	1					
ANR	2723720	Identifier	ccs_RGB		2723256	1					
ANR	2723721	OrExpression	pdev -> params . ColorConversionStrategy == ccs_sRGB || pdev -> params . ColorConversionStrategy == ccs_LeaveColorUnchanged		2723256	1		||			
ANR	2723722	EqualityExpression	pdev -> params . ColorConversionStrategy == ccs_sRGB		2723256	0		==			
ANR	2723723	MemberAccess	pdev -> params . ColorConversionStrategy		2723256	0					
ANR	2723724	PtrMemberAccess	pdev -> params		2723256	0					
ANR	2723725	Identifier	pdev		2723256	0					
ANR	2723726	Identifier	params		2723256	1					
ANR	2723727	Identifier	ColorConversionStrategy		2723256	1					
ANR	2723728	Identifier	ccs_sRGB		2723256	1					
ANR	2723729	EqualityExpression	pdev -> params . ColorConversionStrategy == ccs_LeaveColorUnchanged		2723256	1		==			
ANR	2723730	MemberAccess	pdev -> params . ColorConversionStrategy		2723256	0					
ANR	2723731	PtrMemberAccess	pdev -> params		2723256	0					
ANR	2723732	Identifier	pdev		2723256	0					
ANR	2723733	Identifier	params		2723256	1					
ANR	2723734	Identifier	ColorConversionStrategy		2723256	1					
ANR	2723735	Identifier	ccs_LeaveColorUnchanged		2723256	1					
ANR	2723736	ReturnStatement	return 0 ;	627:28:24822:24830	2723256	1	True				
ANR	2723737	PrimaryExpression	0		2723256	0					
ANR	2723738	BreakStatement	break ;	628:24:24856:24861	2723256	5	True				
ANR	2723739	Label	case gs_color_space_index_DeviceCMYK :	629:20:24883:24919	2723256	6	True				
ANR	2723740	Identifier	gs_color_space_index_DeviceCMYK		2723256	0					
ANR	2723741	IfStatement	if ( pdev -> params . ColorConversionStrategy == ccs_CMYK || pdev -> params . ColorConversionStrategy == ccs_LeaveColorUnchanged )		2723256	7					
ANR	2723742	Condition	pdev -> params . ColorConversionStrategy == ccs_CMYK || pdev -> params . ColorConversionStrategy == ccs_LeaveColorUnchanged	630:28:24949:25091	2723256	0	True				
ANR	2723743	OrExpression	pdev -> params . ColorConversionStrategy == ccs_CMYK || pdev -> params . ColorConversionStrategy == ccs_LeaveColorUnchanged		2723256	0		||			
ANR	2723744	EqualityExpression	pdev -> params . ColorConversionStrategy == ccs_CMYK		2723256	0		==			
ANR	2723745	MemberAccess	pdev -> params . ColorConversionStrategy		2723256	0					
ANR	2723746	PtrMemberAccess	pdev -> params		2723256	0					
ANR	2723747	Identifier	pdev		2723256	0					
ANR	2723748	Identifier	params		2723256	1					
ANR	2723749	Identifier	ColorConversionStrategy		2723256	1					
ANR	2723750	Identifier	ccs_CMYK		2723256	1					
ANR	2723751	EqualityExpression	pdev -> params . ColorConversionStrategy == ccs_LeaveColorUnchanged		2723256	1		==			
ANR	2723752	MemberAccess	pdev -> params . ColorConversionStrategy		2723256	0					
ANR	2723753	PtrMemberAccess	pdev -> params		2723256	0					
ANR	2723754	Identifier	pdev		2723256	0					
ANR	2723755	Identifier	params		2723256	1					
ANR	2723756	Identifier	ColorConversionStrategy		2723256	1					
ANR	2723757	Identifier	ccs_LeaveColorUnchanged		2723256	1					
ANR	2723758	ReturnStatement	return 0 ;	632:28:25122:25130	2723256	1	True				
ANR	2723759	PrimaryExpression	0		2723256	0					
ANR	2723760	BreakStatement	break ;	633:24:25156:25161	2723256	8	True				
ANR	2723761	Label	default :	634:20:25183:25190	2723256	9	True				
ANR	2723762	Identifier	default		2723256	0					
ANR	2723763	BreakStatement	break ;	635:24:25216:25221	2723256	10	True				
ANR	2723764	Label	case gs_color_space_index_DeviceN :	638:12:25310:25343	2723256	20	True				
ANR	2723765	Identifier	gs_color_space_index_DeviceN		2723256	0					
ANR	2723766	Label	case gs_color_space_index_DevicePixel :	639:12:25357:25394	2723256	21	True				
ANR	2723767	Identifier	gs_color_space_index_DevicePixel		2723256	0					
ANR	2723768	Label	case gs_color_space_index_Indexed :	640:12:25408:25441	2723256	22	True				
ANR	2723769	Identifier	gs_color_space_index_Indexed		2723256	0					
ANR	2723770	SwitchStatement	switch ( pdev -> pcm_color_info_index )		2723256	23					
ANR	2723771	Condition	pdev -> pcm_color_info_index	641:24:25467:25492	2723256	0	True				
ANR	2723772	PtrMemberAccess	pdev -> pcm_color_info_index		2723256	0					
ANR	2723773	Identifier	pdev		2723256	0					
ANR	2723774	Identifier	pcm_color_info_index		2723256	1					
ANR	2723775	CompoundStatement		132:52:6685:6685	2723256	1					
ANR	2723776	Label	case gs_color_space_index_DeviceGray :	642:20:25517:25553	2723256	0	True				
ANR	2723777	Identifier	gs_color_space_index_DeviceGray		2723256	0					
ANR	2723778	ExpressionStatement	"code = setup_image_process_colorspace ( pdev , image , pcs_orig , names -> DeviceGray , cs_value )"	643:24:25579:25668	2723256	1	True				
ANR	2723779	AssignmentExpression	"code = setup_image_process_colorspace ( pdev , image , pcs_orig , names -> DeviceGray , cs_value )"		2723256	0		=			
ANR	2723780	Identifier	code		2723256	0					
ANR	2723781	CallExpression	"setup_image_process_colorspace ( pdev , image , pcs_orig , names -> DeviceGray , cs_value )"		2723256	1					
ANR	2723782	Callee	setup_image_process_colorspace		2723256	0					
ANR	2723783	Identifier	setup_image_process_colorspace		2723256	0					
ANR	2723784	ArgumentList	pdev		2723256	1					
ANR	2723785	Argument	pdev		2723256	0					
ANR	2723786	Identifier	pdev		2723256	0					
ANR	2723787	Argument	image		2723256	1					
ANR	2723788	Identifier	image		2723256	0					
ANR	2723789	Argument	pcs_orig		2723256	2					
ANR	2723790	Identifier	pcs_orig		2723256	0					
ANR	2723791	Argument	names -> DeviceGray		2723256	3					
ANR	2723792	PtrMemberAccess	names -> DeviceGray		2723256	0					
ANR	2723793	Identifier	names		2723256	0					
ANR	2723794	Identifier	DeviceGray		2723256	1					
ANR	2723795	Argument	cs_value		2723256	4					
ANR	2723796	Identifier	cs_value		2723256	0					
ANR	2723797	BreakStatement	break ;	644:24:25694:25699	2723256	2	True				
ANR	2723798	Label	case gs_color_space_index_DeviceRGB :	645:20:25721:25756	2723256	3	True				
ANR	2723799	Identifier	gs_color_space_index_DeviceRGB		2723256	0					
ANR	2723800	ExpressionStatement	"code = setup_image_process_colorspace ( pdev , image , pcs_orig , names -> DeviceRGB , cs_value )"	646:24:25782:25870	2723256	4	True				
ANR	2723801	AssignmentExpression	"code = setup_image_process_colorspace ( pdev , image , pcs_orig , names -> DeviceRGB , cs_value )"		2723256	0		=			
ANR	2723802	Identifier	code		2723256	0					
ANR	2723803	CallExpression	"setup_image_process_colorspace ( pdev , image , pcs_orig , names -> DeviceRGB , cs_value )"		2723256	1					
ANR	2723804	Callee	setup_image_process_colorspace		2723256	0					
ANR	2723805	Identifier	setup_image_process_colorspace		2723256	0					
ANR	2723806	ArgumentList	pdev		2723256	1					
ANR	2723807	Argument	pdev		2723256	0					
ANR	2723808	Identifier	pdev		2723256	0					
ANR	2723809	Argument	image		2723256	1					
ANR	2723810	Identifier	image		2723256	0					
ANR	2723811	Argument	pcs_orig		2723256	2					
ANR	2723812	Identifier	pcs_orig		2723256	0					
ANR	2723813	Argument	names -> DeviceRGB		2723256	3					
ANR	2723814	PtrMemberAccess	names -> DeviceRGB		2723256	0					
ANR	2723815	Identifier	names		2723256	0					
ANR	2723816	Identifier	DeviceRGB		2723256	1					
ANR	2723817	Argument	cs_value		2723256	4					
ANR	2723818	Identifier	cs_value		2723256	0					
ANR	2723819	BreakStatement	break ;	647:24:25896:25901	2723256	5	True				
ANR	2723820	Label	case gs_color_space_index_DeviceCMYK :	648:20:25923:25959	2723256	6	True				
ANR	2723821	Identifier	gs_color_space_index_DeviceCMYK		2723256	0					
ANR	2723822	ExpressionStatement	"code = setup_image_process_colorspace ( pdev , image , pcs_orig , names -> DeviceCMYK , cs_value )"	649:24:25985:26074	2723256	7	True				
ANR	2723823	AssignmentExpression	"code = setup_image_process_colorspace ( pdev , image , pcs_orig , names -> DeviceCMYK , cs_value )"		2723256	0		=			
ANR	2723824	Identifier	code		2723256	0					
ANR	2723825	CallExpression	"setup_image_process_colorspace ( pdev , image , pcs_orig , names -> DeviceCMYK , cs_value )"		2723256	1					
ANR	2723826	Callee	setup_image_process_colorspace		2723256	0					
ANR	2723827	Identifier	setup_image_process_colorspace		2723256	0					
ANR	2723828	ArgumentList	pdev		2723256	1					
ANR	2723829	Argument	pdev		2723256	0					
ANR	2723830	Identifier	pdev		2723256	0					
ANR	2723831	Argument	image		2723256	1					
ANR	2723832	Identifier	image		2723256	0					
ANR	2723833	Argument	pcs_orig		2723256	2					
ANR	2723834	Identifier	pcs_orig		2723256	0					
ANR	2723835	Argument	names -> DeviceCMYK		2723256	3					
ANR	2723836	PtrMemberAccess	names -> DeviceCMYK		2723256	0					
ANR	2723837	Identifier	names		2723256	0					
ANR	2723838	Identifier	DeviceCMYK		2723256	1					
ANR	2723839	Argument	cs_value		2723256	4					
ANR	2723840	Identifier	cs_value		2723256	0					
ANR	2723841	BreakStatement	break ;	650:24:26100:26105	2723256	8	True				
ANR	2723842	Label	default :	651:20:26127:26134	2723256	9	True				
ANR	2723843	Identifier	default		2723256	0					
ANR	2723844	ExpressionStatement	"emprintf ( pdev -> memory , ""Unsupported ProcessColorModel."" )"	652:24:26160:26216	2723256	10	True				
ANR	2723845	CallExpression	"emprintf ( pdev -> memory , ""Unsupported ProcessColorModel."" )"		2723256	0					
ANR	2723846	Callee	emprintf		2723256	0					
ANR	2723847	Identifier	emprintf		2723256	0					
ANR	2723848	ArgumentList	pdev -> memory		2723256	1					
ANR	2723849	Argument	pdev -> memory		2723256	0					
ANR	2723850	PtrMemberAccess	pdev -> memory		2723256	0					
ANR	2723851	Identifier	pdev		2723256	0					
ANR	2723852	Identifier	memory		2723256	1					
ANR	2723853	Argument	"""Unsupported ProcessColorModel."""		2723256	1					
ANR	2723854	PrimaryExpression	"""Unsupported ProcessColorModel."""		2723256	0					
ANR	2723855	ExpressionStatement	return_error ( gs_error_undefined )	653:24:26242:26274	2723256	11	True				
ANR	2723856	CallExpression	return_error ( gs_error_undefined )		2723256	0					
ANR	2723857	Callee	return_error		2723256	0					
ANR	2723858	Identifier	return_error		2723256	0					
ANR	2723859	ArgumentList	gs_error_undefined		2723256	1					
ANR	2723860	Argument	gs_error_undefined		2723256	0					
ANR	2723861	Identifier	gs_error_undefined		2723256	0					
ANR	2723862	IfStatement	if ( code < 0 )		2723256	24					
ANR	2723863	Condition	code < 0	655:20:26314:26321	2723256	0	True				
ANR	2723864	RelationalExpression	code < 0		2723256	0		<			
ANR	2723865	Identifier	code		2723256	0					
ANR	2723866	PrimaryExpression	0		2723256	1					
ANR	2723867	ReturnStatement	return code ;	656:20:26344:26355	2723256	1	True				
ANR	2723868	Identifier	code		2723256	0					
ANR	2723869	ReturnStatement	return 1 ;	657:16:26373:26381	2723256	25	True				
ANR	2723870	PrimaryExpression	1		2723256	0					
ANR	2723871	BreakStatement	break ;	658:16:26399:26404	2723256	26	True				
ANR	2723872	Label	default :	659:12:26418:26425	2723256	27	True				
ANR	2723873	Identifier	default		2723256	0					
ANR	2723874	ReturnStatement	return ( gs_note_error ( gs_error_rangecheck ) ) ;	660:16:26443:26486	2723256	28	True				
ANR	2723875	CallExpression	gs_note_error ( gs_error_rangecheck )		2723256	0					
ANR	2723876	Callee	gs_note_error		2723256	0					
ANR	2723877	Identifier	gs_note_error		2723256	0					
ANR	2723878	ArgumentList	gs_error_rangecheck		2723256	1					
ANR	2723879	Argument	gs_error_rangecheck		2723256	0					
ANR	2723880	Identifier	gs_error_rangecheck		2723256	0					
ANR	2723881	BreakStatement	break ;	661:16:26504:26509	2723256	29	True				
ANR	2723882	ElseStatement	else		2723256	0					
ANR	2723883	CompoundStatement		155:8:7732:7783	2723256	0					
ANR	2723884	IdentifierDeclStatement	int strategy = pdev -> params . ColorConversionStrategy ;	664:8:26542:26593	2723256	0	True				
ANR	2723885	IdentifierDecl	strategy = pdev -> params . ColorConversionStrategy		2723256	0					
ANR	2723886	IdentifierDeclType	int		2723256	0					
ANR	2723887	Identifier	strategy		2723256	1					
ANR	2723888	AssignmentExpression	strategy = pdev -> params . ColorConversionStrategy		2723256	2		=			
ANR	2723889	Identifier	strategy		2723256	0					
ANR	2723890	MemberAccess	pdev -> params . ColorConversionStrategy		2723256	1					
ANR	2723891	PtrMemberAccess	pdev -> params		2723256	0					
ANR	2723892	Identifier	pdev		2723256	0					
ANR	2723893	Identifier	params		2723256	1					
ANR	2723894	Identifier	ColorConversionStrategy		2723256	1					
ANR	2723895	IfStatement	if ( pdev -> params . TransferFunctionInfo == tfi_Apply && pdev -> transfer_not_identity && csi2 == gs_color_space_index_Indexed )		2723256	1					
ANR	2723896	Condition	pdev -> params . TransferFunctionInfo == tfi_Apply && pdev -> transfer_not_identity && csi2 == gs_color_space_index_Indexed	666:12:26608:26724	2723256	0	True				
ANR	2723897	AndExpression	pdev -> params . TransferFunctionInfo == tfi_Apply && pdev -> transfer_not_identity && csi2 == gs_color_space_index_Indexed		2723256	0		&&			
ANR	2723898	EqualityExpression	pdev -> params . TransferFunctionInfo == tfi_Apply		2723256	0		==			
ANR	2723899	MemberAccess	pdev -> params . TransferFunctionInfo		2723256	0					
ANR	2723900	PtrMemberAccess	pdev -> params		2723256	0					
ANR	2723901	Identifier	pdev		2723256	0					
ANR	2723902	Identifier	params		2723256	1					
ANR	2723903	Identifier	TransferFunctionInfo		2723256	1					
ANR	2723904	Identifier	tfi_Apply		2723256	1					
ANR	2723905	AndExpression	pdev -> transfer_not_identity && csi2 == gs_color_space_index_Indexed		2723256	1		&&			
ANR	2723906	PtrMemberAccess	pdev -> transfer_not_identity		2723256	0					
ANR	2723907	Identifier	pdev		2723256	0					
ANR	2723908	Identifier	transfer_not_identity		2723256	1					
ANR	2723909	EqualityExpression	csi2 == gs_color_space_index_Indexed		2723256	1		==			
ANR	2723910	Identifier	csi2		2723256	0					
ANR	2723911	Identifier	gs_color_space_index_Indexed		2723256	1					
ANR	2723912	CompoundStatement		157:131:7917:7917	2723256	1					
ANR	2723913	ExpressionStatement	csi = gs_color_space_get_index ( pcs -> base_space )	667:12:26741:26788	2723256	0	True				
ANR	2723914	AssignmentExpression	csi = gs_color_space_get_index ( pcs -> base_space )		2723256	0		=			
ANR	2723915	Identifier	csi		2723256	0					
ANR	2723916	CallExpression	gs_color_space_get_index ( pcs -> base_space )		2723256	1					
ANR	2723917	Callee	gs_color_space_get_index		2723256	0					
ANR	2723918	Identifier	gs_color_space_get_index		2723256	0					
ANR	2723919	ArgumentList	pcs -> base_space		2723256	1					
ANR	2723920	Argument	pcs -> base_space		2723256	0					
ANR	2723921	PtrMemberAccess	pcs -> base_space		2723256	0					
ANR	2723922	Identifier	pcs		2723256	0					
ANR	2723923	Identifier	base_space		2723256	1					
ANR	2723924	IfStatement	if ( csi == gs_color_space_index_ICC )		2723256	1					
ANR	2723925	Condition	csi == gs_color_space_index_ICC	668:16:26806:26836	2723256	0	True				
ANR	2723926	EqualityExpression	csi == gs_color_space_index_ICC		2723256	0		==			
ANR	2723927	Identifier	csi		2723256	0					
ANR	2723928	Identifier	gs_color_space_index_ICC		2723256	1					
ANR	2723929	CompoundStatement		159:49:8029:8029	2723256	1					
ANR	2723930	ExpressionStatement	csi = gsicc_get_default_type ( pcs -> base_space -> cmm_icc_profile_data )	669:16:26857:26924	2723256	0	True				
ANR	2723931	AssignmentExpression	csi = gsicc_get_default_type ( pcs -> base_space -> cmm_icc_profile_data )		2723256	0		=			
ANR	2723932	Identifier	csi		2723256	0					
ANR	2723933	CallExpression	gsicc_get_default_type ( pcs -> base_space -> cmm_icc_profile_data )		2723256	1					
ANR	2723934	Callee	gsicc_get_default_type		2723256	0					
ANR	2723935	Identifier	gsicc_get_default_type		2723256	0					
ANR	2723936	ArgumentList	pcs -> base_space -> cmm_icc_profile_data		2723256	1					
ANR	2723937	Argument	pcs -> base_space -> cmm_icc_profile_data		2723256	0					
ANR	2723938	PtrMemberAccess	pcs -> base_space -> cmm_icc_profile_data		2723256	0					
ANR	2723939	PtrMemberAccess	pcs -> base_space		2723256	0					
ANR	2723940	Identifier	pcs		2723256	0					
ANR	2723941	Identifier	base_space		2723256	1					
ANR	2723942	Identifier	cmm_icc_profile_data		2723256	1					
ANR	2723943	IfStatement	if ( csi > gs_color_space_index_DeviceCMYK )		2723256	2					
ANR	2723944	Condition	csi > gs_color_space_index_DeviceCMYK	672:16:27049:27085	2723256	0	True				
ANR	2723945	RelationalExpression	csi > gs_color_space_index_DeviceCMYK		2723256	0		>			
ANR	2723946	Identifier	csi		2723256	0					
ANR	2723947	Identifier	gs_color_space_index_DeviceCMYK		2723256	1					
ANR	2723948	ExpressionStatement	csi = pdev -> pcm_color_info_index	673:16:27104:27136	2723256	1	True				
ANR	2723949	AssignmentExpression	csi = pdev -> pcm_color_info_index		2723256	0		=			
ANR	2723950	Identifier	csi		2723256	0					
ANR	2723951	PtrMemberAccess	pdev -> pcm_color_info_index		2723256	1					
ANR	2723952	Identifier	pdev		2723256	0					
ANR	2723953	Identifier	pcm_color_info_index		2723256	1					
ANR	2723954	SwitchStatement	switch ( csi )		2723256	3					
ANR	2723955	Condition	csi	674:19:27157:27159	2723256	0	True				
ANR	2723956	Identifier	csi		2723256	0					
ANR	2723957	CompoundStatement		165:24:8352:8352	2723256	1					
ANR	2723958	Label	case gs_color_space_index_DeviceGray :	675:16:27180:27216	2723256	0	True				
ANR	2723959	Identifier	gs_color_space_index_DeviceGray		2723256	0					
ANR	2723960	ExpressionStatement	strategy = ccs_Gray	676:20:27238:27257	2723256	1	True				
ANR	2723961	AssignmentExpression	strategy = ccs_Gray		2723256	0		=			
ANR	2723962	Identifier	strategy		2723256	0					
ANR	2723963	Identifier	ccs_Gray		2723256	1					
ANR	2723964	BreakStatement	break ;	677:20:27279:27284	2723256	2	True				
ANR	2723965	Label	case gs_color_space_index_DeviceRGB :	678:16:27302:27337	2723256	3	True				
ANR	2723966	Identifier	gs_color_space_index_DeviceRGB		2723256	0					
ANR	2723967	ExpressionStatement	strategy = ccs_RGB	679:20:27359:27377	2723256	4	True				
ANR	2723968	AssignmentExpression	strategy = ccs_RGB		2723256	0		=			
ANR	2723969	Identifier	strategy		2723256	0					
ANR	2723970	Identifier	ccs_RGB		2723256	1					
ANR	2723971	BreakStatement	break ;	680:20:27399:27404	2723256	5	True				
ANR	2723972	Label	case gs_color_space_index_DeviceCMYK :	681:16:27422:27458	2723256	6	True				
ANR	2723973	Identifier	gs_color_space_index_DeviceCMYK		2723256	0					
ANR	2723974	ExpressionStatement	strategy = ccs_CMYK	682:20:27480:27499	2723256	7	True				
ANR	2723975	AssignmentExpression	strategy = ccs_CMYK		2723256	0		=			
ANR	2723976	Identifier	strategy		2723256	0					
ANR	2723977	Identifier	ccs_CMYK		2723256	1					
ANR	2723978	BreakStatement	break ;	683:20:27521:27526	2723256	8	True				
ANR	2723979	Label	default :	684:16:27544:27551	2723256	9	True				
ANR	2723980	Identifier	default		2723256	0					
ANR	2723981	BreakStatement	break ;	685:20:27573:27578	2723256	10	True				
ANR	2723982	SwitchStatement	switch ( strategy )		2723256	2					
ANR	2723983	Condition	strategy	689:15:27620:27627	2723256	0	True				
ANR	2723984	Identifier	strategy		2723256	0					
ANR	2723985	CompoundStatement		180:25:8820:8820	2723256	1					
ANR	2723986	Label	case ccs_ByObjectType :	690:12:27644:27665	2723256	0	True				
ANR	2723987	Identifier	ccs_ByObjectType		2723256	0					
ANR	2723988	Label	case ccs_UseDeviceDependentColor :	692:12:27733:27765	2723256	1	True				
ANR	2723989	Identifier	ccs_UseDeviceDependentColor		2723256	0					
ANR	2723990	Label	case ccs_UseDeviceIndependentColorForImages :	694:12:27833:27876	2723256	2	True				
ANR	2723991	Identifier	ccs_UseDeviceIndependentColorForImages		2723256	0					
ANR	2723992	Label	case ccs_LeaveColorUnchanged :	696:12:27960:27988	2723256	3	True				
ANR	2723993	Identifier	ccs_LeaveColorUnchanged		2723256	0					
ANR	2723994	ReturnStatement	return 0 ;	697:16:28006:28014	2723256	4	True				
ANR	2723995	PrimaryExpression	0		2723256	0					
ANR	2723996	BreakStatement	break ;	698:16:28032:28037	2723256	5	True				
ANR	2723997	Label	case ccs_UseDeviceIndependentColor :	699:12:28051:28085	2723256	6	True				
ANR	2723998	Identifier	ccs_UseDeviceIndependentColor		2723256	0					
ANR	2723999	ReturnStatement	return 2 ;	700:16:28103:28111	2723256	7	True				
ANR	2724000	PrimaryExpression	2		2723256	0					
ANR	2724001	BreakStatement	break ;	701:16:28129:28134	2723256	8	True				
ANR	2724002	Label	case ccs_CMYK :	702:12:28148:28161	2723256	9	True				
ANR	2724003	Identifier	ccs_CMYK		2723256	0					
ANR	2724004	SwitchStatement	switch ( csi2 )		2723256	10					
ANR	2724005	Condition	csi2	703:23:28186:28189	2723256	0	True				
ANR	2724006	Identifier	csi2		2723256	0					
ANR	2724007	CompoundStatement		194:29:9382:9382	2723256	1					
ANR	2724008	Label	case gs_color_space_index_DeviceGray :	704:20:28214:28250	2723256	0	True				
ANR	2724009	Identifier	gs_color_space_index_DeviceGray		2723256	0					
ANR	2724010	Label	case gs_color_space_index_DeviceCMYK :	705:20:28272:28308	2723256	1	True				
ANR	2724011	Identifier	gs_color_space_index_DeviceCMYK		2723256	0					
ANR	2724012	ReturnStatement	return 0 ;	706:24:28334:28342	2723256	2	True				
ANR	2724013	PrimaryExpression	0		2723256	0					
ANR	2724014	BreakStatement	break ;	707:24:28368:28373	2723256	3	True				
ANR	2724015	Label	case gs_color_space_index_Separation :	708:20:28395:28431	2723256	4	True				
ANR	2724016	Identifier	gs_color_space_index_Separation		2723256	0					
ANR	2724017	ExpressionStatement	pcs2 = pcs	709:24:28457:28467	2723256	5	True				
ANR	2724018	AssignmentExpression	pcs2 = pcs		2723256	0		=			
ANR	2724019	Identifier	pcs2		2723256	0					
ANR	2724020	Identifier	pcs		2723256	1					
ANR	2724021	WhileStatement	while ( pcs2 -> base_space )		2723256	6					
ANR	2724022	Condition	pcs2 -> base_space	710:31:28500:28515	2723256	0	True				
ANR	2724023	PtrMemberAccess	pcs2 -> base_space		2723256	0					
ANR	2724024	Identifier	pcs2		2723256	0					
ANR	2724025	Identifier	base_space		2723256	1					
ANR	2724026	ExpressionStatement	pcs2 = pcs2 -> base_space	711:28:28546:28569	2723256	1	True				
ANR	2724027	AssignmentExpression	pcs2 = pcs2 -> base_space		2723256	0		=			
ANR	2724028	Identifier	pcs2		2723256	0					
ANR	2724029	PtrMemberAccess	pcs2 -> base_space		2723256	1					
ANR	2724030	Identifier	pcs2		2723256	0					
ANR	2724031	Identifier	base_space		2723256	1					
ANR	2724032	ExpressionStatement	csi = gs_color_space_get_index ( pcs2 )	712:24:28595:28631	2723256	7	True				
ANR	2724033	AssignmentExpression	csi = gs_color_space_get_index ( pcs2 )		2723256	0		=			
ANR	2724034	Identifier	csi		2723256	0					
ANR	2724035	CallExpression	gs_color_space_get_index ( pcs2 )		2723256	1					
ANR	2724036	Callee	gs_color_space_get_index		2723256	0					
ANR	2724037	Identifier	gs_color_space_get_index		2723256	0					
ANR	2724038	ArgumentList	pcs2		2723256	1					
ANR	2724039	Argument	pcs2		2723256	0					
ANR	2724040	Identifier	pcs2		2723256	0					
ANR	2724041	IfStatement	if ( csi == gs_color_space_index_ICC )		2723256	8					
ANR	2724042	Condition	csi == gs_color_space_index_ICC	713:28:28661:28691	2723256	0	True				
ANR	2724043	EqualityExpression	csi == gs_color_space_index_ICC		2723256	0		==			
ANR	2724044	Identifier	csi		2723256	0					
ANR	2724045	Identifier	gs_color_space_index_ICC		2723256	1					
ANR	2724046	ExpressionStatement	csi = gsicc_get_default_type ( pcs2 -> cmm_icc_profile_data )	714:28:28722:28778	2723256	1	True				
ANR	2724047	AssignmentExpression	csi = gsicc_get_default_type ( pcs2 -> cmm_icc_profile_data )		2723256	0		=			
ANR	2724048	Identifier	csi		2723256	0					
ANR	2724049	CallExpression	gsicc_get_default_type ( pcs2 -> cmm_icc_profile_data )		2723256	1					
ANR	2724050	Callee	gsicc_get_default_type		2723256	0					
ANR	2724051	Identifier	gsicc_get_default_type		2723256	0					
ANR	2724052	ArgumentList	pcs2 -> cmm_icc_profile_data		2723256	1					
ANR	2724053	Argument	pcs2 -> cmm_icc_profile_data		2723256	0					
ANR	2724054	PtrMemberAccess	pcs2 -> cmm_icc_profile_data		2723256	0					
ANR	2724055	Identifier	pcs2		2723256	0					
ANR	2724056	Identifier	cmm_icc_profile_data		2723256	1					
ANR	2724057	IfStatement	if ( csi == gs_color_space_index_DeviceCMYK )		2723256	9					
ANR	2724058	Condition	csi == gs_color_space_index_DeviceCMYK	715:28:28808:28845	2723256	0	True				
ANR	2724059	EqualityExpression	csi == gs_color_space_index_DeviceCMYK		2723256	0		==			
ANR	2724060	Identifier	csi		2723256	0					
ANR	2724061	Identifier	gs_color_space_index_DeviceCMYK		2723256	1					
ANR	2724062	ReturnStatement	return 0 ;	716:28:28876:28884	2723256	1	True				
ANR	2724063	PrimaryExpression	0		2723256	0					
ANR	2724064	ElseStatement	else		2723256	0					
ANR	2724065	ReturnStatement	return 3 ;	718:28:28943:28951	2723256	0	True				
ANR	2724066	PrimaryExpression	3		2723256	0					
ANR	2724067	BreakStatement	break ;	719:24:28977:28982	2723256	10	True				
ANR	2724068	Label	case gs_color_space_index_DeviceN :	720:20:29004:29037	2723256	11	True				
ANR	2724069	Identifier	gs_color_space_index_DeviceN		2723256	0					
ANR	2724070	ExpressionStatement	pcs2 = pcs	721:24:29063:29073	2723256	12	True				
ANR	2724071	AssignmentExpression	pcs2 = pcs		2723256	0		=			
ANR	2724072	Identifier	pcs2		2723256	0					
ANR	2724073	Identifier	pcs		2723256	1					
ANR	2724074	WhileStatement	while ( pcs2 -> base_space )		2723256	13					
ANR	2724075	Condition	pcs2 -> base_space	722:31:29106:29121	2723256	0	True				
ANR	2724076	PtrMemberAccess	pcs2 -> base_space		2723256	0					
ANR	2724077	Identifier	pcs2		2723256	0					
ANR	2724078	Identifier	base_space		2723256	1					
ANR	2724079	ExpressionStatement	pcs2 = pcs2 -> base_space	723:28:29152:29175	2723256	1	True				
ANR	2724080	AssignmentExpression	pcs2 = pcs2 -> base_space		2723256	0		=			
ANR	2724081	Identifier	pcs2		2723256	0					
ANR	2724082	PtrMemberAccess	pcs2 -> base_space		2723256	1					
ANR	2724083	Identifier	pcs2		2723256	0					
ANR	2724084	Identifier	base_space		2723256	1					
ANR	2724085	ExpressionStatement	csi = gs_color_space_get_index ( pcs2 )	724:24:29201:29237	2723256	14	True				
ANR	2724086	AssignmentExpression	csi = gs_color_space_get_index ( pcs2 )		2723256	0		=			
ANR	2724087	Identifier	csi		2723256	0					
ANR	2724088	CallExpression	gs_color_space_get_index ( pcs2 )		2723256	1					
ANR	2724089	Callee	gs_color_space_get_index		2723256	0					
ANR	2724090	Identifier	gs_color_space_get_index		2723256	0					
ANR	2724091	ArgumentList	pcs2		2723256	1					
ANR	2724092	Argument	pcs2		2723256	0					
ANR	2724093	Identifier	pcs2		2723256	0					
ANR	2724094	IfStatement	if ( csi == gs_color_space_index_ICC )		2723256	15					
ANR	2724095	Condition	csi == gs_color_space_index_ICC	725:28:29267:29297	2723256	0	True				
ANR	2724096	EqualityExpression	csi == gs_color_space_index_ICC		2723256	0		==			
ANR	2724097	Identifier	csi		2723256	0					
ANR	2724098	Identifier	gs_color_space_index_ICC		2723256	1					
ANR	2724099	ExpressionStatement	csi = gsicc_get_default_type ( pcs2 -> cmm_icc_profile_data )	726:28:29328:29384	2723256	1	True				
ANR	2724100	AssignmentExpression	csi = gsicc_get_default_type ( pcs2 -> cmm_icc_profile_data )		2723256	0		=			
ANR	2724101	Identifier	csi		2723256	0					
ANR	2724102	CallExpression	gsicc_get_default_type ( pcs2 -> cmm_icc_profile_data )		2723256	1					
ANR	2724103	Callee	gsicc_get_default_type		2723256	0					
ANR	2724104	Identifier	gsicc_get_default_type		2723256	0					
ANR	2724105	ArgumentList	pcs2 -> cmm_icc_profile_data		2723256	1					
ANR	2724106	Argument	pcs2 -> cmm_icc_profile_data		2723256	0					
ANR	2724107	PtrMemberAccess	pcs2 -> cmm_icc_profile_data		2723256	0					
ANR	2724108	Identifier	pcs2		2723256	0					
ANR	2724109	Identifier	cmm_icc_profile_data		2723256	1					
ANR	2724110	IfStatement	if ( csi == gs_color_space_index_DeviceCMYK )		2723256	16					
ANR	2724111	Condition	csi == gs_color_space_index_DeviceCMYK	727:28:29414:29451	2723256	0	True				
ANR	2724112	EqualityExpression	csi == gs_color_space_index_DeviceCMYK		2723256	0		==			
ANR	2724113	Identifier	csi		2723256	0					
ANR	2724114	Identifier	gs_color_space_index_DeviceCMYK		2723256	1					
ANR	2724115	ReturnStatement	return 0 ;	728:28:29482:29490	2723256	1	True				
ANR	2724116	PrimaryExpression	0		2723256	0					
ANR	2724117	ElseStatement	else		2723256	0					
ANR	2724118	ReturnStatement	return 4 ;	730:28:29549:29557	2723256	0	True				
ANR	2724119	PrimaryExpression	4		2723256	0					
ANR	2724120	BreakStatement	break ;	731:24:29583:29588	2723256	17	True				
ANR	2724121	Label	case gs_color_space_index_Indexed :	732:20:29610:29643	2723256	18	True				
ANR	2724122	Identifier	gs_color_space_index_Indexed		2723256	0					
ANR	2724123	ExpressionStatement	pcs2 = pcs -> base_space	733:24:29669:29691	2723256	19	True				
ANR	2724124	AssignmentExpression	pcs2 = pcs -> base_space		2723256	0		=			
ANR	2724125	Identifier	pcs2		2723256	0					
ANR	2724126	PtrMemberAccess	pcs -> base_space		2723256	1					
ANR	2724127	Identifier	pcs		2723256	0					
ANR	2724128	Identifier	base_space		2723256	1					
ANR	2724129	ExpressionStatement	csi = gs_color_space_get_index ( pcs2 )	734:24:29717:29753	2723256	20	True				
ANR	2724130	AssignmentExpression	csi = gs_color_space_get_index ( pcs2 )		2723256	0		=			
ANR	2724131	Identifier	csi		2723256	0					
ANR	2724132	CallExpression	gs_color_space_get_index ( pcs2 )		2723256	1					
ANR	2724133	Callee	gs_color_space_get_index		2723256	0					
ANR	2724134	Identifier	gs_color_space_get_index		2723256	0					
ANR	2724135	ArgumentList	pcs2		2723256	1					
ANR	2724136	Argument	pcs2		2723256	0					
ANR	2724137	Identifier	pcs2		2723256	0					
ANR	2724138	IfStatement	if ( csi == gs_color_space_index_ICC )		2723256	21					
ANR	2724139	Condition	csi == gs_color_space_index_ICC	735:28:29783:29813	2723256	0	True				
ANR	2724140	EqualityExpression	csi == gs_color_space_index_ICC		2723256	0		==			
ANR	2724141	Identifier	csi		2723256	0					
ANR	2724142	Identifier	gs_color_space_index_ICC		2723256	1					
ANR	2724143	ExpressionStatement	csi = gsicc_get_default_type ( pcs2 -> cmm_icc_profile_data )	736:28:29844:29900	2723256	1	True				
ANR	2724144	AssignmentExpression	csi = gsicc_get_default_type ( pcs2 -> cmm_icc_profile_data )		2723256	0		=			
ANR	2724145	Identifier	csi		2723256	0					
ANR	2724146	CallExpression	gsicc_get_default_type ( pcs2 -> cmm_icc_profile_data )		2723256	1					
ANR	2724147	Callee	gsicc_get_default_type		2723256	0					
ANR	2724148	Identifier	gsicc_get_default_type		2723256	0					
ANR	2724149	ArgumentList	pcs2 -> cmm_icc_profile_data		2723256	1					
ANR	2724150	Argument	pcs2 -> cmm_icc_profile_data		2723256	0					
ANR	2724151	PtrMemberAccess	pcs2 -> cmm_icc_profile_data		2723256	0					
ANR	2724152	Identifier	pcs2		2723256	0					
ANR	2724153	Identifier	cmm_icc_profile_data		2723256	1					
ANR	2724154	SwitchStatement	switch ( csi )		2723256	22					
ANR	2724155	Condition	csi	737:31:29933:29935	2723256	0	True				
ANR	2724156	Identifier	csi		2723256	0					
ANR	2724157	CompoundStatement		228:36:11128:11128	2723256	1					
ANR	2724158	Label	case gs_color_space_index_DeviceGray :	738:28:29968:30004	2723256	0	True				
ANR	2724159	Identifier	gs_color_space_index_DeviceGray		2723256	0					
ANR	2724160	Label	case gs_color_space_index_DeviceCMYK :	739:28:30034:30070	2723256	1	True				
ANR	2724161	Identifier	gs_color_space_index_DeviceCMYK		2723256	0					
ANR	2724162	ReturnStatement	return 0 ;	740:32:30104:30112	2723256	2	True				
ANR	2724163	PrimaryExpression	0		2723256	0					
ANR	2724164	BreakStatement	break ;	741:32:30146:30151	2723256	3	True				
ANR	2724165	Label	case gs_color_space_index_Separation :	742:28:30181:30217	2723256	4	True				
ANR	2724166	Identifier	gs_color_space_index_Separation		2723256	0					
ANR	2724167	ExpressionStatement	pcs2 = pcs	743:32:30251:30261	2723256	5	True				
ANR	2724168	AssignmentExpression	pcs2 = pcs		2723256	0		=			
ANR	2724169	Identifier	pcs2		2723256	0					
ANR	2724170	Identifier	pcs		2723256	1					
ANR	2724171	WhileStatement	while ( pcs2 -> base_space )		2723256	6					
ANR	2724172	Condition	pcs2 -> base_space	744:39:30302:30317	2723256	0	True				
ANR	2724173	PtrMemberAccess	pcs2 -> base_space		2723256	0					
ANR	2724174	Identifier	pcs2		2723256	0					
ANR	2724175	Identifier	base_space		2723256	1					
ANR	2724176	ExpressionStatement	pcs2 = pcs2 -> base_space	745:36:30356:30379	2723256	1	True				
ANR	2724177	AssignmentExpression	pcs2 = pcs2 -> base_space		2723256	0		=			
ANR	2724178	Identifier	pcs2		2723256	0					
ANR	2724179	PtrMemberAccess	pcs2 -> base_space		2723256	1					
ANR	2724180	Identifier	pcs2		2723256	0					
ANR	2724181	Identifier	base_space		2723256	1					
ANR	2724182	ExpressionStatement	csi = gs_color_space_get_index ( pcs2 )	746:32:30413:30449	2723256	7	True				
ANR	2724183	AssignmentExpression	csi = gs_color_space_get_index ( pcs2 )		2723256	0		=			
ANR	2724184	Identifier	csi		2723256	0					
ANR	2724185	CallExpression	gs_color_space_get_index ( pcs2 )		2723256	1					
ANR	2724186	Callee	gs_color_space_get_index		2723256	0					
ANR	2724187	Identifier	gs_color_space_get_index		2723256	0					
ANR	2724188	ArgumentList	pcs2		2723256	1					
ANR	2724189	Argument	pcs2		2723256	0					
ANR	2724190	Identifier	pcs2		2723256	0					
ANR	2724191	IfStatement	if ( csi == gs_color_space_index_ICC )		2723256	8					
ANR	2724192	Condition	csi == gs_color_space_index_ICC	747:36:30487:30517	2723256	0	True				
ANR	2724193	EqualityExpression	csi == gs_color_space_index_ICC		2723256	0		==			
ANR	2724194	Identifier	csi		2723256	0					
ANR	2724195	Identifier	gs_color_space_index_ICC		2723256	1					
ANR	2724196	ExpressionStatement	csi = gsicc_get_default_type ( pcs2 -> cmm_icc_profile_data )	748:36:30556:30612	2723256	1	True				
ANR	2724197	AssignmentExpression	csi = gsicc_get_default_type ( pcs2 -> cmm_icc_profile_data )		2723256	0		=			
ANR	2724198	Identifier	csi		2723256	0					
ANR	2724199	CallExpression	gsicc_get_default_type ( pcs2 -> cmm_icc_profile_data )		2723256	1					
ANR	2724200	Callee	gsicc_get_default_type		2723256	0					
ANR	2724201	Identifier	gsicc_get_default_type		2723256	0					
ANR	2724202	ArgumentList	pcs2 -> cmm_icc_profile_data		2723256	1					
ANR	2724203	Argument	pcs2 -> cmm_icc_profile_data		2723256	0					
ANR	2724204	PtrMemberAccess	pcs2 -> cmm_icc_profile_data		2723256	0					
ANR	2724205	Identifier	pcs2		2723256	0					
ANR	2724206	Identifier	cmm_icc_profile_data		2723256	1					
ANR	2724207	IfStatement	if ( csi == gs_color_space_index_DeviceCMYK )		2723256	9					
ANR	2724208	Condition	csi == gs_color_space_index_DeviceCMYK	749:36:30650:30687	2723256	0	True				
ANR	2724209	EqualityExpression	csi == gs_color_space_index_DeviceCMYK		2723256	0		==			
ANR	2724210	Identifier	csi		2723256	0					
ANR	2724211	Identifier	gs_color_space_index_DeviceCMYK		2723256	1					
ANR	2724212	ReturnStatement	return 0 ;	750:36:30726:30734	2723256	1	True				
ANR	2724213	PrimaryExpression	0		2723256	0					
ANR	2724214	ElseStatement	else		2723256	0					
ANR	2724215	ReturnStatement	return 3 ;	752:36:30809:30817	2723256	0	True				
ANR	2724216	PrimaryExpression	3		2723256	0					
ANR	2724217	BreakStatement	break ;	753:32:30851:30856	2723256	10	True				
ANR	2724218	Label	case gs_color_space_index_DeviceN :	754:28:30886:30919	2723256	11	True				
ANR	2724219	Identifier	gs_color_space_index_DeviceN		2723256	0					
ANR	2724220	ExpressionStatement	pcs2 = pcs	755:32:30953:30963	2723256	12	True				
ANR	2724221	AssignmentExpression	pcs2 = pcs		2723256	0		=			
ANR	2724222	Identifier	pcs2		2723256	0					
ANR	2724223	Identifier	pcs		2723256	1					
ANR	2724224	WhileStatement	while ( pcs2 -> base_space )		2723256	13					
ANR	2724225	Condition	pcs2 -> base_space	756:39:31004:31019	2723256	0	True				
ANR	2724226	PtrMemberAccess	pcs2 -> base_space		2723256	0					
ANR	2724227	Identifier	pcs2		2723256	0					
ANR	2724228	Identifier	base_space		2723256	1					
ANR	2724229	ExpressionStatement	pcs2 = pcs2 -> base_space	757:36:31058:31081	2723256	1	True				
ANR	2724230	AssignmentExpression	pcs2 = pcs2 -> base_space		2723256	0		=			
ANR	2724231	Identifier	pcs2		2723256	0					
ANR	2724232	PtrMemberAccess	pcs2 -> base_space		2723256	1					
ANR	2724233	Identifier	pcs2		2723256	0					
ANR	2724234	Identifier	base_space		2723256	1					
ANR	2724235	ExpressionStatement	csi = gs_color_space_get_index ( pcs2 )	758:32:31115:31151	2723256	14	True				
ANR	2724236	AssignmentExpression	csi = gs_color_space_get_index ( pcs2 )		2723256	0		=			
ANR	2724237	Identifier	csi		2723256	0					
ANR	2724238	CallExpression	gs_color_space_get_index ( pcs2 )		2723256	1					
ANR	2724239	Callee	gs_color_space_get_index		2723256	0					
ANR	2724240	Identifier	gs_color_space_get_index		2723256	0					
ANR	2724241	ArgumentList	pcs2		2723256	1					
ANR	2724242	Argument	pcs2		2723256	0					
ANR	2724243	Identifier	pcs2		2723256	0					
ANR	2724244	IfStatement	if ( csi == gs_color_space_index_ICC )		2723256	15					
ANR	2724245	Condition	csi == gs_color_space_index_ICC	759:36:31189:31219	2723256	0	True				
ANR	2724246	EqualityExpression	csi == gs_color_space_index_ICC		2723256	0		==			
ANR	2724247	Identifier	csi		2723256	0					
ANR	2724248	Identifier	gs_color_space_index_ICC		2723256	1					
ANR	2724249	ExpressionStatement	csi = gsicc_get_default_type ( pcs2 -> cmm_icc_profile_data )	760:36:31258:31314	2723256	1	True				
ANR	2724250	AssignmentExpression	csi = gsicc_get_default_type ( pcs2 -> cmm_icc_profile_data )		2723256	0		=			
ANR	2724251	Identifier	csi		2723256	0					
ANR	2724252	CallExpression	gsicc_get_default_type ( pcs2 -> cmm_icc_profile_data )		2723256	1					
ANR	2724253	Callee	gsicc_get_default_type		2723256	0					
ANR	2724254	Identifier	gsicc_get_default_type		2723256	0					
ANR	2724255	ArgumentList	pcs2 -> cmm_icc_profile_data		2723256	1					
ANR	2724256	Argument	pcs2 -> cmm_icc_profile_data		2723256	0					
ANR	2724257	PtrMemberAccess	pcs2 -> cmm_icc_profile_data		2723256	0					
ANR	2724258	Identifier	pcs2		2723256	0					
ANR	2724259	Identifier	cmm_icc_profile_data		2723256	1					
ANR	2724260	IfStatement	if ( csi == gs_color_space_index_DeviceCMYK )		2723256	16					
ANR	2724261	Condition	csi == gs_color_space_index_DeviceCMYK	761:36:31352:31389	2723256	0	True				
ANR	2724262	EqualityExpression	csi == gs_color_space_index_DeviceCMYK		2723256	0		==			
ANR	2724263	Identifier	csi		2723256	0					
ANR	2724264	Identifier	gs_color_space_index_DeviceCMYK		2723256	1					
ANR	2724265	ReturnStatement	return 0 ;	762:36:31428:31436	2723256	1	True				
ANR	2724266	PrimaryExpression	0		2723256	0					
ANR	2724267	ElseStatement	else		2723256	0					
ANR	2724268	ReturnStatement	return 4 ;	764:36:31511:31519	2723256	0	True				
ANR	2724269	PrimaryExpression	4		2723256	0					
ANR	2724270	BreakStatement	break ;	765:32:31553:31558	2723256	17	True				
ANR	2724271	Label	default :	766:28:31588:31595	2723256	18	True				
ANR	2724272	Identifier	default		2723256	0					
ANR	2724273	SwitchStatement	switch ( pdev -> pcm_color_info_index )		2723256	19					
ANR	2724274	Condition	pdev -> pcm_color_info_index	767:40:31637:31662	2723256	0	True				
ANR	2724275	PtrMemberAccess	pdev -> pcm_color_info_index		2723256	0					
ANR	2724276	Identifier	pdev		2723256	0					
ANR	2724277	Identifier	pcm_color_info_index		2723256	1					
ANR	2724278	CompoundStatement		258:68:12855:12855	2723256	1					
ANR	2724279	Label	case gs_color_space_index_DeviceGray :	768:36:31703:31739	2723256	0	True				
ANR	2724280	Identifier	gs_color_space_index_DeviceGray		2723256	0					
ANR	2724281	ExpressionStatement	"code = setup_image_process_colorspace ( pdev , image , pcs_orig , names -> DeviceGray , cs_value )"	769:40:31781:31870	2723256	1	True				
ANR	2724282	AssignmentExpression	"code = setup_image_process_colorspace ( pdev , image , pcs_orig , names -> DeviceGray , cs_value )"		2723256	0		=			
ANR	2724283	Identifier	code		2723256	0					
ANR	2724284	CallExpression	"setup_image_process_colorspace ( pdev , image , pcs_orig , names -> DeviceGray , cs_value )"		2723256	1					
ANR	2724285	Callee	setup_image_process_colorspace		2723256	0					
ANR	2724286	Identifier	setup_image_process_colorspace		2723256	0					
ANR	2724287	ArgumentList	pdev		2723256	1					
ANR	2724288	Argument	pdev		2723256	0					
ANR	2724289	Identifier	pdev		2723256	0					
ANR	2724290	Argument	image		2723256	1					
ANR	2724291	Identifier	image		2723256	0					
ANR	2724292	Argument	pcs_orig		2723256	2					
ANR	2724293	Identifier	pcs_orig		2723256	0					
ANR	2724294	Argument	names -> DeviceGray		2723256	3					
ANR	2724295	PtrMemberAccess	names -> DeviceGray		2723256	0					
ANR	2724296	Identifier	names		2723256	0					
ANR	2724297	Identifier	DeviceGray		2723256	1					
ANR	2724298	Argument	cs_value		2723256	4					
ANR	2724299	Identifier	cs_value		2723256	0					
ANR	2724300	BreakStatement	break ;	770:40:31912:31917	2723256	2	True				
ANR	2724301	Label	case gs_color_space_index_DeviceRGB :	771:36:31955:31990	2723256	3	True				
ANR	2724302	Identifier	gs_color_space_index_DeviceRGB		2723256	0					
ANR	2724303	ExpressionStatement	"code = setup_image_process_colorspace ( pdev , image , pcs_orig , names -> DeviceRGB , cs_value )"	772:40:32032:32120	2723256	4	True				
ANR	2724304	AssignmentExpression	"code = setup_image_process_colorspace ( pdev , image , pcs_orig , names -> DeviceRGB , cs_value )"		2723256	0		=			
ANR	2724305	Identifier	code		2723256	0					
ANR	2724306	CallExpression	"setup_image_process_colorspace ( pdev , image , pcs_orig , names -> DeviceRGB , cs_value )"		2723256	1					
ANR	2724307	Callee	setup_image_process_colorspace		2723256	0					
ANR	2724308	Identifier	setup_image_process_colorspace		2723256	0					
ANR	2724309	ArgumentList	pdev		2723256	1					
ANR	2724310	Argument	pdev		2723256	0					
ANR	2724311	Identifier	pdev		2723256	0					
ANR	2724312	Argument	image		2723256	1					
ANR	2724313	Identifier	image		2723256	0					
ANR	2724314	Argument	pcs_orig		2723256	2					
ANR	2724315	Identifier	pcs_orig		2723256	0					
ANR	2724316	Argument	names -> DeviceRGB		2723256	3					
ANR	2724317	PtrMemberAccess	names -> DeviceRGB		2723256	0					
ANR	2724318	Identifier	names		2723256	0					
ANR	2724319	Identifier	DeviceRGB		2723256	1					
ANR	2724320	Argument	cs_value		2723256	4					
ANR	2724321	Identifier	cs_value		2723256	0					
ANR	2724322	BreakStatement	break ;	773:40:32162:32167	2723256	5	True				
ANR	2724323	Label	case gs_color_space_index_DeviceCMYK :	774:36:32205:32241	2723256	6	True				
ANR	2724324	Identifier	gs_color_space_index_DeviceCMYK		2723256	0					
ANR	2724325	ExpressionStatement	"code = setup_image_process_colorspace ( pdev , image , pcs_orig , names -> DeviceCMYK , cs_value )"	775:40:32283:32372	2723256	7	True				
ANR	2724326	AssignmentExpression	"code = setup_image_process_colorspace ( pdev , image , pcs_orig , names -> DeviceCMYK , cs_value )"		2723256	0		=			
ANR	2724327	Identifier	code		2723256	0					
ANR	2724328	CallExpression	"setup_image_process_colorspace ( pdev , image , pcs_orig , names -> DeviceCMYK , cs_value )"		2723256	1					
ANR	2724329	Callee	setup_image_process_colorspace		2723256	0					
ANR	2724330	Identifier	setup_image_process_colorspace		2723256	0					
ANR	2724331	ArgumentList	pdev		2723256	1					
ANR	2724332	Argument	pdev		2723256	0					
ANR	2724333	Identifier	pdev		2723256	0					
ANR	2724334	Argument	image		2723256	1					
ANR	2724335	Identifier	image		2723256	0					
ANR	2724336	Argument	pcs_orig		2723256	2					
ANR	2724337	Identifier	pcs_orig		2723256	0					
ANR	2724338	Argument	names -> DeviceCMYK		2723256	3					
ANR	2724339	PtrMemberAccess	names -> DeviceCMYK		2723256	0					
ANR	2724340	Identifier	names		2723256	0					
ANR	2724341	Identifier	DeviceCMYK		2723256	1					
ANR	2724342	Argument	cs_value		2723256	4					
ANR	2724343	Identifier	cs_value		2723256	0					
ANR	2724344	BreakStatement	break ;	776:40:32414:32419	2723256	8	True				
ANR	2724345	Label	default :	777:36:32457:32464	2723256	9	True				
ANR	2724346	Identifier	default		2723256	0					
ANR	2724347	ExpressionStatement	"emprintf ( pdev -> memory , ""Unsupported ProcessColorModel."" )"	778:40:32506:32562	2723256	10	True				
ANR	2724348	CallExpression	"emprintf ( pdev -> memory , ""Unsupported ProcessColorModel."" )"		2723256	0					
ANR	2724349	Callee	emprintf		2723256	0					
ANR	2724350	Identifier	emprintf		2723256	0					
ANR	2724351	ArgumentList	pdev -> memory		2723256	1					
ANR	2724352	Argument	pdev -> memory		2723256	0					
ANR	2724353	PtrMemberAccess	pdev -> memory		2723256	0					
ANR	2724354	Identifier	pdev		2723256	0					
ANR	2724355	Identifier	memory		2723256	1					
ANR	2724356	Argument	"""Unsupported ProcessColorModel."""		2723256	1					
ANR	2724357	PrimaryExpression	"""Unsupported ProcessColorModel."""		2723256	0					
ANR	2724358	ExpressionStatement	return_error ( gs_error_undefined )	779:40:32604:32636	2723256	11	True				
ANR	2724359	CallExpression	return_error ( gs_error_undefined )		2723256	0					
ANR	2724360	Callee	return_error		2723256	0					
ANR	2724361	Identifier	return_error		2723256	0					
ANR	2724362	ArgumentList	gs_error_undefined		2723256	1					
ANR	2724363	Argument	gs_error_undefined		2723256	0					
ANR	2724364	Identifier	gs_error_undefined		2723256	0					
ANR	2724365	IfStatement	if ( code < 0 )		2723256	20					
ANR	2724366	Condition	code < 0	781:36:32708:32715	2723256	0	True				
ANR	2724367	RelationalExpression	code < 0		2723256	0		<			
ANR	2724368	Identifier	code		2723256	0					
ANR	2724369	PrimaryExpression	0		2723256	1					
ANR	2724370	ReturnStatement	return code ;	782:36:32754:32765	2723256	1	True				
ANR	2724371	Identifier	code		2723256	0					
ANR	2724372	ReturnStatement	return 1 ;	783:32:32799:32807	2723256	21	True				
ANR	2724373	PrimaryExpression	1		2723256	0					
ANR	2724374	BreakStatement	break ;	784:32:32841:32846	2723256	22	True				
ANR	2724375	BreakStatement	break ;	786:24:32898:32903	2723256	23	True				
ANR	2724376	Label	default :	787:20:32925:32932	2723256	24	True				
ANR	2724377	Identifier	default		2723256	0					
ANR	2724378	ExpressionStatement	"code = setup_image_process_colorspace ( pdev , image , pcs_orig , names -> DeviceCMYK , cs_value )"	788:24:32958:33047	2723256	25	True				
ANR	2724379	AssignmentExpression	"code = setup_image_process_colorspace ( pdev , image , pcs_orig , names -> DeviceCMYK , cs_value )"		2723256	0		=			
ANR	2724380	Identifier	code		2723256	0					
ANR	2724381	CallExpression	"setup_image_process_colorspace ( pdev , image , pcs_orig , names -> DeviceCMYK , cs_value )"		2723256	1					
ANR	2724382	Callee	setup_image_process_colorspace		2723256	0					
ANR	2724383	Identifier	setup_image_process_colorspace		2723256	0					
ANR	2724384	ArgumentList	pdev		2723256	1					
ANR	2724385	Argument	pdev		2723256	0					
ANR	2724386	Identifier	pdev		2723256	0					
ANR	2724387	Argument	image		2723256	1					
ANR	2724388	Identifier	image		2723256	0					
ANR	2724389	Argument	pcs_orig		2723256	2					
ANR	2724390	Identifier	pcs_orig		2723256	0					
ANR	2724391	Argument	names -> DeviceCMYK		2723256	3					
ANR	2724392	PtrMemberAccess	names -> DeviceCMYK		2723256	0					
ANR	2724393	Identifier	names		2723256	0					
ANR	2724394	Identifier	DeviceCMYK		2723256	1					
ANR	2724395	Argument	cs_value		2723256	4					
ANR	2724396	Identifier	cs_value		2723256	0					
ANR	2724397	IfStatement	if ( code < 0 )		2723256	26					
ANR	2724398	Condition	code < 0	789:28:33077:33084	2723256	0	True				
ANR	2724399	RelationalExpression	code < 0		2723256	0		<			
ANR	2724400	Identifier	code		2723256	0					
ANR	2724401	PrimaryExpression	0		2723256	1					
ANR	2724402	ReturnStatement	return code ;	790:28:33115:33126	2723256	1	True				
ANR	2724403	Identifier	code		2723256	0					
ANR	2724404	ReturnStatement	return 1 ;	791:24:33152:33160	2723256	27	True				
ANR	2724405	PrimaryExpression	1		2723256	0					
ANR	2724406	BreakStatement	break ;	792:24:33186:33191	2723256	28	True				
ANR	2724407	BreakStatement	break ;	794:16:33227:33232	2723256	11	True				
ANR	2724408	Label	case ccs_Gray :	795:12:33246:33259	2723256	12	True				
ANR	2724409	Identifier	ccs_Gray		2723256	0					
ANR	2724410	SwitchStatement	switch ( csi2 )		2723256	13					
ANR	2724411	Condition	csi2	796:23:33284:33287	2723256	0	True				
ANR	2724412	Identifier	csi2		2723256	0					
ANR	2724413	CompoundStatement		287:29:14480:14480	2723256	1					
ANR	2724414	Label	case gs_color_space_index_DeviceGray :	797:20:33312:33348	2723256	0	True				
ANR	2724415	Identifier	gs_color_space_index_DeviceGray		2723256	0					
ANR	2724416	ReturnStatement	return 0 ;	798:24:33374:33382	2723256	1	True				
ANR	2724417	PrimaryExpression	0		2723256	0					
ANR	2724418	BreakStatement	break ;	799:24:33408:33413	2723256	2	True				
ANR	2724419	Label	case gs_color_space_index_Separation :	800:20:33435:33471	2723256	3	True				
ANR	2724420	Identifier	gs_color_space_index_Separation		2723256	0					
ANR	2724421	ExpressionStatement	pcs2 = pcs	801:24:33497:33507	2723256	4	True				
ANR	2724422	AssignmentExpression	pcs2 = pcs		2723256	0		=			
ANR	2724423	Identifier	pcs2		2723256	0					
ANR	2724424	Identifier	pcs		2723256	1					
ANR	2724425	WhileStatement	while ( pcs2 -> base_space )		2723256	5					
ANR	2724426	Condition	pcs2 -> base_space	802:31:33540:33555	2723256	0	True				
ANR	2724427	PtrMemberAccess	pcs2 -> base_space		2723256	0					
ANR	2724428	Identifier	pcs2		2723256	0					
ANR	2724429	Identifier	base_space		2723256	1					
ANR	2724430	ExpressionStatement	pcs2 = pcs2 -> base_space	803:28:33586:33609	2723256	1	True				
ANR	2724431	AssignmentExpression	pcs2 = pcs2 -> base_space		2723256	0		=			
ANR	2724432	Identifier	pcs2		2723256	0					
ANR	2724433	PtrMemberAccess	pcs2 -> base_space		2723256	1					
ANR	2724434	Identifier	pcs2		2723256	0					
ANR	2724435	Identifier	base_space		2723256	1					
ANR	2724436	ExpressionStatement	csi = gs_color_space_get_index ( pcs2 )	804:24:33635:33671	2723256	6	True				
ANR	2724437	AssignmentExpression	csi = gs_color_space_get_index ( pcs2 )		2723256	0		=			
ANR	2724438	Identifier	csi		2723256	0					
ANR	2724439	CallExpression	gs_color_space_get_index ( pcs2 )		2723256	1					
ANR	2724440	Callee	gs_color_space_get_index		2723256	0					
ANR	2724441	Identifier	gs_color_space_get_index		2723256	0					
ANR	2724442	ArgumentList	pcs2		2723256	1					
ANR	2724443	Argument	pcs2		2723256	0					
ANR	2724444	Identifier	pcs2		2723256	0					
ANR	2724445	IfStatement	if ( csi == gs_color_space_index_ICC )		2723256	7					
ANR	2724446	Condition	csi == gs_color_space_index_ICC	805:28:33701:33731	2723256	0	True				
ANR	2724447	EqualityExpression	csi == gs_color_space_index_ICC		2723256	0		==			
ANR	2724448	Identifier	csi		2723256	0					
ANR	2724449	Identifier	gs_color_space_index_ICC		2723256	1					
ANR	2724450	ExpressionStatement	csi = gsicc_get_default_type ( pcs2 -> cmm_icc_profile_data )	806:28:33762:33818	2723256	1	True				
ANR	2724451	AssignmentExpression	csi = gsicc_get_default_type ( pcs2 -> cmm_icc_profile_data )		2723256	0		=			
ANR	2724452	Identifier	csi		2723256	0					
ANR	2724453	CallExpression	gsicc_get_default_type ( pcs2 -> cmm_icc_profile_data )		2723256	1					
ANR	2724454	Callee	gsicc_get_default_type		2723256	0					
ANR	2724455	Identifier	gsicc_get_default_type		2723256	0					
ANR	2724456	ArgumentList	pcs2 -> cmm_icc_profile_data		2723256	1					
ANR	2724457	Argument	pcs2 -> cmm_icc_profile_data		2723256	0					
ANR	2724458	PtrMemberAccess	pcs2 -> cmm_icc_profile_data		2723256	0					
ANR	2724459	Identifier	pcs2		2723256	0					
ANR	2724460	Identifier	cmm_icc_profile_data		2723256	1					
ANR	2724461	IfStatement	if ( csi == gs_color_space_index_DeviceGray )		2723256	8					
ANR	2724462	Condition	csi == gs_color_space_index_DeviceGray	807:28:33848:33885	2723256	0	True				
ANR	2724463	EqualityExpression	csi == gs_color_space_index_DeviceGray		2723256	0		==			
ANR	2724464	Identifier	csi		2723256	0					
ANR	2724465	Identifier	gs_color_space_index_DeviceGray		2723256	1					
ANR	2724466	ReturnStatement	return 0 ;	808:28:33916:33924	2723256	1	True				
ANR	2724467	PrimaryExpression	0		2723256	0					
ANR	2724468	ElseStatement	else		2723256	0					
ANR	2724469	ReturnStatement	return 3 ;	810:28:33983:33991	2723256	0	True				
ANR	2724470	PrimaryExpression	3		2723256	0					
ANR	2724471	BreakStatement	break ;	811:24:34017:34022	2723256	9	True				
ANR	2724472	Label	case gs_color_space_index_DeviceN :	812:20:34044:34077	2723256	10	True				
ANR	2724473	Identifier	gs_color_space_index_DeviceN		2723256	0					
ANR	2724474	ExpressionStatement	pcs2 = pcs	813:24:34103:34113	2723256	11	True				
ANR	2724475	AssignmentExpression	pcs2 = pcs		2723256	0		=			
ANR	2724476	Identifier	pcs2		2723256	0					
ANR	2724477	Identifier	pcs		2723256	1					
ANR	2724478	WhileStatement	while ( pcs2 -> base_space )		2723256	12					
ANR	2724479	Condition	pcs2 -> base_space	814:31:34146:34161	2723256	0	True				
ANR	2724480	PtrMemberAccess	pcs2 -> base_space		2723256	0					
ANR	2724481	Identifier	pcs2		2723256	0					
ANR	2724482	Identifier	base_space		2723256	1					
ANR	2724483	ExpressionStatement	pcs2 = pcs2 -> base_space	815:28:34192:34215	2723256	1	True				
ANR	2724484	AssignmentExpression	pcs2 = pcs2 -> base_space		2723256	0		=			
ANR	2724485	Identifier	pcs2		2723256	0					
ANR	2724486	PtrMemberAccess	pcs2 -> base_space		2723256	1					
ANR	2724487	Identifier	pcs2		2723256	0					
ANR	2724488	Identifier	base_space		2723256	1					
ANR	2724489	ExpressionStatement	csi = gs_color_space_get_index ( pcs2 )	816:24:34241:34277	2723256	13	True				
ANR	2724490	AssignmentExpression	csi = gs_color_space_get_index ( pcs2 )		2723256	0		=			
ANR	2724491	Identifier	csi		2723256	0					
ANR	2724492	CallExpression	gs_color_space_get_index ( pcs2 )		2723256	1					
ANR	2724493	Callee	gs_color_space_get_index		2723256	0					
ANR	2724494	Identifier	gs_color_space_get_index		2723256	0					
ANR	2724495	ArgumentList	pcs2		2723256	1					
ANR	2724496	Argument	pcs2		2723256	0					
ANR	2724497	Identifier	pcs2		2723256	0					
ANR	2724498	IfStatement	if ( csi == gs_color_space_index_ICC )		2723256	14					
ANR	2724499	Condition	csi == gs_color_space_index_ICC	817:28:34307:34337	2723256	0	True				
ANR	2724500	EqualityExpression	csi == gs_color_space_index_ICC		2723256	0		==			
ANR	2724501	Identifier	csi		2723256	0					
ANR	2724502	Identifier	gs_color_space_index_ICC		2723256	1					
ANR	2724503	ExpressionStatement	csi = gsicc_get_default_type ( pcs2 -> cmm_icc_profile_data )	818:28:34368:34424	2723256	1	True				
ANR	2724504	AssignmentExpression	csi = gsicc_get_default_type ( pcs2 -> cmm_icc_profile_data )		2723256	0		=			
ANR	2724505	Identifier	csi		2723256	0					
ANR	2724506	CallExpression	gsicc_get_default_type ( pcs2 -> cmm_icc_profile_data )		2723256	1					
ANR	2724507	Callee	gsicc_get_default_type		2723256	0					
ANR	2724508	Identifier	gsicc_get_default_type		2723256	0					
ANR	2724509	ArgumentList	pcs2 -> cmm_icc_profile_data		2723256	1					
ANR	2724510	Argument	pcs2 -> cmm_icc_profile_data		2723256	0					
ANR	2724511	PtrMemberAccess	pcs2 -> cmm_icc_profile_data		2723256	0					
ANR	2724512	Identifier	pcs2		2723256	0					
ANR	2724513	Identifier	cmm_icc_profile_data		2723256	1					
ANR	2724514	IfStatement	if ( csi == gs_color_space_index_DeviceGray )		2723256	15					
ANR	2724515	Condition	csi == gs_color_space_index_DeviceGray	819:28:34454:34491	2723256	0	True				
ANR	2724516	EqualityExpression	csi == gs_color_space_index_DeviceGray		2723256	0		==			
ANR	2724517	Identifier	csi		2723256	0					
ANR	2724518	Identifier	gs_color_space_index_DeviceGray		2723256	1					
ANR	2724519	ReturnStatement	return 0 ;	820:28:34522:34530	2723256	1	True				
ANR	2724520	PrimaryExpression	0		2723256	0					
ANR	2724521	ElseStatement	else		2723256	0					
ANR	2724522	ReturnStatement	return 4 ;	822:28:34589:34597	2723256	0	True				
ANR	2724523	PrimaryExpression	4		2723256	0					
ANR	2724524	BreakStatement	break ;	823:24:34623:34628	2723256	16	True				
ANR	2724525	Label	case gs_color_space_index_Indexed :	824:20:34650:34683	2723256	17	True				
ANR	2724526	Identifier	gs_color_space_index_Indexed		2723256	0					
ANR	2724527	ExpressionStatement	pcs2 = pcs -> base_space	825:24:34709:34731	2723256	18	True				
ANR	2724528	AssignmentExpression	pcs2 = pcs -> base_space		2723256	0		=			
ANR	2724529	Identifier	pcs2		2723256	0					
ANR	2724530	PtrMemberAccess	pcs -> base_space		2723256	1					
ANR	2724531	Identifier	pcs		2723256	0					
ANR	2724532	Identifier	base_space		2723256	1					
ANR	2724533	ExpressionStatement	csi = gs_color_space_get_index ( pcs2 )	826:24:34757:34793	2723256	19	True				
ANR	2724534	AssignmentExpression	csi = gs_color_space_get_index ( pcs2 )		2723256	0		=			
ANR	2724535	Identifier	csi		2723256	0					
ANR	2724536	CallExpression	gs_color_space_get_index ( pcs2 )		2723256	1					
ANR	2724537	Callee	gs_color_space_get_index		2723256	0					
ANR	2724538	Identifier	gs_color_space_get_index		2723256	0					
ANR	2724539	ArgumentList	pcs2		2723256	1					
ANR	2724540	Argument	pcs2		2723256	0					
ANR	2724541	Identifier	pcs2		2723256	0					
ANR	2724542	IfStatement	if ( csi == gs_color_space_index_ICC )		2723256	20					
ANR	2724543	Condition	csi == gs_color_space_index_ICC	827:28:34823:34853	2723256	0	True				
ANR	2724544	EqualityExpression	csi == gs_color_space_index_ICC		2723256	0		==			
ANR	2724545	Identifier	csi		2723256	0					
ANR	2724546	Identifier	gs_color_space_index_ICC		2723256	1					
ANR	2724547	ExpressionStatement	csi = gsicc_get_default_type ( pcs2 -> cmm_icc_profile_data )	828:28:34884:34940	2723256	1	True				
ANR	2724548	AssignmentExpression	csi = gsicc_get_default_type ( pcs2 -> cmm_icc_profile_data )		2723256	0		=			
ANR	2724549	Identifier	csi		2723256	0					
ANR	2724550	CallExpression	gsicc_get_default_type ( pcs2 -> cmm_icc_profile_data )		2723256	1					
ANR	2724551	Callee	gsicc_get_default_type		2723256	0					
ANR	2724552	Identifier	gsicc_get_default_type		2723256	0					
ANR	2724553	ArgumentList	pcs2 -> cmm_icc_profile_data		2723256	1					
ANR	2724554	Argument	pcs2 -> cmm_icc_profile_data		2723256	0					
ANR	2724555	PtrMemberAccess	pcs2 -> cmm_icc_profile_data		2723256	0					
ANR	2724556	Identifier	pcs2		2723256	0					
ANR	2724557	Identifier	cmm_icc_profile_data		2723256	1					
ANR	2724558	SwitchStatement	switch ( csi )		2723256	21					
ANR	2724559	Condition	csi	829:31:34973:34975	2723256	0	True				
ANR	2724560	Identifier	csi		2723256	0					
ANR	2724561	CompoundStatement		320:36:16168:16168	2723256	1					
ANR	2724562	Label	case gs_color_space_index_DeviceGray :	830:28:35008:35044	2723256	0	True				
ANR	2724563	Identifier	gs_color_space_index_DeviceGray		2723256	0					
ANR	2724564	ReturnStatement	return 0 ;	831:32:35078:35086	2723256	1	True				
ANR	2724565	PrimaryExpression	0		2723256	0					
ANR	2724566	BreakStatement	break ;	832:32:35120:35125	2723256	2	True				
ANR	2724567	Label	case gs_color_space_index_Separation :	833:28:35155:35191	2723256	3	True				
ANR	2724568	Identifier	gs_color_space_index_Separation		2723256	0					
ANR	2724569	ExpressionStatement	pcs2 = pcs	834:32:35225:35235	2723256	4	True				
ANR	2724570	AssignmentExpression	pcs2 = pcs		2723256	0		=			
ANR	2724571	Identifier	pcs2		2723256	0					
ANR	2724572	Identifier	pcs		2723256	1					
ANR	2724573	WhileStatement	while ( pcs2 -> base_space )		2723256	5					
ANR	2724574	Condition	pcs2 -> base_space	835:39:35276:35291	2723256	0	True				
ANR	2724575	PtrMemberAccess	pcs2 -> base_space		2723256	0					
ANR	2724576	Identifier	pcs2		2723256	0					
ANR	2724577	Identifier	base_space		2723256	1					
ANR	2724578	ExpressionStatement	pcs2 = pcs2 -> base_space	836:36:35330:35353	2723256	1	True				
ANR	2724579	AssignmentExpression	pcs2 = pcs2 -> base_space		2723256	0		=			
ANR	2724580	Identifier	pcs2		2723256	0					
ANR	2724581	PtrMemberAccess	pcs2 -> base_space		2723256	1					
ANR	2724582	Identifier	pcs2		2723256	0					
ANR	2724583	Identifier	base_space		2723256	1					
ANR	2724584	ExpressionStatement	csi = gs_color_space_get_index ( pcs2 )	837:32:35387:35423	2723256	6	True				
ANR	2724585	AssignmentExpression	csi = gs_color_space_get_index ( pcs2 )		2723256	0		=			
ANR	2724586	Identifier	csi		2723256	0					
ANR	2724587	CallExpression	gs_color_space_get_index ( pcs2 )		2723256	1					
ANR	2724588	Callee	gs_color_space_get_index		2723256	0					
ANR	2724589	Identifier	gs_color_space_get_index		2723256	0					
ANR	2724590	ArgumentList	pcs2		2723256	1					
ANR	2724591	Argument	pcs2		2723256	0					
ANR	2724592	Identifier	pcs2		2723256	0					
ANR	2724593	IfStatement	if ( csi == gs_color_space_index_ICC )		2723256	7					
ANR	2724594	Condition	csi == gs_color_space_index_ICC	838:36:35461:35491	2723256	0	True				
ANR	2724595	EqualityExpression	csi == gs_color_space_index_ICC		2723256	0		==			
ANR	2724596	Identifier	csi		2723256	0					
ANR	2724597	Identifier	gs_color_space_index_ICC		2723256	1					
ANR	2724598	ExpressionStatement	csi = gsicc_get_default_type ( pcs2 -> cmm_icc_profile_data )	839:36:35530:35586	2723256	1	True				
ANR	2724599	AssignmentExpression	csi = gsicc_get_default_type ( pcs2 -> cmm_icc_profile_data )		2723256	0		=			
ANR	2724600	Identifier	csi		2723256	0					
ANR	2724601	CallExpression	gsicc_get_default_type ( pcs2 -> cmm_icc_profile_data )		2723256	1					
ANR	2724602	Callee	gsicc_get_default_type		2723256	0					
ANR	2724603	Identifier	gsicc_get_default_type		2723256	0					
ANR	2724604	ArgumentList	pcs2 -> cmm_icc_profile_data		2723256	1					
ANR	2724605	Argument	pcs2 -> cmm_icc_profile_data		2723256	0					
ANR	2724606	PtrMemberAccess	pcs2 -> cmm_icc_profile_data		2723256	0					
ANR	2724607	Identifier	pcs2		2723256	0					
ANR	2724608	Identifier	cmm_icc_profile_data		2723256	1					
ANR	2724609	IfStatement	if ( csi == gs_color_space_index_DeviceGray )		2723256	8					
ANR	2724610	Condition	csi == gs_color_space_index_DeviceGray	840:36:35624:35661	2723256	0	True				
ANR	2724611	EqualityExpression	csi == gs_color_space_index_DeviceGray		2723256	0		==			
ANR	2724612	Identifier	csi		2723256	0					
ANR	2724613	Identifier	gs_color_space_index_DeviceGray		2723256	1					
ANR	2724614	ReturnStatement	return 0 ;	841:36:35700:35708	2723256	1	True				
ANR	2724615	PrimaryExpression	0		2723256	0					
ANR	2724616	ElseStatement	else		2723256	0					
ANR	2724617	ReturnStatement	return 3 ;	843:36:35783:35791	2723256	0	True				
ANR	2724618	PrimaryExpression	3		2723256	0					
ANR	2724619	BreakStatement	break ;	844:32:35825:35830	2723256	9	True				
ANR	2724620	Label	case gs_color_space_index_DeviceN :	845:28:35860:35893	2723256	10	True				
ANR	2724621	Identifier	gs_color_space_index_DeviceN		2723256	0					
ANR	2724622	ExpressionStatement	pcs2 = pcs	846:32:35927:35937	2723256	11	True				
ANR	2724623	AssignmentExpression	pcs2 = pcs		2723256	0		=			
ANR	2724624	Identifier	pcs2		2723256	0					
ANR	2724625	Identifier	pcs		2723256	1					
ANR	2724626	WhileStatement	while ( pcs2 -> base_space )		2723256	12					
ANR	2724627	Condition	pcs2 -> base_space	847:39:35978:35993	2723256	0	True				
ANR	2724628	PtrMemberAccess	pcs2 -> base_space		2723256	0					
ANR	2724629	Identifier	pcs2		2723256	0					
ANR	2724630	Identifier	base_space		2723256	1					
ANR	2724631	ExpressionStatement	pcs2 = pcs2 -> base_space	848:36:36032:36055	2723256	1	True				
ANR	2724632	AssignmentExpression	pcs2 = pcs2 -> base_space		2723256	0		=			
ANR	2724633	Identifier	pcs2		2723256	0					
ANR	2724634	PtrMemberAccess	pcs2 -> base_space		2723256	1					
ANR	2724635	Identifier	pcs2		2723256	0					
ANR	2724636	Identifier	base_space		2723256	1					
ANR	2724637	ExpressionStatement	csi = gs_color_space_get_index ( pcs2 )	849:32:36089:36125	2723256	13	True				
ANR	2724638	AssignmentExpression	csi = gs_color_space_get_index ( pcs2 )		2723256	0		=			
ANR	2724639	Identifier	csi		2723256	0					
ANR	2724640	CallExpression	gs_color_space_get_index ( pcs2 )		2723256	1					
ANR	2724641	Callee	gs_color_space_get_index		2723256	0					
ANR	2724642	Identifier	gs_color_space_get_index		2723256	0					
ANR	2724643	ArgumentList	pcs2		2723256	1					
ANR	2724644	Argument	pcs2		2723256	0					
ANR	2724645	Identifier	pcs2		2723256	0					
ANR	2724646	IfStatement	if ( csi == gs_color_space_index_ICC )		2723256	14					
ANR	2724647	Condition	csi == gs_color_space_index_ICC	850:36:36163:36193	2723256	0	True				
ANR	2724648	EqualityExpression	csi == gs_color_space_index_ICC		2723256	0		==			
ANR	2724649	Identifier	csi		2723256	0					
ANR	2724650	Identifier	gs_color_space_index_ICC		2723256	1					
ANR	2724651	ExpressionStatement	csi = gsicc_get_default_type ( pcs2 -> cmm_icc_profile_data )	851:36:36232:36288	2723256	1	True				
ANR	2724652	AssignmentExpression	csi = gsicc_get_default_type ( pcs2 -> cmm_icc_profile_data )		2723256	0		=			
ANR	2724653	Identifier	csi		2723256	0					
ANR	2724654	CallExpression	gsicc_get_default_type ( pcs2 -> cmm_icc_profile_data )		2723256	1					
ANR	2724655	Callee	gsicc_get_default_type		2723256	0					
ANR	2724656	Identifier	gsicc_get_default_type		2723256	0					
ANR	2724657	ArgumentList	pcs2 -> cmm_icc_profile_data		2723256	1					
ANR	2724658	Argument	pcs2 -> cmm_icc_profile_data		2723256	0					
ANR	2724659	PtrMemberAccess	pcs2 -> cmm_icc_profile_data		2723256	0					
ANR	2724660	Identifier	pcs2		2723256	0					
ANR	2724661	Identifier	cmm_icc_profile_data		2723256	1					
ANR	2724662	IfStatement	if ( csi == gs_color_space_index_DeviceGray )		2723256	15					
ANR	2724663	Condition	csi == gs_color_space_index_DeviceGray	852:36:36326:36363	2723256	0	True				
ANR	2724664	EqualityExpression	csi == gs_color_space_index_DeviceGray		2723256	0		==			
ANR	2724665	Identifier	csi		2723256	0					
ANR	2724666	Identifier	gs_color_space_index_DeviceGray		2723256	1					
ANR	2724667	ReturnStatement	return 0 ;	853:36:36402:36410	2723256	1	True				
ANR	2724668	PrimaryExpression	0		2723256	0					
ANR	2724669	ElseStatement	else		2723256	0					
ANR	2724670	ReturnStatement	return 4 ;	855:36:36485:36493	2723256	0	True				
ANR	2724671	PrimaryExpression	4		2723256	0					
ANR	2724672	BreakStatement	break ;	856:32:36527:36532	2723256	16	True				
ANR	2724673	Label	default :	857:28:36562:36569	2723256	17	True				
ANR	2724674	Identifier	default		2723256	0					
ANR	2724675	ExpressionStatement	"code = setup_image_process_colorspace ( pdev , image , pcs_orig , names -> DeviceGray , cs_value )"	858:32:36603:36692	2723256	18	True				
ANR	2724676	AssignmentExpression	"code = setup_image_process_colorspace ( pdev , image , pcs_orig , names -> DeviceGray , cs_value )"		2723256	0		=			
ANR	2724677	Identifier	code		2723256	0					
ANR	2724678	CallExpression	"setup_image_process_colorspace ( pdev , image , pcs_orig , names -> DeviceGray , cs_value )"		2723256	1					
ANR	2724679	Callee	setup_image_process_colorspace		2723256	0					
ANR	2724680	Identifier	setup_image_process_colorspace		2723256	0					
ANR	2724681	ArgumentList	pdev		2723256	1					
ANR	2724682	Argument	pdev		2723256	0					
ANR	2724683	Identifier	pdev		2723256	0					
ANR	2724684	Argument	image		2723256	1					
ANR	2724685	Identifier	image		2723256	0					
ANR	2724686	Argument	pcs_orig		2723256	2					
ANR	2724687	Identifier	pcs_orig		2723256	0					
ANR	2724688	Argument	names -> DeviceGray		2723256	3					
ANR	2724689	PtrMemberAccess	names -> DeviceGray		2723256	0					
ANR	2724690	Identifier	names		2723256	0					
ANR	2724691	Identifier	DeviceGray		2723256	1					
ANR	2724692	Argument	cs_value		2723256	4					
ANR	2724693	Identifier	cs_value		2723256	0					
ANR	2724694	IfStatement	if ( code < 0 )		2723256	19					
ANR	2724695	Condition	code < 0	859:36:36730:36737	2723256	0	True				
ANR	2724696	RelationalExpression	code < 0		2723256	0		<			
ANR	2724697	Identifier	code		2723256	0					
ANR	2724698	PrimaryExpression	0		2723256	1					
ANR	2724699	ReturnStatement	return code ;	860:36:36776:36787	2723256	1	True				
ANR	2724700	Identifier	code		2723256	0					
ANR	2724701	ReturnStatement	return 1 ;	861:32:36821:36829	2723256	20	True				
ANR	2724702	PrimaryExpression	1		2723256	0					
ANR	2724703	BreakStatement	break ;	862:32:36863:36868	2723256	21	True				
ANR	2724704	BreakStatement	break ;	864:24:36920:36925	2723256	22	True				
ANR	2724705	Label	default :	865:20:36947:36954	2723256	23	True				
ANR	2724706	Identifier	default		2723256	0					
ANR	2724707	ExpressionStatement	"code = setup_image_process_colorspace ( pdev , image , pcs_orig , names -> DeviceGray , cs_value )"	866:24:36980:37069	2723256	24	True				
ANR	2724708	AssignmentExpression	"code = setup_image_process_colorspace ( pdev , image , pcs_orig , names -> DeviceGray , cs_value )"		2723256	0		=			
ANR	2724709	Identifier	code		2723256	0					
ANR	2724710	CallExpression	"setup_image_process_colorspace ( pdev , image , pcs_orig , names -> DeviceGray , cs_value )"		2723256	1					
ANR	2724711	Callee	setup_image_process_colorspace		2723256	0					
ANR	2724712	Identifier	setup_image_process_colorspace		2723256	0					
ANR	2724713	ArgumentList	pdev		2723256	1					
ANR	2724714	Argument	pdev		2723256	0					
ANR	2724715	Identifier	pdev		2723256	0					
ANR	2724716	Argument	image		2723256	1					
ANR	2724717	Identifier	image		2723256	0					
ANR	2724718	Argument	pcs_orig		2723256	2					
ANR	2724719	Identifier	pcs_orig		2723256	0					
ANR	2724720	Argument	names -> DeviceGray		2723256	3					
ANR	2724721	PtrMemberAccess	names -> DeviceGray		2723256	0					
ANR	2724722	Identifier	names		2723256	0					
ANR	2724723	Identifier	DeviceGray		2723256	1					
ANR	2724724	Argument	cs_value		2723256	4					
ANR	2724725	Identifier	cs_value		2723256	0					
ANR	2724726	IfStatement	if ( code < 0 )		2723256	25					
ANR	2724727	Condition	code < 0	867:28:37099:37106	2723256	0	True				
ANR	2724728	RelationalExpression	code < 0		2723256	0		<			
ANR	2724729	Identifier	code		2723256	0					
ANR	2724730	PrimaryExpression	0		2723256	1					
ANR	2724731	ReturnStatement	return code ;	868:28:37137:37148	2723256	1	True				
ANR	2724732	Identifier	code		2723256	0					
ANR	2724733	ReturnStatement	return 1 ;	869:24:37174:37182	2723256	26	True				
ANR	2724734	PrimaryExpression	1		2723256	0					
ANR	2724735	BreakStatement	break ;	870:24:37208:37213	2723256	27	True				
ANR	2724736	BreakStatement	break ;	872:16:37249:37254	2723256	14	True				
ANR	2724737	Label	case ccs_sRGB :	873:12:37268:37281	2723256	15	True				
ANR	2724738	Identifier	ccs_sRGB		2723256	0					
ANR	2724739	Label	case ccs_RGB :	874:12:37295:37307	2723256	16	True				
ANR	2724740	Identifier	ccs_RGB		2723256	0					
ANR	2724741	SwitchStatement	switch ( csi2 )		2723256	17					
ANR	2724742	Condition	csi2	875:23:37332:37335	2723256	0	True				
ANR	2724743	Identifier	csi2		2723256	0					
ANR	2724744	CompoundStatement		366:29:18528:18528	2723256	1					
ANR	2724745	Label	case gs_color_space_index_DeviceGray :	876:20:37360:37396	2723256	0	True				
ANR	2724746	Identifier	gs_color_space_index_DeviceGray		2723256	0					
ANR	2724747	Label	case gs_color_space_index_DeviceRGB :	877:20:37418:37453	2723256	1	True				
ANR	2724748	Identifier	gs_color_space_index_DeviceRGB		2723256	0					
ANR	2724749	ReturnStatement	return 0 ;	878:24:37479:37487	2723256	2	True				
ANR	2724750	PrimaryExpression	0		2723256	0					
ANR	2724751	BreakStatement	break ;	879:24:37513:37518	2723256	3	True				
ANR	2724752	Label	case gs_color_space_index_Separation :	880:20:37540:37576	2723256	4	True				
ANR	2724753	Identifier	gs_color_space_index_Separation		2723256	0					
ANR	2724754	ExpressionStatement	pcs2 = pcs	881:24:37602:37612	2723256	5	True				
ANR	2724755	AssignmentExpression	pcs2 = pcs		2723256	0		=			
ANR	2724756	Identifier	pcs2		2723256	0					
ANR	2724757	Identifier	pcs		2723256	1					
ANR	2724758	WhileStatement	while ( pcs2 -> base_space )		2723256	6					
ANR	2724759	Condition	pcs2 -> base_space	882:31:37645:37660	2723256	0	True				
ANR	2724760	PtrMemberAccess	pcs2 -> base_space		2723256	0					
ANR	2724761	Identifier	pcs2		2723256	0					
ANR	2724762	Identifier	base_space		2723256	1					
ANR	2724763	ExpressionStatement	pcs2 = pcs2 -> base_space	883:28:37691:37714	2723256	1	True				
ANR	2724764	AssignmentExpression	pcs2 = pcs2 -> base_space		2723256	0		=			
ANR	2724765	Identifier	pcs2		2723256	0					
ANR	2724766	PtrMemberAccess	pcs2 -> base_space		2723256	1					
ANR	2724767	Identifier	pcs2		2723256	0					
ANR	2724768	Identifier	base_space		2723256	1					
ANR	2724769	ExpressionStatement	csi = gs_color_space_get_index ( pcs2 )	884:24:37740:37776	2723256	7	True				
ANR	2724770	AssignmentExpression	csi = gs_color_space_get_index ( pcs2 )		2723256	0		=			
ANR	2724771	Identifier	csi		2723256	0					
ANR	2724772	CallExpression	gs_color_space_get_index ( pcs2 )		2723256	1					
ANR	2724773	Callee	gs_color_space_get_index		2723256	0					
ANR	2724774	Identifier	gs_color_space_get_index		2723256	0					
ANR	2724775	ArgumentList	pcs2		2723256	1					
ANR	2724776	Argument	pcs2		2723256	0					
ANR	2724777	Identifier	pcs2		2723256	0					
ANR	2724778	IfStatement	if ( csi == gs_color_space_index_ICC )		2723256	8					
ANR	2724779	Condition	csi == gs_color_space_index_ICC	885:28:37806:37836	2723256	0	True				
ANR	2724780	EqualityExpression	csi == gs_color_space_index_ICC		2723256	0		==			
ANR	2724781	Identifier	csi		2723256	0					
ANR	2724782	Identifier	gs_color_space_index_ICC		2723256	1					
ANR	2724783	ExpressionStatement	csi = gsicc_get_default_type ( pcs2 -> cmm_icc_profile_data )	886:28:37867:37923	2723256	1	True				
ANR	2724784	AssignmentExpression	csi = gsicc_get_default_type ( pcs2 -> cmm_icc_profile_data )		2723256	0		=			
ANR	2724785	Identifier	csi		2723256	0					
ANR	2724786	CallExpression	gsicc_get_default_type ( pcs2 -> cmm_icc_profile_data )		2723256	1					
ANR	2724787	Callee	gsicc_get_default_type		2723256	0					
ANR	2724788	Identifier	gsicc_get_default_type		2723256	0					
ANR	2724789	ArgumentList	pcs2 -> cmm_icc_profile_data		2723256	1					
ANR	2724790	Argument	pcs2 -> cmm_icc_profile_data		2723256	0					
ANR	2724791	PtrMemberAccess	pcs2 -> cmm_icc_profile_data		2723256	0					
ANR	2724792	Identifier	pcs2		2723256	0					
ANR	2724793	Identifier	cmm_icc_profile_data		2723256	1					
ANR	2724794	IfStatement	if ( csi == gs_color_space_index_DeviceRGB )		2723256	9					
ANR	2724795	Condition	csi == gs_color_space_index_DeviceRGB	887:28:37953:37989	2723256	0	True				
ANR	2724796	EqualityExpression	csi == gs_color_space_index_DeviceRGB		2723256	0		==			
ANR	2724797	Identifier	csi		2723256	0					
ANR	2724798	Identifier	gs_color_space_index_DeviceRGB		2723256	1					
ANR	2724799	ReturnStatement	return 0 ;	888:28:38020:38028	2723256	1	True				
ANR	2724800	PrimaryExpression	0		2723256	0					
ANR	2724801	ElseStatement	else		2723256	0					
ANR	2724802	ReturnStatement	return 3 ;	890:28:38087:38095	2723256	0	True				
ANR	2724803	PrimaryExpression	3		2723256	0					
ANR	2724804	BreakStatement	break ;	891:24:38121:38126	2723256	10	True				
ANR	2724805	Label	case gs_color_space_index_DeviceN :	892:20:38148:38181	2723256	11	True				
ANR	2724806	Identifier	gs_color_space_index_DeviceN		2723256	0					
ANR	2724807	ExpressionStatement	pcs2 = pcs	893:24:38207:38217	2723256	12	True				
ANR	2724808	AssignmentExpression	pcs2 = pcs		2723256	0		=			
ANR	2724809	Identifier	pcs2		2723256	0					
ANR	2724810	Identifier	pcs		2723256	1					
ANR	2724811	WhileStatement	while ( pcs2 -> base_space )		2723256	13					
ANR	2724812	Condition	pcs2 -> base_space	894:31:38250:38265	2723256	0	True				
ANR	2724813	PtrMemberAccess	pcs2 -> base_space		2723256	0					
ANR	2724814	Identifier	pcs2		2723256	0					
ANR	2724815	Identifier	base_space		2723256	1					
ANR	2724816	ExpressionStatement	pcs2 = pcs2 -> base_space	895:28:38296:38319	2723256	1	True				
ANR	2724817	AssignmentExpression	pcs2 = pcs2 -> base_space		2723256	0		=			
ANR	2724818	Identifier	pcs2		2723256	0					
ANR	2724819	PtrMemberAccess	pcs2 -> base_space		2723256	1					
ANR	2724820	Identifier	pcs2		2723256	0					
ANR	2724821	Identifier	base_space		2723256	1					
ANR	2724822	ExpressionStatement	csi = gs_color_space_get_index ( pcs2 )	896:24:38345:38381	2723256	14	True				
ANR	2724823	AssignmentExpression	csi = gs_color_space_get_index ( pcs2 )		2723256	0		=			
ANR	2724824	Identifier	csi		2723256	0					
ANR	2724825	CallExpression	gs_color_space_get_index ( pcs2 )		2723256	1					
ANR	2724826	Callee	gs_color_space_get_index		2723256	0					
ANR	2724827	Identifier	gs_color_space_get_index		2723256	0					
ANR	2724828	ArgumentList	pcs2		2723256	1					
ANR	2724829	Argument	pcs2		2723256	0					
ANR	2724830	Identifier	pcs2		2723256	0					
ANR	2724831	IfStatement	if ( csi == gs_color_space_index_ICC )		2723256	15					
ANR	2724832	Condition	csi == gs_color_space_index_ICC	897:28:38411:38441	2723256	0	True				
ANR	2724833	EqualityExpression	csi == gs_color_space_index_ICC		2723256	0		==			
ANR	2724834	Identifier	csi		2723256	0					
ANR	2724835	Identifier	gs_color_space_index_ICC		2723256	1					
ANR	2724836	ExpressionStatement	csi = gsicc_get_default_type ( pcs2 -> cmm_icc_profile_data )	898:28:38472:38528	2723256	1	True				
ANR	2724837	AssignmentExpression	csi = gsicc_get_default_type ( pcs2 -> cmm_icc_profile_data )		2723256	0		=			
ANR	2724838	Identifier	csi		2723256	0					
ANR	2724839	CallExpression	gsicc_get_default_type ( pcs2 -> cmm_icc_profile_data )		2723256	1					
ANR	2724840	Callee	gsicc_get_default_type		2723256	0					
ANR	2724841	Identifier	gsicc_get_default_type		2723256	0					
ANR	2724842	ArgumentList	pcs2 -> cmm_icc_profile_data		2723256	1					
ANR	2724843	Argument	pcs2 -> cmm_icc_profile_data		2723256	0					
ANR	2724844	PtrMemberAccess	pcs2 -> cmm_icc_profile_data		2723256	0					
ANR	2724845	Identifier	pcs2		2723256	0					
ANR	2724846	Identifier	cmm_icc_profile_data		2723256	1					
ANR	2724847	IfStatement	if ( csi == gs_color_space_index_DeviceRGB )		2723256	16					
ANR	2724848	Condition	csi == gs_color_space_index_DeviceRGB	899:28:38558:38594	2723256	0	True				
ANR	2724849	EqualityExpression	csi == gs_color_space_index_DeviceRGB		2723256	0		==			
ANR	2724850	Identifier	csi		2723256	0					
ANR	2724851	Identifier	gs_color_space_index_DeviceRGB		2723256	1					
ANR	2724852	ReturnStatement	return 0 ;	900:28:38625:38633	2723256	1	True				
ANR	2724853	PrimaryExpression	0		2723256	0					
ANR	2724854	ElseStatement	else		2723256	0					
ANR	2724855	ReturnStatement	return 4 ;	902:28:38692:38700	2723256	0	True				
ANR	2724856	PrimaryExpression	4		2723256	0					
ANR	2724857	BreakStatement	break ;	903:24:38726:38731	2723256	17	True				
ANR	2724858	Label	case gs_color_space_index_Indexed :	904:20:38753:38786	2723256	18	True				
ANR	2724859	Identifier	gs_color_space_index_Indexed		2723256	0					
ANR	2724860	ExpressionStatement	pcs2 = pcs -> base_space	905:24:38812:38834	2723256	19	True				
ANR	2724861	AssignmentExpression	pcs2 = pcs -> base_space		2723256	0		=			
ANR	2724862	Identifier	pcs2		2723256	0					
ANR	2724863	PtrMemberAccess	pcs -> base_space		2723256	1					
ANR	2724864	Identifier	pcs		2723256	0					
ANR	2724865	Identifier	base_space		2723256	1					
ANR	2724866	ExpressionStatement	csi = gs_color_space_get_index ( pcs2 )	906:24:38860:38896	2723256	20	True				
ANR	2724867	AssignmentExpression	csi = gs_color_space_get_index ( pcs2 )		2723256	0		=			
ANR	2724868	Identifier	csi		2723256	0					
ANR	2724869	CallExpression	gs_color_space_get_index ( pcs2 )		2723256	1					
ANR	2724870	Callee	gs_color_space_get_index		2723256	0					
ANR	2724871	Identifier	gs_color_space_get_index		2723256	0					
ANR	2724872	ArgumentList	pcs2		2723256	1					
ANR	2724873	Argument	pcs2		2723256	0					
ANR	2724874	Identifier	pcs2		2723256	0					
ANR	2724875	IfStatement	if ( csi == gs_color_space_index_ICC )		2723256	21					
ANR	2724876	Condition	csi == gs_color_space_index_ICC	907:28:38926:38956	2723256	0	True				
ANR	2724877	EqualityExpression	csi == gs_color_space_index_ICC		2723256	0		==			
ANR	2724878	Identifier	csi		2723256	0					
ANR	2724879	Identifier	gs_color_space_index_ICC		2723256	1					
ANR	2724880	ExpressionStatement	csi = gsicc_get_default_type ( pcs2 -> cmm_icc_profile_data )	908:28:38987:39043	2723256	1	True				
ANR	2724881	AssignmentExpression	csi = gsicc_get_default_type ( pcs2 -> cmm_icc_profile_data )		2723256	0		=			
ANR	2724882	Identifier	csi		2723256	0					
ANR	2724883	CallExpression	gsicc_get_default_type ( pcs2 -> cmm_icc_profile_data )		2723256	1					
ANR	2724884	Callee	gsicc_get_default_type		2723256	0					
ANR	2724885	Identifier	gsicc_get_default_type		2723256	0					
ANR	2724886	ArgumentList	pcs2 -> cmm_icc_profile_data		2723256	1					
ANR	2724887	Argument	pcs2 -> cmm_icc_profile_data		2723256	0					
ANR	2724888	PtrMemberAccess	pcs2 -> cmm_icc_profile_data		2723256	0					
ANR	2724889	Identifier	pcs2		2723256	0					
ANR	2724890	Identifier	cmm_icc_profile_data		2723256	1					
ANR	2724891	SwitchStatement	switch ( csi )		2723256	22					
ANR	2724892	Condition	csi	909:31:39076:39078	2723256	0	True				
ANR	2724893	Identifier	csi		2723256	0					
ANR	2724894	CompoundStatement		400:36:20271:20271	2723256	1					
ANR	2724895	Label	case gs_color_space_index_DeviceGray :	910:28:39111:39147	2723256	0	True				
ANR	2724896	Identifier	gs_color_space_index_DeviceGray		2723256	0					
ANR	2724897	Label	case gs_color_space_index_DeviceRGB :	911:28:39177:39212	2723256	1	True				
ANR	2724898	Identifier	gs_color_space_index_DeviceRGB		2723256	0					
ANR	2724899	ReturnStatement	return 0 ;	912:32:39246:39254	2723256	2	True				
ANR	2724900	PrimaryExpression	0		2723256	0					
ANR	2724901	BreakStatement	break ;	913:32:39288:39293	2723256	3	True				
ANR	2724902	Label	case gs_color_space_index_Separation :	914:28:39323:39359	2723256	4	True				
ANR	2724903	Identifier	gs_color_space_index_Separation		2723256	0					
ANR	2724904	ExpressionStatement	pcs2 = pcs	915:32:39393:39403	2723256	5	True				
ANR	2724905	AssignmentExpression	pcs2 = pcs		2723256	0		=			
ANR	2724906	Identifier	pcs2		2723256	0					
ANR	2724907	Identifier	pcs		2723256	1					
ANR	2724908	WhileStatement	while ( pcs2 -> base_space )		2723256	6					
ANR	2724909	Condition	pcs2 -> base_space	916:39:39444:39459	2723256	0	True				
ANR	2724910	PtrMemberAccess	pcs2 -> base_space		2723256	0					
ANR	2724911	Identifier	pcs2		2723256	0					
ANR	2724912	Identifier	base_space		2723256	1					
ANR	2724913	ExpressionStatement	pcs2 = pcs2 -> base_space	917:36:39498:39521	2723256	1	True				
ANR	2724914	AssignmentExpression	pcs2 = pcs2 -> base_space		2723256	0		=			
ANR	2724915	Identifier	pcs2		2723256	0					
ANR	2724916	PtrMemberAccess	pcs2 -> base_space		2723256	1					
ANR	2724917	Identifier	pcs2		2723256	0					
ANR	2724918	Identifier	base_space		2723256	1					
ANR	2724919	ExpressionStatement	csi = gs_color_space_get_index ( pcs2 )	918:32:39555:39591	2723256	7	True				
ANR	2724920	AssignmentExpression	csi = gs_color_space_get_index ( pcs2 )		2723256	0		=			
ANR	2724921	Identifier	csi		2723256	0					
ANR	2724922	CallExpression	gs_color_space_get_index ( pcs2 )		2723256	1					
ANR	2724923	Callee	gs_color_space_get_index		2723256	0					
ANR	2724924	Identifier	gs_color_space_get_index		2723256	0					
ANR	2724925	ArgumentList	pcs2		2723256	1					
ANR	2724926	Argument	pcs2		2723256	0					
ANR	2724927	Identifier	pcs2		2723256	0					
ANR	2724928	IfStatement	if ( csi == gs_color_space_index_ICC )		2723256	8					
ANR	2724929	Condition	csi == gs_color_space_index_ICC	919:36:39629:39659	2723256	0	True				
ANR	2724930	EqualityExpression	csi == gs_color_space_index_ICC		2723256	0		==			
ANR	2724931	Identifier	csi		2723256	0					
ANR	2724932	Identifier	gs_color_space_index_ICC		2723256	1					
ANR	2724933	ExpressionStatement	csi = gsicc_get_default_type ( pcs2 -> cmm_icc_profile_data )	920:36:39698:39754	2723256	1	True				
ANR	2724934	AssignmentExpression	csi = gsicc_get_default_type ( pcs2 -> cmm_icc_profile_data )		2723256	0		=			
ANR	2724935	Identifier	csi		2723256	0					
ANR	2724936	CallExpression	gsicc_get_default_type ( pcs2 -> cmm_icc_profile_data )		2723256	1					
ANR	2724937	Callee	gsicc_get_default_type		2723256	0					
ANR	2724938	Identifier	gsicc_get_default_type		2723256	0					
ANR	2724939	ArgumentList	pcs2 -> cmm_icc_profile_data		2723256	1					
ANR	2724940	Argument	pcs2 -> cmm_icc_profile_data		2723256	0					
ANR	2724941	PtrMemberAccess	pcs2 -> cmm_icc_profile_data		2723256	0					
ANR	2724942	Identifier	pcs2		2723256	0					
ANR	2724943	Identifier	cmm_icc_profile_data		2723256	1					
ANR	2724944	IfStatement	if ( csi == gs_color_space_index_DeviceRGB )		2723256	9					
ANR	2724945	Condition	csi == gs_color_space_index_DeviceRGB	921:36:39792:39828	2723256	0	True				
ANR	2724946	EqualityExpression	csi == gs_color_space_index_DeviceRGB		2723256	0		==			
ANR	2724947	Identifier	csi		2723256	0					
ANR	2724948	Identifier	gs_color_space_index_DeviceRGB		2723256	1					
ANR	2724949	ReturnStatement	return 0 ;	922:36:39867:39875	2723256	1	True				
ANR	2724950	PrimaryExpression	0		2723256	0					
ANR	2724951	ElseStatement	else		2723256	0					
ANR	2724952	ReturnStatement	return 3 ;	924:36:39950:39958	2723256	0	True				
ANR	2724953	PrimaryExpression	3		2723256	0					
ANR	2724954	BreakStatement	break ;	925:32:39992:39997	2723256	10	True				
ANR	2724955	Label	case gs_color_space_index_DeviceN :	926:28:40027:40060	2723256	11	True				
ANR	2724956	Identifier	gs_color_space_index_DeviceN		2723256	0					
ANR	2724957	ExpressionStatement	pcs2 = pcs	927:32:40094:40104	2723256	12	True				
ANR	2724958	AssignmentExpression	pcs2 = pcs		2723256	0		=			
ANR	2724959	Identifier	pcs2		2723256	0					
ANR	2724960	Identifier	pcs		2723256	1					
ANR	2724961	WhileStatement	while ( pcs2 -> base_space )		2723256	13					
ANR	2724962	Condition	pcs2 -> base_space	928:39:40145:40160	2723256	0	True				
ANR	2724963	PtrMemberAccess	pcs2 -> base_space		2723256	0					
ANR	2724964	Identifier	pcs2		2723256	0					
ANR	2724965	Identifier	base_space		2723256	1					
ANR	2724966	ExpressionStatement	pcs2 = pcs2 -> base_space	929:36:40199:40222	2723256	1	True				
ANR	2724967	AssignmentExpression	pcs2 = pcs2 -> base_space		2723256	0		=			
ANR	2724968	Identifier	pcs2		2723256	0					
ANR	2724969	PtrMemberAccess	pcs2 -> base_space		2723256	1					
ANR	2724970	Identifier	pcs2		2723256	0					
ANR	2724971	Identifier	base_space		2723256	1					
ANR	2724972	ExpressionStatement	csi = gs_color_space_get_index ( pcs2 )	930:32:40256:40292	2723256	14	True				
ANR	2724973	AssignmentExpression	csi = gs_color_space_get_index ( pcs2 )		2723256	0		=			
ANR	2724974	Identifier	csi		2723256	0					
ANR	2724975	CallExpression	gs_color_space_get_index ( pcs2 )		2723256	1					
ANR	2724976	Callee	gs_color_space_get_index		2723256	0					
ANR	2724977	Identifier	gs_color_space_get_index		2723256	0					
ANR	2724978	ArgumentList	pcs2		2723256	1					
ANR	2724979	Argument	pcs2		2723256	0					
ANR	2724980	Identifier	pcs2		2723256	0					
ANR	2724981	IfStatement	if ( csi == gs_color_space_index_ICC )		2723256	15					
ANR	2724982	Condition	csi == gs_color_space_index_ICC	931:36:40330:40360	2723256	0	True				
ANR	2724983	EqualityExpression	csi == gs_color_space_index_ICC		2723256	0		==			
ANR	2724984	Identifier	csi		2723256	0					
ANR	2724985	Identifier	gs_color_space_index_ICC		2723256	1					
ANR	2724986	ExpressionStatement	csi = gsicc_get_default_type ( pcs2 -> cmm_icc_profile_data )	932:36:40399:40455	2723256	1	True				
ANR	2724987	AssignmentExpression	csi = gsicc_get_default_type ( pcs2 -> cmm_icc_profile_data )		2723256	0		=			
ANR	2724988	Identifier	csi		2723256	0					
ANR	2724989	CallExpression	gsicc_get_default_type ( pcs2 -> cmm_icc_profile_data )		2723256	1					
ANR	2724990	Callee	gsicc_get_default_type		2723256	0					
ANR	2724991	Identifier	gsicc_get_default_type		2723256	0					
ANR	2724992	ArgumentList	pcs2 -> cmm_icc_profile_data		2723256	1					
ANR	2724993	Argument	pcs2 -> cmm_icc_profile_data		2723256	0					
ANR	2724994	PtrMemberAccess	pcs2 -> cmm_icc_profile_data		2723256	0					
ANR	2724995	Identifier	pcs2		2723256	0					
ANR	2724996	Identifier	cmm_icc_profile_data		2723256	1					
ANR	2724997	IfStatement	if ( csi == gs_color_space_index_DeviceRGB )		2723256	16					
ANR	2724998	Condition	csi == gs_color_space_index_DeviceRGB	933:36:40493:40529	2723256	0	True				
ANR	2724999	EqualityExpression	csi == gs_color_space_index_DeviceRGB		2723256	0		==			
ANR	2725000	Identifier	csi		2723256	0					
ANR	2725001	Identifier	gs_color_space_index_DeviceRGB		2723256	1					
ANR	2725002	ReturnStatement	return 0 ;	934:36:40568:40576	2723256	1	True				
ANR	2725003	PrimaryExpression	0		2723256	0					
ANR	2725004	ElseStatement	else		2723256	0					
ANR	2725005	ReturnStatement	return 4 ;	936:36:40651:40659	2723256	0	True				
ANR	2725006	PrimaryExpression	4		2723256	0					
ANR	2725007	BreakStatement	break ;	937:32:40693:40698	2723256	17	True				
ANR	2725008	Label	default :	938:28:40728:40735	2723256	18	True				
ANR	2725009	Identifier	default		2723256	0					
ANR	2725010	ExpressionStatement	"code = setup_image_process_colorspace ( pdev , image , pcs_orig , names -> DeviceRGB , cs_value )"	939:32:40769:40857	2723256	19	True				
ANR	2725011	AssignmentExpression	"code = setup_image_process_colorspace ( pdev , image , pcs_orig , names -> DeviceRGB , cs_value )"		2723256	0		=			
ANR	2725012	Identifier	code		2723256	0					
ANR	2725013	CallExpression	"setup_image_process_colorspace ( pdev , image , pcs_orig , names -> DeviceRGB , cs_value )"		2723256	1					
ANR	2725014	Callee	setup_image_process_colorspace		2723256	0					
ANR	2725015	Identifier	setup_image_process_colorspace		2723256	0					
ANR	2725016	ArgumentList	pdev		2723256	1					
ANR	2725017	Argument	pdev		2723256	0					
ANR	2725018	Identifier	pdev		2723256	0					
ANR	2725019	Argument	image		2723256	1					
ANR	2725020	Identifier	image		2723256	0					
ANR	2725021	Argument	pcs_orig		2723256	2					
ANR	2725022	Identifier	pcs_orig		2723256	0					
ANR	2725023	Argument	names -> DeviceRGB		2723256	3					
ANR	2725024	PtrMemberAccess	names -> DeviceRGB		2723256	0					
ANR	2725025	Identifier	names		2723256	0					
ANR	2725026	Identifier	DeviceRGB		2723256	1					
ANR	2725027	Argument	cs_value		2723256	4					
ANR	2725028	Identifier	cs_value		2723256	0					
ANR	2725029	IfStatement	if ( code < 0 )		2723256	20					
ANR	2725030	Condition	code < 0	940:36:40895:40902	2723256	0	True				
ANR	2725031	RelationalExpression	code < 0		2723256	0		<			
ANR	2725032	Identifier	code		2723256	0					
ANR	2725033	PrimaryExpression	0		2723256	1					
ANR	2725034	ReturnStatement	return code ;	941:36:40941:40952	2723256	1	True				
ANR	2725035	Identifier	code		2723256	0					
ANR	2725036	ReturnStatement	return 1 ;	942:32:40986:40994	2723256	21	True				
ANR	2725037	PrimaryExpression	1		2723256	0					
ANR	2725038	BreakStatement	break ;	943:32:41028:41033	2723256	22	True				
ANR	2725039	BreakStatement	break ;	945:24:41085:41090	2723256	23	True				
ANR	2725040	Label	default :	946:20:41112:41119	2723256	24	True				
ANR	2725041	Identifier	default		2723256	0					
ANR	2725042	ExpressionStatement	"code = setup_image_process_colorspace ( pdev , image , pcs_orig , names -> DeviceRGB , cs_value )"	947:24:41145:41233	2723256	25	True				
ANR	2725043	AssignmentExpression	"code = setup_image_process_colorspace ( pdev , image , pcs_orig , names -> DeviceRGB , cs_value )"		2723256	0		=			
ANR	2725044	Identifier	code		2723256	0					
ANR	2725045	CallExpression	"setup_image_process_colorspace ( pdev , image , pcs_orig , names -> DeviceRGB , cs_value )"		2723256	1					
ANR	2725046	Callee	setup_image_process_colorspace		2723256	0					
ANR	2725047	Identifier	setup_image_process_colorspace		2723256	0					
ANR	2725048	ArgumentList	pdev		2723256	1					
ANR	2725049	Argument	pdev		2723256	0					
ANR	2725050	Identifier	pdev		2723256	0					
ANR	2725051	Argument	image		2723256	1					
ANR	2725052	Identifier	image		2723256	0					
ANR	2725053	Argument	pcs_orig		2723256	2					
ANR	2725054	Identifier	pcs_orig		2723256	0					
ANR	2725055	Argument	names -> DeviceRGB		2723256	3					
ANR	2725056	PtrMemberAccess	names -> DeviceRGB		2723256	0					
ANR	2725057	Identifier	names		2723256	0					
ANR	2725058	Identifier	DeviceRGB		2723256	1					
ANR	2725059	Argument	cs_value		2723256	4					
ANR	2725060	Identifier	cs_value		2723256	0					
ANR	2725061	IfStatement	if ( code < 0 )		2723256	26					
ANR	2725062	Condition	code < 0	948:28:41263:41270	2723256	0	True				
ANR	2725063	RelationalExpression	code < 0		2723256	0		<			
ANR	2725064	Identifier	code		2723256	0					
ANR	2725065	PrimaryExpression	0		2723256	1					
ANR	2725066	ReturnStatement	return code ;	949:28:41301:41312	2723256	1	True				
ANR	2725067	Identifier	code		2723256	0					
ANR	2725068	ReturnStatement	return 1 ;	950:24:41338:41346	2723256	27	True				
ANR	2725069	PrimaryExpression	1		2723256	0					
ANR	2725070	BreakStatement	break ;	951:24:41372:41377	2723256	28	True				
ANR	2725071	BreakStatement	break ;	953:16:41413:41418	2723256	18	True				
ANR	2725072	Label	default :	954:12:41432:41439	2723256	19	True				
ANR	2725073	Identifier	default		2723256	0					
ANR	2725074	BreakStatement	break ;	955:16:41457:41462	2723256	20	True				
ANR	2725075	ReturnStatement	return 0 ;	958:4:41484:41492	2723256	7	True				
ANR	2725076	PrimaryExpression	0		2723256	0					
ANR	2725077	ReturnType	static int		2723256	1					
ANR	2725078	Identifier	setup_image_colorspace		2723256	2					
ANR	2725079	ParameterList	"gx_device_pdf * pdev , image_union_t * image , const gs_color_space * pcs , gs_color_space * * pcs_orig , const pdf_color_space_names_t * names , cos_value_t * cs_value"		2723256	3					
ANR	2725080	Parameter	gx_device_pdf * pdev	508:34:18617:18635	2723256	0	True				
ANR	2725081	ParameterType	gx_device_pdf *		2723256	0					
ANR	2725082	Identifier	pdev		2723256	1					
ANR	2725083	Parameter	image_union_t * image	508:55:18638:18657	2723256	1	True				
ANR	2725084	ParameterType	image_union_t *		2723256	0					
ANR	2725085	Identifier	image		2723256	1					
ANR	2725086	Parameter	const gs_color_space * pcs	508:77:18660:18684	2723256	2	True				
ANR	2725087	ParameterType	const gs_color_space *		2723256	0					
ANR	2725088	Identifier	pcs		2723256	1					
ANR	2725089	Parameter	gs_color_space * * pcs_orig	508:104:18687:18711	2723256	3	True				
ANR	2725090	ParameterType	gs_color_space * *		2723256	0					
ANR	2725091	Identifier	pcs_orig		2723256	1					
ANR	2725092	Parameter	const pdf_color_space_names_t * names	509:34:18748:18783	2723256	4	True				
ANR	2725093	ParameterType	const pdf_color_space_names_t *		2723256	0					
ANR	2725094	Identifier	names		2723256	1					
ANR	2725095	Parameter	cos_value_t * cs_value	509:72:18786:18806	2723256	5	True				
ANR	2725096	ParameterType	cos_value_t *		2723256	0					
ANR	2725097	Identifier	cs_value		2723256	1					
ANR	2725098	CFGEntryNode	ENTRY		2723256		True				
ANR	2725099	CFGExitNode	EXIT		2723256		True				
ANR	2725100	Symbol	gs_color_space_index_DeviceRGB		2723256						
ANR	2725101	Symbol	gs_error_rangecheck		2723256						
ANR	2725102	Symbol	gs_color_space_index_ICC		2723256						
ANR	2725103	Symbol	pdev -> params . ColorConversionStrategy		2723256						
ANR	2725104	Symbol	gs_error_undefined		2723256						
ANR	2725105	Symbol	* pcs		2723256						
ANR	2725106	Symbol	pdev -> transfer_not_identity		2723256						
ANR	2725107	Symbol	ccs_LeaveColorUnchanged		2723256						
ANR	2725108	Symbol	pdev		2723256						
ANR	2725109	Symbol	pdev -> memory		2723256						
ANR	2725110	Symbol	ccs_Gray		2723256						
ANR	2725111	Symbol	pdev -> ForOPDFRead		2723256						
ANR	2725112	Symbol	ccs_CMYK		2723256						
ANR	2725113	Symbol	image		2723256						
ANR	2725114	Symbol	pcs -> base_space -> cmm_icc_profile_data		2723256						
ANR	2725115	Symbol	* pcs_orig		2723256						
ANR	2725116	Symbol	pcs -> cmm_icc_profile_data		2723256						
ANR	2725117	Symbol	pdev -> params . ConvertCMYKImagesToRGB		2723256						
ANR	2725118	Symbol	gs_color_space_index_DeviceCMYK		2723256						
ANR	2725119	Symbol	* pcs2		2723256						
ANR	2725120	Symbol	cs_value		2723256						
ANR	2725121	Symbol	* pcs -> base_space		2723256						
ANR	2725122	Symbol	* * pcs		2723256						
ANR	2725123	Symbol	gs_color_space_get_index		2723256						
ANR	2725124	Symbol	pcs2 -> cmm_icc_profile_data		2723256						
ANR	2725125	Symbol	gs_color_space_index_DeviceGray		2723256						
ANR	2725126	Symbol	gs_color_space_index_Separation		2723256						
ANR	2725127	Symbol	code		2723256						
ANR	2725128	Symbol	pdev -> pcm_color_info_index		2723256						
ANR	2725129	Symbol	tfi_Apply		2723256						
ANR	2725130	Symbol	ccs_sRGB		2723256						
ANR	2725131	Symbol	names -> DeviceCMYK		2723256						
ANR	2725132	Symbol	setup_image_process_colorspace		2723256						
ANR	2725133	Symbol	* names		2723256						
ANR	2725134	Symbol	gs_color_space_index_Indexed		2723256						
ANR	2725135	Symbol	names -> DeviceGray		2723256						
ANR	2725136	Symbol	names -> DeviceRGB		2723256						
ANR	2725137	Symbol	pcs		2723256						
ANR	2725138	Symbol	pdev -> CompatibilityLevel		2723256						
ANR	2725139	Symbol	pcs2		2723256						
ANR	2725140	Symbol	pdev -> params . TransferFunctionInfo		2723256						
ANR	2725141	Symbol	pcs2 -> base_space		2723256						
ANR	2725142	Symbol	pcs -> base_space		2723256						
ANR	2725143	Symbol	pdev -> params		2723256						
ANR	2725144	Symbol	gs_note_error		2723256						
ANR	2725145	Symbol	names		2723256						
ANR	2725146	Symbol	csi2		2723256						
ANR	2725147	Symbol	pcs_orig		2723256						
ANR	2725148	Symbol	csi		2723256						
ANR	2725149	Symbol	gsicc_get_default_type		2723256						
ANR	2725150	Symbol	ccs_RGB		2723256						
ANR	2725151	Symbol	* pdev		2723256						
ANR	2725152	Symbol	strategy		2723256						
ANR	2725153	Function	pdf_begin_typed_image	961:0:41497:70015							
ANR	2725154	FunctionDef	"pdf_begin_typed_image (gx_device_pdf * pdev , const gs_gstate * pgs , const gs_matrix * pmat , const gs_image_common_t * pic , const gs_int_rect * prect , const gx_drawing_color * pdcolor , const gx_clip_path * pcpath , gs_memory_t * mem , gx_image_enum_common_t * * pinfo , pdf_typed_image_context_t context)"		2725153	0					
ANR	2725155	CompoundStatement		969:0:41936:70015	2725153	0					
ANR	2725156	IdentifierDeclStatement	"int code , i ;"	970:4:41942:41953	2725153	0	True				
ANR	2725157	IdentifierDecl	code		2725153	0					
ANR	2725158	IdentifierDeclType	int		2725153	0					
ANR	2725159	Identifier	code		2725153	1					
ANR	2725160	IdentifierDecl	i		2725153	1					
ANR	2725161	IdentifierDeclType	int		2725153	0					
ANR	2725162	Identifier	i		2725153	1					
ANR	2725163	IdentifierDeclStatement	"unsigned int use_fallback = 0 , in_line = 0 , is_mask = 0 , force_lossless = 0 , convert_to_process_colors = 0 ;"	971:4:41959:42074	2725153	1	True				
ANR	2725164	IdentifierDecl	use_fallback = 0		2725153	0					
ANR	2725165	IdentifierDeclType	unsigned int		2725153	0					
ANR	2725166	Identifier	use_fallback		2725153	1					
ANR	2725167	AssignmentExpression	use_fallback = 0		2725153	2		=			
ANR	2725168	Identifier	use_fallback		2725153	0					
ANR	2725169	PrimaryExpression	0		2725153	1					
ANR	2725170	IdentifierDecl	in_line = 0		2725153	1					
ANR	2725171	IdentifierDeclType	unsigned int		2725153	0					
ANR	2725172	Identifier	in_line		2725153	1					
ANR	2725173	AssignmentExpression	in_line = 0		2725153	2		=			
ANR	2725174	Identifier	in_line		2725153	0					
ANR	2725175	PrimaryExpression	0		2725153	1					
ANR	2725176	IdentifierDecl	is_mask = 0		2725153	2					
ANR	2725177	IdentifierDeclType	unsigned int		2725153	0					
ANR	2725178	Identifier	is_mask		2725153	1					
ANR	2725179	AssignmentExpression	is_mask = 0		2725153	2		=			
ANR	2725180	Identifier	is_mask		2725153	0					
ANR	2725181	PrimaryExpression	0		2725153	1					
ANR	2725182	IdentifierDecl	force_lossless = 0		2725153	3					
ANR	2725183	IdentifierDeclType	unsigned int		2725153	0					
ANR	2725184	Identifier	force_lossless		2725153	1					
ANR	2725185	AssignmentExpression	force_lossless = 0		2725153	2		=			
ANR	2725186	Identifier	force_lossless		2725153	0					
ANR	2725187	PrimaryExpression	0		2725153	1					
ANR	2725188	IdentifierDecl	convert_to_process_colors = 0		2725153	4					
ANR	2725189	IdentifierDeclType	unsigned int		2725153	0					
ANR	2725190	Identifier	convert_to_process_colors		2725153	1					
ANR	2725191	AssignmentExpression	convert_to_process_colors = 0		2725153	2		=			
ANR	2725192	Identifier	convert_to_process_colors		2725153	0					
ANR	2725193	PrimaryExpression	0		2725153	1					
ANR	2725194	IdentifierDeclStatement	"int width , height ;"	973:4:42080:42097	2725153	2	True				
ANR	2725195	IdentifierDecl	width		2725153	0					
ANR	2725196	IdentifierDeclType	int		2725153	0					
ANR	2725197	Identifier	width		2725153	1					
ANR	2725198	IdentifierDecl	height		2725153	1					
ANR	2725199	IdentifierDeclType	int		2725153	0					
ANR	2725200	Identifier	height		2725153	1					
ANR	2725201	IdentifierDeclStatement	cos_dict_t * pnamed = 0 ;	974:4:42103:42125	2725153	3	True				
ANR	2725202	IdentifierDecl	* pnamed = 0		2725153	0					
ANR	2725203	IdentifierDeclType	cos_dict_t *		2725153	0					
ANR	2725204	Identifier	pnamed		2725153	1					
ANR	2725205	AssignmentExpression	* pnamed = 0		2725153	2		=			
ANR	2725206	Identifier	pnamed		2725153	0					
ANR	2725207	PrimaryExpression	0		2725153	1					
ANR	2725208	IdentifierDeclStatement	image_union_t * image ;	975:4:42131:42151	2725153	4	True				
ANR	2725209	IdentifierDecl	* image		2725153	0					
ANR	2725210	IdentifierDeclType	image_union_t *		2725153	0					
ANR	2725211	Identifier	image		2725153	1					
ANR	2725212	IdentifierDeclStatement	const gs_pixel_image_t * pim ;	976:4:42157:42184	2725153	5	True				
ANR	2725213	IdentifierDecl	* pim		2725153	0					
ANR	2725214	IdentifierDeclType	const gs_pixel_image_t *		2725153	0					
ANR	2725215	Identifier	pim		2725153	1					
ANR	2725216	IdentifierDeclStatement	gs_int_rect rect ;	977:4:42190:42206	2725153	6	True				
ANR	2725217	IdentifierDecl	rect		2725153	0					
ANR	2725218	IdentifierDeclType	gs_int_rect		2725153	0					
ANR	2725219	Identifier	rect		2725153	1					
ANR	2725220	IdentifierDeclStatement	gs_image_format_t format ;	978:4:42212:42236	2725153	7	True				
ANR	2725221	IdentifierDecl	format		2725153	0					
ANR	2725222	IdentifierDeclType	gs_image_format_t		2725153	0					
ANR	2725223	Identifier	format		2725153	1					
ANR	2725224	IdentifierDeclStatement	const gs_color_space * pcs ;	979:4:42242:42267	2725153	8	True				
ANR	2725225	IdentifierDecl	* pcs		2725153	0					
ANR	2725226	IdentifierDeclType	const gs_color_space *		2725153	0					
ANR	2725227	Identifier	pcs		2725153	1					
ANR	2725228	IdentifierDeclStatement	int num_components ;	980:4:42273:42291	2725153	9	True				
ANR	2725229	IdentifierDecl	num_components		2725153	0					
ANR	2725230	IdentifierDeclType	int		2725153	0					
ANR	2725231	Identifier	num_components		2725153	1					
ANR	2725232	IdentifierDeclStatement	pdf_image_enum * pie ;	981:4:42297:42316	2725153	10	True				
ANR	2725233	IdentifierDecl	* pie		2725153	0					
ANR	2725234	IdentifierDeclType	pdf_image_enum *		2725153	0					
ANR	2725235	Identifier	pie		2725153	1					
ANR	2725236	IdentifierDeclStatement	const pdf_color_space_names_t * names ;	982:4:42322:42358	2725153	11	True				
ANR	2725237	IdentifierDecl	* names		2725153	0					
ANR	2725238	IdentifierDeclType	const pdf_color_space_names_t *		2725153	0					
ANR	2725239	Identifier	names		2725153	1					
ANR	2725240	IdentifierDeclStatement	gs_color_space * pcs_orig = NULL ;	983:4:42364:42395	2725153	12	True				
ANR	2725241	IdentifierDecl	* pcs_orig = NULL		2725153	0					
ANR	2725242	IdentifierDeclType	gs_color_space *		2725153	0					
ANR	2725243	Identifier	pcs_orig		2725153	1					
ANR	2725244	AssignmentExpression	* pcs_orig = NULL		2725153	2		=			
ANR	2725245	Identifier	NULL		2725153	0					
ANR	2725246	Identifier	NULL		2725153	1					
ANR	2725247	IdentifierDeclStatement	gs_color_space * pcs_device = NULL ;	984:4:42401:42434	2725153	13	True				
ANR	2725248	IdentifierDecl	* pcs_device = NULL		2725153	0					
ANR	2725249	IdentifierDeclType	gs_color_space *		2725153	0					
ANR	2725250	Identifier	pcs_device		2725153	1					
ANR	2725251	AssignmentExpression	* pcs_device = NULL		2725153	2		=			
ANR	2725252	Identifier	NULL		2725153	0					
ANR	2725253	Identifier	NULL		2725153	1					
ANR	2725254	IdentifierDeclStatement	cos_value_t cs_value ;	985:4:42440:42460	2725153	14	True				
ANR	2725255	IdentifierDecl	cs_value		2725153	0					
ANR	2725256	IdentifierDeclType	cos_value_t		2725153	0					
ANR	2725257	Identifier	cs_value		2725153	1					
ANR	2725258	IdentifierDeclStatement	const gs_range_t * pranges = 0 ;	986:4:42466:42495	2725153	15	True				
ANR	2725259	IdentifierDecl	* pranges = 0		2725153	0					
ANR	2725260	IdentifierDeclType	const gs_range_t *		2725153	0					
ANR	2725261	Identifier	pranges		2725153	1					
ANR	2725262	AssignmentExpression	* pranges = 0		2725153	2		=			
ANR	2725263	Identifier	pranges		2725153	0					
ANR	2725264	PrimaryExpression	0		2725153	1					
ANR	2725265	ExpressionStatement	"image = ( image_union_t * ) gs_malloc ( mem -> non_gc_memory , 4 , sizeof ( image_union_t ) , ""pdf_begin_typed_image(image)"" )"	988:4:42502:42637	2725153	16	True				
ANR	2725266	AssignmentExpression	"image = ( image_union_t * ) gs_malloc ( mem -> non_gc_memory , 4 , sizeof ( image_union_t ) , ""pdf_begin_typed_image(image)"" )"		2725153	0		=			
ANR	2725267	Identifier	image		2725153	0					
ANR	2725268	CastExpression	"( image_union_t * ) gs_malloc ( mem -> non_gc_memory , 4 , sizeof ( image_union_t ) , ""pdf_begin_typed_image(image)"" )"		2725153	1					
ANR	2725269	CastTarget	image_union_t *		2725153	0					
ANR	2725270	CallExpression	"gs_malloc ( mem -> non_gc_memory , 4 , sizeof ( image_union_t ) , ""pdf_begin_typed_image(image)"" )"		2725153	1					
ANR	2725271	Callee	gs_malloc		2725153	0					
ANR	2725272	Identifier	gs_malloc		2725153	0					
ANR	2725273	ArgumentList	mem -> non_gc_memory		2725153	1					
ANR	2725274	Argument	mem -> non_gc_memory		2725153	0					
ANR	2725275	PtrMemberAccess	mem -> non_gc_memory		2725153	0					
ANR	2725276	Identifier	mem		2725153	0					
ANR	2725277	Identifier	non_gc_memory		2725153	1					
ANR	2725278	Argument	4		2725153	1					
ANR	2725279	PrimaryExpression	4		2725153	0					
ANR	2725280	Argument	sizeof ( image_union_t )		2725153	2					
ANR	2725281	SizeofExpression	sizeof ( image_union_t )		2725153	0					
ANR	2725282	Sizeof	sizeof		2725153	0					
ANR	2725283	SizeofOperand	image_union_t		2725153	1					
ANR	2725284	Argument	"""pdf_begin_typed_image(image)"""		2725153	3					
ANR	2725285	PrimaryExpression	"""pdf_begin_typed_image(image)"""		2725153	0					
ANR	2725286	IfStatement	if ( image == 0 )		2725153	17					
ANR	2725287	Condition	image == 0	990:8:42647:42656	2725153	0	True				
ANR	2725288	EqualityExpression	image == 0		2725153	0		==			
ANR	2725289	Identifier	image		2725153	0					
ANR	2725290	PrimaryExpression	0		2725153	1					
ANR	2725291	ExpressionStatement	return_error ( gs_error_VMerror )	991:8:42667:42697	2725153	1	True				
ANR	2725292	CallExpression	return_error ( gs_error_VMerror )		2725153	0					
ANR	2725293	Callee	return_error		2725153	0					
ANR	2725294	Identifier	return_error		2725153	0					
ANR	2725295	ArgumentList	gs_error_VMerror		2725153	1					
ANR	2725296	Argument	gs_error_VMerror		2725153	0					
ANR	2725297	Identifier	gs_error_VMerror		2725153	0					
ANR	2725298	CompoundStatement		30:8:937:957	2725153	18					
ANR	2725299	IdentifierDeclStatement	cos_value_t ni_value ;	998:8:42874:42894	2725153	0	True				
ANR	2725300	IdentifierDecl	ni_value		2725153	0					
ANR	2725301	IdentifierDeclType	cos_value_t		2725153	0					
ANR	2725302	Identifier	ni_value		2725153	1					
ANR	2725303	IfStatement	"if ( cos_array_unadd ( pdev -> NI_stack , & ni_value ) >= 0 )"		2725153	1					
ANR	2725304	Condition	"cos_array_unadd ( pdev -> NI_stack , & ni_value ) >= 0"	1000:12:42909:42955	2725153	0	True				
ANR	2725305	RelationalExpression	"cos_array_unadd ( pdev -> NI_stack , & ni_value ) >= 0"		2725153	0		>=			
ANR	2725306	CallExpression	"cos_array_unadd ( pdev -> NI_stack , & ni_value )"		2725153	0					
ANR	2725307	Callee	cos_array_unadd		2725153	0					
ANR	2725308	Identifier	cos_array_unadd		2725153	0					
ANR	2725309	ArgumentList	pdev -> NI_stack		2725153	1					
ANR	2725310	Argument	pdev -> NI_stack		2725153	0					
ANR	2725311	PtrMemberAccess	pdev -> NI_stack		2725153	0					
ANR	2725312	Identifier	pdev		2725153	0					
ANR	2725313	Identifier	NI_stack		2725153	1					
ANR	2725314	Argument	& ni_value		2725153	1					
ANR	2725315	UnaryOperationExpression	& ni_value		2725153	0					
ANR	2725316	UnaryOperator	&		2725153	0					
ANR	2725317	Identifier	ni_value		2725153	1					
ANR	2725318	PrimaryExpression	0		2725153	1					
ANR	2725319	ExpressionStatement	pnamed = ( cos_dict_t * ) ni_value . contents . object	1001:12:42970:43017	2725153	1	True				
ANR	2725320	AssignmentExpression	pnamed = ( cos_dict_t * ) ni_value . contents . object		2725153	0		=			
ANR	2725321	Identifier	pnamed		2725153	0					
ANR	2725322	CastExpression	( cos_dict_t * ) ni_value . contents . object		2725153	1					
ANR	2725323	CastTarget	cos_dict_t *		2725153	0					
ANR	2725324	MemberAccess	ni_value . contents . object		2725153	1					
ANR	2725325	MemberAccess	ni_value . contents		2725153	0					
ANR	2725326	Identifier	ni_value		2725153	0					
ANR	2725327	Identifier	contents		2725153	1					
ANR	2725328	Identifier	object		2725153	1					
ANR	2725329	ExpressionStatement	pdev -> image_mask_id = gs_no_id	1007:4:43227:43257	2725153	19	True				
ANR	2725330	AssignmentExpression	pdev -> image_mask_id = gs_no_id		2725153	0		=			
ANR	2725331	PtrMemberAccess	pdev -> image_mask_id		2725153	0					
ANR	2725332	Identifier	pdev		2725153	0					
ANR	2725333	Identifier	image_mask_id		2725153	1					
ANR	2725334	Identifier	gs_no_id		2725153	1					
ANR	2725335	SwitchStatement	switch ( pic -> type -> index )		2725153	20					
ANR	2725336	Condition	pic -> type -> index	1010:12:43323:43338	2725153	0	True				
ANR	2725337	PtrMemberAccess	pic -> type -> index		2725153	0					
ANR	2725338	PtrMemberAccess	pic -> type		2725153	0					
ANR	2725339	Identifier	pic		2725153	0					
ANR	2725340	Identifier	type		2725153	1					
ANR	2725341	Identifier	index		2725153	1					
ANR	2725342	CompoundStatement		42:30:1404:1404	2725153	1					
ANR	2725343	Label	case 1 :	1011:4:43347:43353	2725153	0	True				
ANR	2725344	ExpressionStatement	is_mask = ( ( const gs_image_t * ) pic ) -> ImageMask	1012:8:43363:43409	2725153	1	True				
ANR	2725345	AssignmentExpression	is_mask = ( ( const gs_image_t * ) pic ) -> ImageMask		2725153	0		=			
ANR	2725346	Identifier	is_mask		2725153	0					
ANR	2725347	PtrMemberAccess	( ( const gs_image_t * ) pic ) -> ImageMask		2725153	1					
ANR	2725348	CastExpression	( const gs_image_t * ) pic		2725153	0					
ANR	2725349	CastTarget	const gs_image_t *		2725153	0					
ANR	2725350	Identifier	pic		2725153	1					
ANR	2725351	Identifier	ImageMask		2725153	1					
ANR	2725352	ExpressionStatement	"code = setup_type1_image ( pdev , pic , pdcolor , image , context )"	1013:8:43419:43479	2725153	2	True				
ANR	2725353	AssignmentExpression	"code = setup_type1_image ( pdev , pic , pdcolor , image , context )"		2725153	0		=			
ANR	2725354	Identifier	code		2725153	0					
ANR	2725355	CallExpression	"setup_type1_image ( pdev , pic , pdcolor , image , context )"		2725153	1					
ANR	2725356	Callee	setup_type1_image		2725153	0					
ANR	2725357	Identifier	setup_type1_image		2725153	0					
ANR	2725358	ArgumentList	pdev		2725153	1					
ANR	2725359	Argument	pdev		2725153	0					
ANR	2725360	Identifier	pdev		2725153	0					
ANR	2725361	Argument	pic		2725153	1					
ANR	2725362	Identifier	pic		2725153	0					
ANR	2725363	Argument	pdcolor		2725153	2					
ANR	2725364	Identifier	pdcolor		2725153	0					
ANR	2725365	Argument	image		2725153	3					
ANR	2725366	Identifier	image		2725153	0					
ANR	2725367	Argument	context		2725153	4					
ANR	2725368	Identifier	context		2725153	0					
ANR	2725369	IfStatement	if ( code < 0 )		2725153	3					
ANR	2725370	Condition	code < 0	1014:12:43493:43500	2725153	0	True				
ANR	2725371	RelationalExpression	code < 0		2725153	0		<			
ANR	2725372	Identifier	code		2725153	0					
ANR	2725373	PrimaryExpression	0		2725153	1					
ANR	2725374	CompoundStatement		46:22:1566:1566	2725153	1					
ANR	2725375	ExpressionStatement	use_fallback = 1	1015:12:43517:43533	2725153	0	True				
ANR	2725376	AssignmentExpression	use_fallback = 1		2725153	0		=			
ANR	2725377	Identifier	use_fallback		2725153	0					
ANR	2725378	PrimaryExpression	1		2725153	1					
ANR	2725379	ElseStatement	else		2725153	0					
ANR	2725380	ExpressionStatement	in_line = code	1018:12:43570:43584	2725153	0	True				
ANR	2725381	AssignmentExpression	in_line = code		2725153	0		=			
ANR	2725382	Identifier	in_line		2725153	0					
ANR	2725383	Identifier	code		2725153	1					
ANR	2725384	BreakStatement	break ;	1019:8:43594:43599	2725153	4	True				
ANR	2725385	Label	case 3 :	1021:4:43606:43612	2725153	5	True				
ANR	2725386	ExpressionStatement	pdev -> JPEG_PassThrough = 0	1036:8:44641:44667	2725153	6	True				
ANR	2725387	AssignmentExpression	pdev -> JPEG_PassThrough = 0		2725153	0		=			
ANR	2725388	PtrMemberAccess	pdev -> JPEG_PassThrough		2725153	0					
ANR	2725389	Identifier	pdev		2725153	0					
ANR	2725390	Identifier	JPEG_PassThrough		2725153	1					
ANR	2725391	PrimaryExpression	0		2725153	1					
ANR	2725392	ExpressionStatement	pdev -> image_mask_is_SMask = false	1037:8:44677:44710	2725153	7	True				
ANR	2725393	AssignmentExpression	pdev -> image_mask_is_SMask = false		2725153	0		=			
ANR	2725394	PtrMemberAccess	pdev -> image_mask_is_SMask		2725153	0					
ANR	2725395	Identifier	pdev		2725153	0					
ANR	2725396	Identifier	image_mask_is_SMask		2725153	1					
ANR	2725397	Identifier	false		2725153	1					
ANR	2725398	IfStatement	if ( pdev -> CompatibilityLevel < 1.2 || ( prect && ! ( prect -> p . x == 0 && prect -> p . y == 0 && prect -> q . x == ( ( const gs_image3_t * ) pic ) -> Width && prect -> q . y == ( ( const gs_image3_t * ) pic ) -> Height ) ) )		2725153	8					
ANR	2725399	Condition	pdev -> CompatibilityLevel < 1.2 || ( prect && ! ( prect -> p . x == 0 && prect -> p . y == 0 && prect -> q . x == ( ( const gs_image3_t * ) pic ) -> Width && prect -> q . y == ( ( const gs_image3_t * ) pic ) -> Height ) )	1038:12:44724:44958	2725153	0	True				
ANR	2725400	OrExpression	pdev -> CompatibilityLevel < 1.2 || ( prect && ! ( prect -> p . x == 0 && prect -> p . y == 0 && prect -> q . x == ( ( const gs_image3_t * ) pic ) -> Width && prect -> q . y == ( ( const gs_image3_t * ) pic ) -> Height ) )		2725153	0		||			
ANR	2725401	RelationalExpression	pdev -> CompatibilityLevel < 1.2		2725153	0		<			
ANR	2725402	PtrMemberAccess	pdev -> CompatibilityLevel		2725153	0					
ANR	2725403	Identifier	pdev		2725153	0					
ANR	2725404	Identifier	CompatibilityLevel		2725153	1					
ANR	2725405	PrimaryExpression	1.2		2725153	1					
ANR	2725406	AndExpression	prect && ! ( prect -> p . x == 0 && prect -> p . y == 0 && prect -> q . x == ( ( const gs_image3_t * ) pic ) -> Width && prect -> q . y == ( ( const gs_image3_t * ) pic ) -> Height )		2725153	1		&&			
ANR	2725407	Identifier	prect		2725153	0					
ANR	2725408	UnaryOperationExpression	! ( prect -> p . x == 0 && prect -> p . y == 0 && prect -> q . x == ( ( const gs_image3_t * ) pic ) -> Width && prect -> q . y == ( ( const gs_image3_t * ) pic ) -> Height )		2725153	1					
ANR	2725409	UnaryOperator	!		2725153	0					
ANR	2725410	AndExpression	prect -> p . x == 0 && prect -> p . y == 0 && prect -> q . x == ( ( const gs_image3_t * ) pic ) -> Width && prect -> q . y == ( ( const gs_image3_t * ) pic ) -> Height		2725153	1		&&			
ANR	2725411	EqualityExpression	prect -> p . x == 0		2725153	0		==			
ANR	2725412	MemberAccess	prect -> p . x		2725153	0					
ANR	2725413	PtrMemberAccess	prect -> p		2725153	0					
ANR	2725414	Identifier	prect		2725153	0					
ANR	2725415	Identifier	p		2725153	1					
ANR	2725416	Identifier	x		2725153	1					
ANR	2725417	PrimaryExpression	0		2725153	1					
ANR	2725418	AndExpression	prect -> p . y == 0 && prect -> q . x == ( ( const gs_image3_t * ) pic ) -> Width && prect -> q . y == ( ( const gs_image3_t * ) pic ) -> Height		2725153	1		&&			
ANR	2725419	EqualityExpression	prect -> p . y == 0		2725153	0		==			
ANR	2725420	MemberAccess	prect -> p . y		2725153	0					
ANR	2725421	PtrMemberAccess	prect -> p		2725153	0					
ANR	2725422	Identifier	prect		2725153	0					
ANR	2725423	Identifier	p		2725153	1					
ANR	2725424	Identifier	y		2725153	1					
ANR	2725425	PrimaryExpression	0		2725153	1					
ANR	2725426	AndExpression	prect -> q . x == ( ( const gs_image3_t * ) pic ) -> Width && prect -> q . y == ( ( const gs_image3_t * ) pic ) -> Height		2725153	1		&&			
ANR	2725427	EqualityExpression	prect -> q . x == ( ( const gs_image3_t * ) pic ) -> Width		2725153	0		==			
ANR	2725428	MemberAccess	prect -> q . x		2725153	0					
ANR	2725429	PtrMemberAccess	prect -> q		2725153	0					
ANR	2725430	Identifier	prect		2725153	0					
ANR	2725431	Identifier	q		2725153	1					
ANR	2725432	Identifier	x		2725153	1					
ANR	2725433	PtrMemberAccess	( ( const gs_image3_t * ) pic ) -> Width		2725153	1					
ANR	2725434	CastExpression	( const gs_image3_t * ) pic		2725153	0					
ANR	2725435	CastTarget	const gs_image3_t *		2725153	0					
ANR	2725436	Identifier	pic		2725153	1					
ANR	2725437	Identifier	Width		2725153	1					
ANR	2725438	EqualityExpression	prect -> q . y == ( ( const gs_image3_t * ) pic ) -> Height		2725153	1		==			
ANR	2725439	MemberAccess	prect -> q . y		2725153	0					
ANR	2725440	PtrMemberAccess	prect -> q		2725153	0					
ANR	2725441	Identifier	prect		2725153	0					
ANR	2725442	Identifier	q		2725153	1					
ANR	2725443	Identifier	y		2725153	1					
ANR	2725444	PtrMemberAccess	( ( const gs_image3_t * ) pic ) -> Height		2725153	1					
ANR	2725445	CastExpression	( const gs_image3_t * ) pic		2725153	0					
ANR	2725446	CastTarget	const gs_image3_t *		2725153	0					
ANR	2725447	Identifier	pic		2725153	1					
ANR	2725448	Identifier	Height		2725153	1					
ANR	2725449	CompoundStatement		73:71:3024:3024	2725153	1					
ANR	2725450	ExpressionStatement	"gs_free ( mem -> non_gc_memory , image , 4 , sizeof ( image_union_t ) , ""pdf_begin_typed_image(image)"" )"	1042:12:44975:45113	2725153	0	True				
ANR	2725451	CallExpression	"gs_free ( mem -> non_gc_memory , image , 4 , sizeof ( image_union_t ) , ""pdf_begin_typed_image(image)"" )"		2725153	0					
ANR	2725452	Callee	gs_free		2725153	0					
ANR	2725453	Identifier	gs_free		2725153	0					
ANR	2725454	ArgumentList	mem -> non_gc_memory		2725153	1					
ANR	2725455	Argument	mem -> non_gc_memory		2725153	0					
ANR	2725456	PtrMemberAccess	mem -> non_gc_memory		2725153	0					
ANR	2725457	Identifier	mem		2725153	0					
ANR	2725458	Identifier	non_gc_memory		2725153	1					
ANR	2725459	Argument	image		2725153	1					
ANR	2725460	Identifier	image		2725153	0					
ANR	2725461	Argument	4		2725153	2					
ANR	2725462	PrimaryExpression	4		2725153	0					
ANR	2725463	Argument	sizeof ( image_union_t )		2725153	3					
ANR	2725464	SizeofExpression	sizeof ( image_union_t )		2725153	0					
ANR	2725465	Sizeof	sizeof		2725153	0					
ANR	2725466	SizeofOperand	image_union_t		2725153	1					
ANR	2725467	Argument	"""pdf_begin_typed_image(image)"""		2725153	4					
ANR	2725468	PrimaryExpression	"""pdf_begin_typed_image(image)"""		2725153	0					
ANR	2725469	ReturnStatement	"return ( gx_default_begin_typed_image ( ( gx_device * ) pdev , pgs , pmat , pic , prect , pdcolor , pcpath , mem , pinfo ) ) ;"	1044:12:45127:45251	2725153	1	True				
ANR	2725470	CallExpression	"gx_default_begin_typed_image ( ( gx_device * ) pdev , pgs , pmat , pic , prect , pdcolor , pcpath , mem , pinfo )"		2725153	0					
ANR	2725471	Callee	gx_default_begin_typed_image		2725153	0					
ANR	2725472	Identifier	gx_default_begin_typed_image		2725153	0					
ANR	2725473	ArgumentList	( gx_device * ) pdev		2725153	1					
ANR	2725474	Argument	( gx_device * ) pdev		2725153	0					
ANR	2725475	CastExpression	( gx_device * ) pdev		2725153	0					
ANR	2725476	CastTarget	gx_device *		2725153	0					
ANR	2725477	Identifier	pdev		2725153	1					
ANR	2725478	Argument	pgs		2725153	1					
ANR	2725479	Identifier	pgs		2725153	0					
ANR	2725480	Argument	pmat		2725153	2					
ANR	2725481	Identifier	pmat		2725153	0					
ANR	2725482	Argument	pic		2725153	3					
ANR	2725483	Identifier	pic		2725153	0					
ANR	2725484	Argument	prect		2725153	4					
ANR	2725485	Identifier	prect		2725153	0					
ANR	2725486	Argument	pdcolor		2725153	5					
ANR	2725487	Identifier	pdcolor		2725153	0					
ANR	2725488	Argument	pcpath		2725153	6					
ANR	2725489	Identifier	pcpath		2725153	0					
ANR	2725490	Argument	mem		2725153	7					
ANR	2725491	Identifier	mem		2725153	0					
ANR	2725492	Argument	pinfo		2725153	8					
ANR	2725493	Identifier	pinfo		2725153	0					
ANR	2725494	ExpressionStatement	"gs_free ( mem -> non_gc_memory , image , 4 , sizeof ( image_union_t ) , ""pdf_begin_typed_image(image)"" )"	1047:8:45271:45405	2725153	9	True				
ANR	2725495	CallExpression	"gs_free ( mem -> non_gc_memory , image , 4 , sizeof ( image_union_t ) , ""pdf_begin_typed_image(image)"" )"		2725153	0					
ANR	2725496	Callee	gs_free		2725153	0					
ANR	2725497	Identifier	gs_free		2725153	0					
ANR	2725498	ArgumentList	mem -> non_gc_memory		2725153	1					
ANR	2725499	Argument	mem -> non_gc_memory		2725153	0					
ANR	2725500	PtrMemberAccess	mem -> non_gc_memory		2725153	0					
ANR	2725501	Identifier	mem		2725153	0					
ANR	2725502	Identifier	non_gc_memory		2725153	1					
ANR	2725503	Argument	image		2725153	1					
ANR	2725504	Identifier	image		2725153	0					
ANR	2725505	Argument	4		2725153	2					
ANR	2725506	PrimaryExpression	4		2725153	0					
ANR	2725507	Argument	sizeof ( image_union_t )		2725153	3					
ANR	2725508	SizeofExpression	sizeof ( image_union_t )		2725153	0					
ANR	2725509	Sizeof	sizeof		2725153	0					
ANR	2725510	SizeofOperand	image_union_t		2725153	1					
ANR	2725511	Argument	"""pdf_begin_typed_image(image)"""		2725153	4					
ANR	2725512	PrimaryExpression	"""pdf_begin_typed_image(image)"""		2725153	0					
ANR	2725513	ReturnStatement	"return ( setup_type3_image ( pdev , pgs , pmat , pic , prect , pdcolor , pcpath , mem , pinfo , image ) ) ;"	1049:8:45415:45506	2725153	10	True				
ANR	2725514	CallExpression	"setup_type3_image ( pdev , pgs , pmat , pic , prect , pdcolor , pcpath , mem , pinfo , image )"		2725153	0					
ANR	2725515	Callee	setup_type3_image		2725153	0					
ANR	2725516	Identifier	setup_type3_image		2725153	0					
ANR	2725517	ArgumentList	pdev		2725153	1					
ANR	2725518	Argument	pdev		2725153	0					
ANR	2725519	Identifier	pdev		2725153	0					
ANR	2725520	Argument	pgs		2725153	1					
ANR	2725521	Identifier	pgs		2725153	0					
ANR	2725522	Argument	pmat		2725153	2					
ANR	2725523	Identifier	pmat		2725153	0					
ANR	2725524	Argument	pic		2725153	3					
ANR	2725525	Identifier	pic		2725153	0					
ANR	2725526	Argument	prect		2725153	4					
ANR	2725527	Identifier	prect		2725153	0					
ANR	2725528	Argument	pdcolor		2725153	5					
ANR	2725529	Identifier	pdcolor		2725153	0					
ANR	2725530	Argument	pcpath		2725153	6					
ANR	2725531	Identifier	pcpath		2725153	0					
ANR	2725532	Argument	mem		2725153	7					
ANR	2725533	Identifier	mem		2725153	0					
ANR	2725534	Argument	pinfo		2725153	8					
ANR	2725535	Identifier	pinfo		2725153	0					
ANR	2725536	Argument	image		2725153	9					
ANR	2725537	Identifier	image		2725153	0					
ANR	2725538	BreakStatement	break ;	1050:8:45516:45521	2725153	11	True				
ANR	2725539	Label	case IMAGE3X_IMAGETYPE :	1052:4:45528:45550	2725153	12	True				
ANR	2725540	Identifier	IMAGE3X_IMAGETYPE		2725153	0					
ANR	2725541	ExpressionStatement	pdev -> JPEG_PassThrough = 0	1053:8:45560:45586	2725153	13	True				
ANR	2725542	AssignmentExpression	pdev -> JPEG_PassThrough = 0		2725153	0		=			
ANR	2725543	PtrMemberAccess	pdev -> JPEG_PassThrough		2725153	0					
ANR	2725544	Identifier	pdev		2725153	0					
ANR	2725545	Identifier	JPEG_PassThrough		2725153	1					
ANR	2725546	PrimaryExpression	0		2725153	1					
ANR	2725547	ExpressionStatement	"gs_free ( mem -> non_gc_memory , image , 4 , sizeof ( image_union_t ) , ""pdf_begin_typed_image(image)"" )"	1054:8:45596:45734	2725153	14	True				
ANR	2725548	CallExpression	"gs_free ( mem -> non_gc_memory , image , 4 , sizeof ( image_union_t ) , ""pdf_begin_typed_image(image)"" )"		2725153	0					
ANR	2725549	Callee	gs_free		2725153	0					
ANR	2725550	Identifier	gs_free		2725153	0					
ANR	2725551	ArgumentList	mem -> non_gc_memory		2725153	1					
ANR	2725552	Argument	mem -> non_gc_memory		2725153	0					
ANR	2725553	PtrMemberAccess	mem -> non_gc_memory		2725153	0					
ANR	2725554	Identifier	mem		2725153	0					
ANR	2725555	Identifier	non_gc_memory		2725153	1					
ANR	2725556	Argument	image		2725153	1					
ANR	2725557	Identifier	image		2725153	0					
ANR	2725558	Argument	4		2725153	2					
ANR	2725559	PrimaryExpression	4		2725153	0					
ANR	2725560	Argument	sizeof ( image_union_t )		2725153	3					
ANR	2725561	SizeofExpression	sizeof ( image_union_t )		2725153	0					
ANR	2725562	Sizeof	sizeof		2725153	0					
ANR	2725563	SizeofOperand	image_union_t		2725153	1					
ANR	2725564	Argument	"""pdf_begin_typed_image(image)"""		2725153	4					
ANR	2725565	PrimaryExpression	"""pdf_begin_typed_image(image)"""		2725153	0					
ANR	2725566	IfStatement	if ( pdev -> CompatibilityLevel < 1.4 || ( prect && ! ( prect -> p . x == 0 && prect -> p . y == 0 && prect -> q . x == ( ( const gs_image3x_t * ) pic ) -> Width && prect -> q . y == ( ( const gs_image3x_t * ) pic ) -> Height ) ) )		2725153	15					
ANR	2725567	Condition	pdev -> CompatibilityLevel < 1.4 || ( prect && ! ( prect -> p . x == 0 && prect -> p . y == 0 && prect -> q . x == ( ( const gs_image3x_t * ) pic ) -> Width && prect -> q . y == ( ( const gs_image3x_t * ) pic ) -> Height ) )	1056:12:45748:45992	2725153	0	True				
ANR	2725568	OrExpression	pdev -> CompatibilityLevel < 1.4 || ( prect && ! ( prect -> p . x == 0 && prect -> p . y == 0 && prect -> q . x == ( ( const gs_image3x_t * ) pic ) -> Width && prect -> q . y == ( ( const gs_image3x_t * ) pic ) -> Height ) )		2725153	0		||			
ANR	2725569	RelationalExpression	pdev -> CompatibilityLevel < 1.4		2725153	0		<			
ANR	2725570	PtrMemberAccess	pdev -> CompatibilityLevel		2725153	0					
ANR	2725571	Identifier	pdev		2725153	0					
ANR	2725572	Identifier	CompatibilityLevel		2725153	1					
ANR	2725573	PrimaryExpression	1.4		2725153	1					
ANR	2725574	AndExpression	prect && ! ( prect -> p . x == 0 && prect -> p . y == 0 && prect -> q . x == ( ( const gs_image3x_t * ) pic ) -> Width && prect -> q . y == ( ( const gs_image3x_t * ) pic ) -> Height )		2725153	1		&&			
ANR	2725575	Identifier	prect		2725153	0					
ANR	2725576	UnaryOperationExpression	! ( prect -> p . x == 0 && prect -> p . y == 0 && prect -> q . x == ( ( const gs_image3x_t * ) pic ) -> Width && prect -> q . y == ( ( const gs_image3x_t * ) pic ) -> Height )		2725153	1					
ANR	2725577	UnaryOperator	!		2725153	0					
ANR	2725578	AndExpression	prect -> p . x == 0 && prect -> p . y == 0 && prect -> q . x == ( ( const gs_image3x_t * ) pic ) -> Width && prect -> q . y == ( ( const gs_image3x_t * ) pic ) -> Height		2725153	1		&&			
ANR	2725579	EqualityExpression	prect -> p . x == 0		2725153	0		==			
ANR	2725580	MemberAccess	prect -> p . x		2725153	0					
ANR	2725581	PtrMemberAccess	prect -> p		2725153	0					
ANR	2725582	Identifier	prect		2725153	0					
ANR	2725583	Identifier	p		2725153	1					
ANR	2725584	Identifier	x		2725153	1					
ANR	2725585	PrimaryExpression	0		2725153	1					
ANR	2725586	AndExpression	prect -> p . y == 0 && prect -> q . x == ( ( const gs_image3x_t * ) pic ) -> Width && prect -> q . y == ( ( const gs_image3x_t * ) pic ) -> Height		2725153	1		&&			
ANR	2725587	EqualityExpression	prect -> p . y == 0		2725153	0		==			
ANR	2725588	MemberAccess	prect -> p . y		2725153	0					
ANR	2725589	PtrMemberAccess	prect -> p		2725153	0					
ANR	2725590	Identifier	prect		2725153	0					
ANR	2725591	Identifier	p		2725153	1					
ANR	2725592	Identifier	y		2725153	1					
ANR	2725593	PrimaryExpression	0		2725153	1					
ANR	2725594	AndExpression	prect -> q . x == ( ( const gs_image3x_t * ) pic ) -> Width && prect -> q . y == ( ( const gs_image3x_t * ) pic ) -> Height		2725153	1		&&			
ANR	2725595	EqualityExpression	prect -> q . x == ( ( const gs_image3x_t * ) pic ) -> Width		2725153	0		==			
ANR	2725596	MemberAccess	prect -> q . x		2725153	0					
ANR	2725597	PtrMemberAccess	prect -> q		2725153	0					
ANR	2725598	Identifier	prect		2725153	0					
ANR	2725599	Identifier	q		2725153	1					
ANR	2725600	Identifier	x		2725153	1					
ANR	2725601	PtrMemberAccess	( ( const gs_image3x_t * ) pic ) -> Width		2725153	1					
ANR	2725602	CastExpression	( const gs_image3x_t * ) pic		2725153	0					
ANR	2725603	CastTarget	const gs_image3x_t *		2725153	0					
ANR	2725604	Identifier	pic		2725153	1					
ANR	2725605	Identifier	Width		2725153	1					
ANR	2725606	EqualityExpression	prect -> q . y == ( ( const gs_image3x_t * ) pic ) -> Height		2725153	1		==			
ANR	2725607	MemberAccess	prect -> q . y		2725153	0					
ANR	2725608	PtrMemberAccess	prect -> q		2725153	0					
ANR	2725609	Identifier	prect		2725153	0					
ANR	2725610	Identifier	q		2725153	1					
ANR	2725611	Identifier	y		2725153	1					
ANR	2725612	PtrMemberAccess	( ( const gs_image3x_t * ) pic ) -> Height		2725153	1					
ANR	2725613	CastExpression	( const gs_image3x_t * ) pic		2725153	0					
ANR	2725614	CastTarget	const gs_image3x_t *		2725153	0					
ANR	2725615	Identifier	pic		2725153	1					
ANR	2725616	Identifier	Height		2725153	1					
ANR	2725617	CompoundStatement		91:76:4058:4058	2725153	1					
ANR	2725618	ReturnStatement	"return ( gx_default_begin_typed_image ( ( gx_device * ) pdev , pgs , pmat , pic , prect , pdcolor , pcpath , mem , pinfo ) ) ;"	1060:12:46009:46133	2725153	0	True				
ANR	2725619	CallExpression	"gx_default_begin_typed_image ( ( gx_device * ) pdev , pgs , pmat , pic , prect , pdcolor , pcpath , mem , pinfo )"		2725153	0					
ANR	2725620	Callee	gx_default_begin_typed_image		2725153	0					
ANR	2725621	Identifier	gx_default_begin_typed_image		2725153	0					
ANR	2725622	ArgumentList	( gx_device * ) pdev		2725153	1					
ANR	2725623	Argument	( gx_device * ) pdev		2725153	0					
ANR	2725624	CastExpression	( gx_device * ) pdev		2725153	0					
ANR	2725625	CastTarget	gx_device *		2725153	0					
ANR	2725626	Identifier	pdev		2725153	1					
ANR	2725627	Argument	pgs		2725153	1					
ANR	2725628	Identifier	pgs		2725153	0					
ANR	2725629	Argument	pmat		2725153	2					
ANR	2725630	Identifier	pmat		2725153	0					
ANR	2725631	Argument	pic		2725153	3					
ANR	2725632	Identifier	pic		2725153	0					
ANR	2725633	Argument	prect		2725153	4					
ANR	2725634	Identifier	prect		2725153	0					
ANR	2725635	Argument	pdcolor		2725153	5					
ANR	2725636	Identifier	pdcolor		2725153	0					
ANR	2725637	Argument	pcpath		2725153	6					
ANR	2725638	Identifier	pcpath		2725153	0					
ANR	2725639	Argument	mem		2725153	7					
ANR	2725640	Identifier	mem		2725153	0					
ANR	2725641	Argument	pinfo		2725153	8					
ANR	2725642	Identifier	pinfo		2725153	0					
ANR	2725643	ExpressionStatement	pdev -> image_mask_is_SMask = true	1063:8:46153:46185	2725153	16	True				
ANR	2725644	AssignmentExpression	pdev -> image_mask_is_SMask = true		2725153	0		=			
ANR	2725645	PtrMemberAccess	pdev -> image_mask_is_SMask		2725153	0					
ANR	2725646	Identifier	pdev		2725153	0					
ANR	2725647	Identifier	image_mask_is_SMask		2725153	1					
ANR	2725648	Identifier	true		2725153	1					
ANR	2725649	ReturnStatement	"return gx_begin_image3x_generic ( ( gx_device * ) pdev , pgs , pmat , pic , prect , pdcolor , pcpath , mem , pdf_image3x_make_mid , pdf_image3x_make_mcde , pinfo ) ;"	1064:8:46195:46462	2725153	17	True				
ANR	2725650	CallExpression	"gx_begin_image3x_generic ( ( gx_device * ) pdev , pgs , pmat , pic , prect , pdcolor , pcpath , mem , pdf_image3x_make_mid , pdf_image3x_make_mcde , pinfo )"		2725153	0					
ANR	2725651	Callee	gx_begin_image3x_generic		2725153	0					
ANR	2725652	Identifier	gx_begin_image3x_generic		2725153	0					
ANR	2725653	ArgumentList	( gx_device * ) pdev		2725153	1					
ANR	2725654	Argument	( gx_device * ) pdev		2725153	0					
ANR	2725655	CastExpression	( gx_device * ) pdev		2725153	0					
ANR	2725656	CastTarget	gx_device *		2725153	0					
ANR	2725657	Identifier	pdev		2725153	1					
ANR	2725658	Argument	pgs		2725153	1					
ANR	2725659	Identifier	pgs		2725153	0					
ANR	2725660	Argument	pmat		2725153	2					
ANR	2725661	Identifier	pmat		2725153	0					
ANR	2725662	Argument	pic		2725153	3					
ANR	2725663	Identifier	pic		2725153	0					
ANR	2725664	Argument	prect		2725153	4					
ANR	2725665	Identifier	prect		2725153	0					
ANR	2725666	Argument	pdcolor		2725153	5					
ANR	2725667	Identifier	pdcolor		2725153	0					
ANR	2725668	Argument	pcpath		2725153	6					
ANR	2725669	Identifier	pcpath		2725153	0					
ANR	2725670	Argument	mem		2725153	7					
ANR	2725671	Identifier	mem		2725153	0					
ANR	2725672	Argument	pdf_image3x_make_mid		2725153	8					
ANR	2725673	Identifier	pdf_image3x_make_mid		2725153	0					
ANR	2725674	Argument	pdf_image3x_make_mcde		2725153	9					
ANR	2725675	Identifier	pdf_image3x_make_mcde		2725153	0					
ANR	2725676	Argument	pinfo		2725153	10					
ANR	2725677	Identifier	pinfo		2725153	0					
ANR	2725678	BreakStatement	break ;	1068:8:46472:46477	2725153	18	True				
ANR	2725679	Label	case 4 :	1070:4:46484:46490	2725153	19	True				
ANR	2725680	ExpressionStatement	pdev -> JPEG_PassThrough = 0	1071:8:46500:46526	2725153	20	True				
ANR	2725681	AssignmentExpression	pdev -> JPEG_PassThrough = 0		2725153	0		=			
ANR	2725682	PtrMemberAccess	pdev -> JPEG_PassThrough		2725153	0					
ANR	2725683	Identifier	pdev		2725153	0					
ANR	2725684	Identifier	JPEG_PassThrough		2725153	1					
ANR	2725685	PrimaryExpression	0		2725153	1					
ANR	2725686	ExpressionStatement	"code = convert_type4_image ( pdev , pgs , pmat , pic , prect , pdcolor , pcpath , mem , pinfo , context , image , pnamed )"	1072:8:46536:46666	2725153	21	True				
ANR	2725687	AssignmentExpression	"code = convert_type4_image ( pdev , pgs , pmat , pic , prect , pdcolor , pcpath , mem , pinfo , context , image , pnamed )"		2725153	0		=			
ANR	2725688	Identifier	code		2725153	0					
ANR	2725689	CallExpression	"convert_type4_image ( pdev , pgs , pmat , pic , prect , pdcolor , pcpath , mem , pinfo , context , image , pnamed )"		2725153	1					
ANR	2725690	Callee	convert_type4_image		2725153	0					
ANR	2725691	Identifier	convert_type4_image		2725153	0					
ANR	2725692	ArgumentList	pdev		2725153	1					
ANR	2725693	Argument	pdev		2725153	0					
ANR	2725694	Identifier	pdev		2725153	0					
ANR	2725695	Argument	pgs		2725153	1					
ANR	2725696	Identifier	pgs		2725153	0					
ANR	2725697	Argument	pmat		2725153	2					
ANR	2725698	Identifier	pmat		2725153	0					
ANR	2725699	Argument	pic		2725153	3					
ANR	2725700	Identifier	pic		2725153	0					
ANR	2725701	Argument	prect		2725153	4					
ANR	2725702	Identifier	prect		2725153	0					
ANR	2725703	Argument	pdcolor		2725153	5					
ANR	2725704	Identifier	pdcolor		2725153	0					
ANR	2725705	Argument	pcpath		2725153	6					
ANR	2725706	Identifier	pcpath		2725153	0					
ANR	2725707	Argument	mem		2725153	7					
ANR	2725708	Identifier	mem		2725153	0					
ANR	2725709	Argument	pinfo		2725153	8					
ANR	2725710	Identifier	pinfo		2725153	0					
ANR	2725711	Argument	context		2725153	9					
ANR	2725712	Identifier	context		2725153	0					
ANR	2725713	Argument	image		2725153	10					
ANR	2725714	Identifier	image		2725153	0					
ANR	2725715	Argument	pnamed		2725153	11					
ANR	2725716	Identifier	pnamed		2725153	0					
ANR	2725717	IfStatement	if ( code < 0 )		2725153	22					
ANR	2725718	Condition	code < 0	1074:12:46680:46687	2725153	0	True				
ANR	2725719	RelationalExpression	code < 0		2725153	0		<			
ANR	2725720	Identifier	code		2725153	0					
ANR	2725721	PrimaryExpression	0		2725153	1					
ANR	2725722	CompoundStatement		106:22:4753:4753	2725153	1					
ANR	2725723	ExpressionStatement	use_fallback = 1	1075:12:46704:46720	2725153	0	True				
ANR	2725724	AssignmentExpression	use_fallback = 1		2725153	0		=			
ANR	2725725	Identifier	use_fallback		2725153	0					
ANR	2725726	PrimaryExpression	1		2725153	1					
ANR	2725727	IfStatement	if ( code == 0 )		2725153	23					
ANR	2725728	Condition	code == 0	1077:12:46744:46752	2725153	0	True				
ANR	2725729	EqualityExpression	code == 0		2725153	0		==			
ANR	2725730	Identifier	code		2725153	0					
ANR	2725731	PrimaryExpression	0		2725153	1					
ANR	2725732	CompoundStatement		109:23:4818:4818	2725153	1					
ANR	2725733	ExpressionStatement	"gs_free ( mem -> non_gc_memory , image , 4 , sizeof ( image_union_t ) , ""pdf_begin_typed_image(image)"" )"	1078:12:46769:46911	2725153	0	True				
ANR	2725734	CallExpression	"gs_free ( mem -> non_gc_memory , image , 4 , sizeof ( image_union_t ) , ""pdf_begin_typed_image(image)"" )"		2725153	0					
ANR	2725735	Callee	gs_free		2725153	0					
ANR	2725736	Identifier	gs_free		2725153	0					
ANR	2725737	ArgumentList	mem -> non_gc_memory		2725153	1					
ANR	2725738	Argument	mem -> non_gc_memory		2725153	0					
ANR	2725739	PtrMemberAccess	mem -> non_gc_memory		2725153	0					
ANR	2725740	Identifier	mem		2725153	0					
ANR	2725741	Identifier	non_gc_memory		2725153	1					
ANR	2725742	Argument	image		2725153	1					
ANR	2725743	Identifier	image		2725153	0					
ANR	2725744	Argument	4		2725153	2					
ANR	2725745	PrimaryExpression	4		2725153	0					
ANR	2725746	Argument	sizeof ( image_union_t )		2725153	3					
ANR	2725747	SizeofExpression	sizeof ( image_union_t )		2725153	0					
ANR	2725748	Sizeof	sizeof		2725153	0					
ANR	2725749	SizeofOperand	image_union_t		2725153	1					
ANR	2725750	Argument	"""pdf_begin_typed_image(image)"""		2725153	4					
ANR	2725751	PrimaryExpression	"""pdf_begin_typed_image(image)"""		2725153	0					
ANR	2725752	ReturnStatement	return code ;	1080:12:46925:46936	2725153	1	True				
ANR	2725753	Identifier	code		2725153	0					
ANR	2725754	IfStatement	if ( pdev -> CompatibilityLevel < 1.2 )		2725153	24					
ANR	2725755	Condition	pdev -> CompatibilityLevel < 1.2	1083:12:47025:47054	2725153	0	True				
ANR	2725756	RelationalExpression	pdev -> CompatibilityLevel < 1.2		2725153	0		<			
ANR	2725757	PtrMemberAccess	pdev -> CompatibilityLevel		2725153	0					
ANR	2725758	Identifier	pdev		2725153	0					
ANR	2725759	Identifier	CompatibilityLevel		2725153	1					
ANR	2725760	PrimaryExpression	1.2		2725153	1					
ANR	2725761	CompoundStatement		115:44:5120:5120	2725153	1					
ANR	2725762	ExpressionStatement	use_fallback = 1	1084:12:47071:47087	2725153	0	True				
ANR	2725763	AssignmentExpression	use_fallback = 1		2725153	0		=			
ANR	2725764	Identifier	use_fallback		2725153	0					
ANR	2725765	PrimaryExpression	1		2725153	1					
ANR	2725766	IfStatement	if ( pdev -> CompatibilityLevel < 1.3 && ! pdev -> PatternImagemask )		2725153	25					
ANR	2725767	Condition	pdev -> CompatibilityLevel < 1.3 && ! pdev -> PatternImagemask	1086:12:47111:47167	2725153	0	True				
ANR	2725768	AndExpression	pdev -> CompatibilityLevel < 1.3 && ! pdev -> PatternImagemask		2725153	0		&&			
ANR	2725769	RelationalExpression	pdev -> CompatibilityLevel < 1.3		2725153	0		<			
ANR	2725770	PtrMemberAccess	pdev -> CompatibilityLevel		2725153	0					
ANR	2725771	Identifier	pdev		2725153	0					
ANR	2725772	Identifier	CompatibilityLevel		2725153	1					
ANR	2725773	PrimaryExpression	1.3		2725153	1					
ANR	2725774	UnaryOperationExpression	! pdev -> PatternImagemask		2725153	1					
ANR	2725775	UnaryOperator	!		2725153	0					
ANR	2725776	PtrMemberAccess	pdev -> PatternImagemask		2725153	1					
ANR	2725777	Identifier	pdev		2725153	0					
ANR	2725778	Identifier	PatternImagemask		2725153	1					
ANR	2725779	CompoundStatement		118:71:5233:5233	2725153	1					
ANR	2725780	ExpressionStatement	"gs_free ( mem -> non_gc_memory , image , 4 , sizeof ( image_union_t ) , ""pdf_begin_typed_image(image)"" )"	1087:12:47184:47326	2725153	0	True				
ANR	2725781	CallExpression	"gs_free ( mem -> non_gc_memory , image , 4 , sizeof ( image_union_t ) , ""pdf_begin_typed_image(image)"" )"		2725153	0					
ANR	2725782	Callee	gs_free		2725153	0					
ANR	2725783	Identifier	gs_free		2725153	0					
ANR	2725784	ArgumentList	mem -> non_gc_memory		2725153	1					
ANR	2725785	Argument	mem -> non_gc_memory		2725153	0					
ANR	2725786	PtrMemberAccess	mem -> non_gc_memory		2725153	0					
ANR	2725787	Identifier	mem		2725153	0					
ANR	2725788	Identifier	non_gc_memory		2725153	1					
ANR	2725789	Argument	image		2725153	1					
ANR	2725790	Identifier	image		2725153	0					
ANR	2725791	Argument	4		2725153	2					
ANR	2725792	PrimaryExpression	4		2725153	0					
ANR	2725793	Argument	sizeof ( image_union_t )		2725153	3					
ANR	2725794	SizeofExpression	sizeof ( image_union_t )		2725153	0					
ANR	2725795	Sizeof	sizeof		2725153	0					
ANR	2725796	SizeofOperand	image_union_t		2725153	1					
ANR	2725797	Argument	"""pdf_begin_typed_image(image)"""		2725153	4					
ANR	2725798	PrimaryExpression	"""pdf_begin_typed_image(image)"""		2725153	0					
ANR	2725799	ReturnStatement	"return ( convert_type4_to_masked_image ( pdev , pgs , pic , prect , pdcolor , pcpath , mem , pinfo ) ) ;"	1089:12:47340:47451	2725153	1	True				
ANR	2725800	CallExpression	"convert_type4_to_masked_image ( pdev , pgs , pic , prect , pdcolor , pcpath , mem , pinfo )"		2725153	0					
ANR	2725801	Callee	convert_type4_to_masked_image		2725153	0					
ANR	2725802	Identifier	convert_type4_to_masked_image		2725153	0					
ANR	2725803	ArgumentList	pdev		2725153	1					
ANR	2725804	Argument	pdev		2725153	0					
ANR	2725805	Identifier	pdev		2725153	0					
ANR	2725806	Argument	pgs		2725153	1					
ANR	2725807	Identifier	pgs		2725153	0					
ANR	2725808	Argument	pic		2725153	2					
ANR	2725809	Identifier	pic		2725153	0					
ANR	2725810	Argument	prect		2725153	3					
ANR	2725811	Identifier	prect		2725153	0					
ANR	2725812	Argument	pdcolor		2725153	4					
ANR	2725813	Identifier	pdcolor		2725153	0					
ANR	2725814	Argument	pcpath		2725153	5					
ANR	2725815	Identifier	pcpath		2725153	0					
ANR	2725816	Argument	mem		2725153	6					
ANR	2725817	Identifier	mem		2725153	0					
ANR	2725818	Argument	pinfo		2725153	7					
ANR	2725819	Identifier	pinfo		2725153	0					
ANR	2725820	ExpressionStatement	image [ 0 ] . type4 = * ( const gs_image4_t * ) pic	1092:8:47471:47513	2725153	26	True				
ANR	2725821	AssignmentExpression	image [ 0 ] . type4 = * ( const gs_image4_t * ) pic		2725153	0		=			
ANR	2725822	MemberAccess	image [ 0 ] . type4		2725153	0					
ANR	2725823	ArrayIndexing	image [ 0 ]		2725153	0					
ANR	2725824	Identifier	image		2725153	0					
ANR	2725825	PrimaryExpression	0		2725153	1					
ANR	2725826	Identifier	type4		2725153	1					
ANR	2725827	UnaryOperationExpression	* ( const gs_image4_t * ) pic		2725153	1					
ANR	2725828	UnaryOperator	*		2725153	0					
ANR	2725829	CastExpression	( const gs_image4_t * ) pic		2725153	1					
ANR	2725830	CastTarget	const gs_image4_t *		2725153	0					
ANR	2725831	Identifier	pic		2725153	1					
ANR	2725832	BreakStatement	break ;	1093:8:47523:47528	2725153	27	True				
ANR	2725833	Label	default :	1095:4:47535:47542	2725153	28	True				
ANR	2725834	Identifier	default		2725153	0					
ANR	2725835	ExpressionStatement	use_fallback = 1	1096:8:47552:47568	2725153	29	True				
ANR	2725836	AssignmentExpression	use_fallback = 1		2725153	0		=			
ANR	2725837	Identifier	use_fallback		2725153	0					
ANR	2725838	PrimaryExpression	1		2725153	1					
ANR	2725839	BreakStatement	break ;	1097:8:47578:47583	2725153	30	True				
ANR	2725840	ExpressionStatement	pim = ( const gs_pixel_image_t * ) pic	1100:4:47596:47631	2725153	21	True				
ANR	2725841	AssignmentExpression	pim = ( const gs_pixel_image_t * ) pic		2725153	0		=			
ANR	2725842	Identifier	pim		2725153	0					
ANR	2725843	CastExpression	( const gs_pixel_image_t * ) pic		2725153	1					
ANR	2725844	CastTarget	const gs_pixel_image_t *		2725153	0					
ANR	2725845	Identifier	pic		2725153	1					
ANR	2725846	ExpressionStatement	format = pim -> format	1101:4:47637:47657	2725153	22	True				
ANR	2725847	AssignmentExpression	format = pim -> format		2725153	0		=			
ANR	2725848	Identifier	format		2725153	0					
ANR	2725849	PtrMemberAccess	pim -> format		2725153	1					
ANR	2725850	Identifier	pim		2725153	0					
ANR	2725851	Identifier	format		2725153	1					
ANR	2725852	SwitchStatement	switch ( format )		2725153	23					
ANR	2725853	Condition	format	1102:12:47671:47676	2725153	0	True				
ANR	2725854	Identifier	format		2725153	0					
ANR	2725855	CompoundStatement		134:20:5742:5742	2725153	1					
ANR	2725856	Label	case gs_image_format_chunky :	1103:4:47685:47712	2725153	0	True				
ANR	2725857	Identifier	gs_image_format_chunky		2725153	0					
ANR	2725858	Label	case gs_image_format_component_planar :	1104:4:47718:47755	2725153	1	True				
ANR	2725859	Identifier	gs_image_format_component_planar		2725153	0					
ANR	2725860	BreakStatement	break ;	1105:8:47765:47770	2725153	2	True				
ANR	2725861	Label	default :	1106:4:47776:47783	2725153	3	True				
ANR	2725862	Identifier	default		2725153	0					
ANR	2725863	ExpressionStatement	use_fallback = 1	1107:8:47793:47809	2725153	4	True				
ANR	2725864	AssignmentExpression	use_fallback = 1		2725153	0		=			
ANR	2725865	Identifier	use_fallback		2725153	0					
ANR	2725866	PrimaryExpression	1		2725153	1					
ANR	2725867	IfStatement	if ( pim -> Width == 0 || pim -> Height == 0 )		2725153	24					
ANR	2725868	Condition	pim -> Width == 0 || pim -> Height == 0	1110:8:47891:47925	2725153	0	True				
ANR	2725869	OrExpression	pim -> Width == 0 || pim -> Height == 0		2725153	0		||			
ANR	2725870	EqualityExpression	pim -> Width == 0		2725153	0		==			
ANR	2725871	PtrMemberAccess	pim -> Width		2725153	0					
ANR	2725872	Identifier	pim		2725153	0					
ANR	2725873	Identifier	Width		2725153	1					
ANR	2725874	PrimaryExpression	0		2725153	1					
ANR	2725875	EqualityExpression	pim -> Height == 0		2725153	1		==			
ANR	2725876	PtrMemberAccess	pim -> Height		2725153	0					
ANR	2725877	Identifier	pim		2725153	0					
ANR	2725878	Identifier	Height		2725153	1					
ANR	2725879	PrimaryExpression	0		2725153	1					
ANR	2725880	ExpressionStatement	use_fallback = 1	1111:8:47936:47952	2725153	1	True				
ANR	2725881	AssignmentExpression	use_fallback = 1		2725153	0		=			
ANR	2725882	Identifier	use_fallback		2725153	0					
ANR	2725883	PrimaryExpression	1		2725153	1					
ANR	2725884	SwitchStatement	switch ( pim -> BitsPerComponent )		2725153	25					
ANR	2725885	Condition	pim -> BitsPerComponent	1113:12:48040:48060	2725153	0	True				
ANR	2725886	PtrMemberAccess	pim -> BitsPerComponent		2725153	0					
ANR	2725887	Identifier	pim		2725153	0					
ANR	2725888	Identifier	BitsPerComponent		2725153	1					
ANR	2725889	CompoundStatement		145:35:6126:6126	2725153	1					
ANR	2725890	Label	case 1 :	1114:8:48073:48079	2725153	0	True				
ANR	2725891	Label	case 2 :	1115:8:48089:48095	2725153	1	True				
ANR	2725892	Label	case 4 :	1116:8:48105:48111	2725153	2	True				
ANR	2725893	Label	case 8 :	1117:8:48121:48127	2725153	3	True				
ANR	2725894	BreakStatement	break ;	1118:12:48141:48146	2725153	4	True				
ANR	2725895	Label	case 12 :	1119:8:48156:48163	2725153	5	True				
ANR	2725896	Label	case 16 :	1120:8:48173:48180	2725153	6	True				
ANR	2725897	BreakStatement	break ;	1121:12:48194:48199	2725153	7	True				
ANR	2725898	Label	default :	1122:8:48209:48216	2725153	8	True				
ANR	2725899	Identifier	default		2725153	0					
ANR	2725900	ExpressionStatement	"gs_free ( mem -> non_gc_memory , image , 4 , sizeof ( image_union_t ) , ""pdf_begin_typed_image(image)"" )"	1123:12:48230:48368	2725153	9	True				
ANR	2725901	CallExpression	"gs_free ( mem -> non_gc_memory , image , 4 , sizeof ( image_union_t ) , ""pdf_begin_typed_image(image)"" )"		2725153	0					
ANR	2725902	Callee	gs_free		2725153	0					
ANR	2725903	Identifier	gs_free		2725153	0					
ANR	2725904	ArgumentList	mem -> non_gc_memory		2725153	1					
ANR	2725905	Argument	mem -> non_gc_memory		2725153	0					
ANR	2725906	PtrMemberAccess	mem -> non_gc_memory		2725153	0					
ANR	2725907	Identifier	mem		2725153	0					
ANR	2725908	Identifier	non_gc_memory		2725153	1					
ANR	2725909	Argument	image		2725153	1					
ANR	2725910	Identifier	image		2725153	0					
ANR	2725911	Argument	4		2725153	2					
ANR	2725912	PrimaryExpression	4		2725153	0					
ANR	2725913	Argument	sizeof ( image_union_t )		2725153	3					
ANR	2725914	SizeofExpression	sizeof ( image_union_t )		2725153	0					
ANR	2725915	Sizeof	sizeof		2725153	0					
ANR	2725916	SizeofOperand	image_union_t		2725153	1					
ANR	2725917	Argument	"""pdf_begin_typed_image(image)"""		2725153	4					
ANR	2725918	PrimaryExpression	"""pdf_begin_typed_image(image)"""		2725153	0					
ANR	2725919	ExpressionStatement	return_error ( gs_error_rangecheck )	1125:12:48382:48415	2725153	10	True				
ANR	2725920	CallExpression	return_error ( gs_error_rangecheck )		2725153	0					
ANR	2725921	Callee	return_error		2725153	0					
ANR	2725922	Identifier	return_error		2725153	0					
ANR	2725923	ArgumentList	gs_error_rangecheck		2725153	1					
ANR	2725924	Argument	gs_error_rangecheck		2725153	0					
ANR	2725925	Identifier	gs_error_rangecheck		2725153	0					
ANR	2725926	IfStatement	if ( prect )		2725153	26					
ANR	2725927	Condition	prect	1127:8:48431:48435	2725153	0	True				
ANR	2725928	Identifier	prect		2725153	0					
ANR	2725929	ExpressionStatement	rect = * prect	1128:8:48446:48459	2725153	1	True				
ANR	2725930	AssignmentExpression	rect = * prect		2725153	0		=			
ANR	2725931	Identifier	rect		2725153	0					
ANR	2725932	UnaryOperationExpression	* prect		2725153	1					
ANR	2725933	UnaryOperator	*		2725153	0					
ANR	2725934	Identifier	prect		2725153	1					
ANR	2725935	ElseStatement	else		2725153	0					
ANR	2725936	CompoundStatement		161:9:6533:6533	2725153	0					
ANR	2725937	ExpressionStatement	rect . p . x = rect . p . y = 0	1130:8:48480:48503	2725153	0	True				
ANR	2725938	AssignmentExpression	rect . p . x = rect . p . y = 0		2725153	0		=			
ANR	2725939	MemberAccess	rect . p . x		2725153	0					
ANR	2725940	MemberAccess	rect . p		2725153	0					
ANR	2725941	Identifier	rect		2725153	0					
ANR	2725942	Identifier	p		2725153	1					
ANR	2725943	Identifier	x		2725153	1					
ANR	2725944	AssignmentExpression	rect . p . y = 0		2725153	1		=			
ANR	2725945	MemberAccess	rect . p . y		2725153	0					
ANR	2725946	MemberAccess	rect . p		2725153	0					
ANR	2725947	Identifier	rect		2725153	0					
ANR	2725948	Identifier	p		2725153	1					
ANR	2725949	Identifier	y		2725153	1					
ANR	2725950	PrimaryExpression	0		2725153	1					
ANR	2725951	ExpressionStatement	"rect . q . x = pim -> Width , rect . q . y = pim -> Height"	1131:8:48513:48558	2725153	1	True				
ANR	2725952	Expression	"rect . q . x = pim -> Width , rect . q . y = pim -> Height"		2725153	0					
ANR	2725953	AssignmentExpression	rect . q . x = pim -> Width		2725153	0		=			
ANR	2725954	MemberAccess	rect . q . x		2725153	0					
ANR	2725955	MemberAccess	rect . q		2725153	0					
ANR	2725956	Identifier	rect		2725153	0					
ANR	2725957	Identifier	q		2725153	1					
ANR	2725958	Identifier	x		2725153	1					
ANR	2725959	PtrMemberAccess	pim -> Width		2725153	1					
ANR	2725960	Identifier	pim		2725153	0					
ANR	2725961	Identifier	Width		2725153	1					
ANR	2725962	AssignmentExpression	rect . q . y = pim -> Height		2725153	1		=			
ANR	2725963	MemberAccess	rect . q . y		2725153	0					
ANR	2725964	MemberAccess	rect . q		2725153	0					
ANR	2725965	Identifier	rect		2725153	0					
ANR	2725966	Identifier	q		2725153	1					
ANR	2725967	Identifier	y		2725153	1					
ANR	2725968	PtrMemberAccess	pim -> Height		2725153	1					
ANR	2725969	Identifier	pim		2725153	0					
ANR	2725970	Identifier	Height		2725153	1					
ANR	2725971	IfStatement	if ( rect . p . x != 0 || rect . p . y != 0 || rect . q . x != pim -> Width || rect . q . y != pim -> Height || ( is_mask && pim -> CombineWithColor ) )		2725153	27					
ANR	2725972	Condition	rect . p . x != 0 || rect . p . y != 0 || rect . q . x != pim -> Width || rect . q . y != pim -> Height || ( is_mask && pim -> CombineWithColor )	1133:8:48574:48710	2725153	0	True				
ANR	2725973	OrExpression	rect . p . x != 0 || rect . p . y != 0 || rect . q . x != pim -> Width || rect . q . y != pim -> Height || ( is_mask && pim -> CombineWithColor )		2725153	0		||			
ANR	2725974	EqualityExpression	rect . p . x != 0		2725153	0		!=			
ANR	2725975	MemberAccess	rect . p . x		2725153	0					
ANR	2725976	MemberAccess	rect . p		2725153	0					
ANR	2725977	Identifier	rect		2725153	0					
ANR	2725978	Identifier	p		2725153	1					
ANR	2725979	Identifier	x		2725153	1					
ANR	2725980	PrimaryExpression	0		2725153	1					
ANR	2725981	OrExpression	rect . p . y != 0 || rect . q . x != pim -> Width || rect . q . y != pim -> Height || ( is_mask && pim -> CombineWithColor )		2725153	1		||			
ANR	2725982	EqualityExpression	rect . p . y != 0		2725153	0		!=			
ANR	2725983	MemberAccess	rect . p . y		2725153	0					
ANR	2725984	MemberAccess	rect . p		2725153	0					
ANR	2725985	Identifier	rect		2725153	0					
ANR	2725986	Identifier	p		2725153	1					
ANR	2725987	Identifier	y		2725153	1					
ANR	2725988	PrimaryExpression	0		2725153	1					
ANR	2725989	OrExpression	rect . q . x != pim -> Width || rect . q . y != pim -> Height || ( is_mask && pim -> CombineWithColor )		2725153	1		||			
ANR	2725990	EqualityExpression	rect . q . x != pim -> Width		2725153	0		!=			
ANR	2725991	MemberAccess	rect . q . x		2725153	0					
ANR	2725992	MemberAccess	rect . q		2725153	0					
ANR	2725993	Identifier	rect		2725153	0					
ANR	2725994	Identifier	q		2725153	1					
ANR	2725995	Identifier	x		2725153	1					
ANR	2725996	PtrMemberAccess	pim -> Width		2725153	1					
ANR	2725997	Identifier	pim		2725153	0					
ANR	2725998	Identifier	Width		2725153	1					
ANR	2725999	OrExpression	rect . q . y != pim -> Height || ( is_mask && pim -> CombineWithColor )		2725153	1		||			
ANR	2726000	EqualityExpression	rect . q . y != pim -> Height		2725153	0		!=			
ANR	2726001	MemberAccess	rect . q . y		2725153	0					
ANR	2726002	MemberAccess	rect . q		2725153	0					
ANR	2726003	Identifier	rect		2725153	0					
ANR	2726004	Identifier	q		2725153	1					
ANR	2726005	Identifier	y		2725153	1					
ANR	2726006	PtrMemberAccess	pim -> Height		2725153	1					
ANR	2726007	Identifier	pim		2725153	0					
ANR	2726008	Identifier	Height		2725153	1					
ANR	2726009	AndExpression	is_mask && pim -> CombineWithColor		2725153	1		&&			
ANR	2726010	Identifier	is_mask		2725153	0					
ANR	2726011	PtrMemberAccess	pim -> CombineWithColor		2725153	1					
ANR	2726012	Identifier	pim		2725153	0					
ANR	2726013	Identifier	CombineWithColor		2725153	1					
ANR	2726014	ExpressionStatement	use_fallback = 1	1136:8:48721:48737	2725153	1	True				
ANR	2726015	AssignmentExpression	use_fallback = 1		2725153	0		=			
ANR	2726016	Identifier	use_fallback		2725153	0					
ANR	2726017	PrimaryExpression	1		2725153	1					
ANR	2726018	IfStatement	if ( pdev -> Eps2Write )		2725153	28					
ANR	2726019	Condition	pdev -> Eps2Write	1138:8:48748:48762	2725153	0	True				
ANR	2726020	PtrMemberAccess	pdev -> Eps2Write		2725153	0					
ANR	2726021	Identifier	pdev		2725153	0					
ANR	2726022	Identifier	Eps2Write		2725153	1					
ANR	2726023	CompoundStatement		175:8:6976:6989	2725153	1					
ANR	2726024	IdentifierDeclStatement	"gs_rect sbox , dbox , * Box ;"	1139:8:48775:48799	2725153	0	True				
ANR	2726025	IdentifierDecl	sbox		2725153	0					
ANR	2726026	IdentifierDeclType	gs_rect		2725153	0					
ANR	2726027	Identifier	sbox		2725153	1					
ANR	2726028	IdentifierDecl	dbox		2725153	1					
ANR	2726029	IdentifierDeclType	gs_rect		2725153	0					
ANR	2726030	Identifier	dbox		2725153	1					
ANR	2726031	IdentifierDecl	* Box		2725153	2					
ANR	2726032	IdentifierDeclType	gs_rect *		2725153	0					
ANR	2726033	Identifier	Box		2725153	1					
ANR	2726034	IdentifierDeclStatement	gs_point corners [ 4 ] ;	1140:8:48809:48828	2725153	1	True				
ANR	2726035	IdentifierDecl	corners [ 4 ]		2725153	0					
ANR	2726036	IdentifierDeclType	gs_point [ 4 ]		2725153	0					
ANR	2726037	Identifier	corners		2725153	1					
ANR	2726038	PrimaryExpression	4		2725153	2					
ANR	2726039	IdentifierDeclStatement	gs_fixed_rect ibox ;	1141:8:48838:48856	2725153	2	True				
ANR	2726040	IdentifierDecl	ibox		2725153	0					
ANR	2726041	IdentifierDeclType	gs_fixed_rect		2725153	0					
ANR	2726042	Identifier	ibox		2725153	1					
ANR	2726043	IdentifierDeclStatement	gs_matrix * pmat1 = ( gs_matrix * ) pmat ;	1142:8:48866:48903	2725153	3	True				
ANR	2726044	IdentifierDecl	* pmat1 = ( gs_matrix * ) pmat		2725153	0					
ANR	2726045	IdentifierDeclType	gs_matrix *		2725153	0					
ANR	2726046	Identifier	pmat1		2725153	1					
ANR	2726047	AssignmentExpression	* pmat1 = ( gs_matrix * ) pmat		2725153	2		=			
ANR	2726048	Identifier	pmat1		2725153	0					
ANR	2726049	CastExpression	( gs_matrix * ) pmat		2725153	1					
ANR	2726050	CastTarget	gs_matrix *		2725153	0					
ANR	2726051	Identifier	pmat		2725153	1					
ANR	2726052	IdentifierDeclStatement	gs_matrix mat ;	1143:8:48913:48926	2725153	4	True				
ANR	2726053	IdentifierDecl	mat		2725153	0					
ANR	2726054	IdentifierDeclType	gs_matrix		2725153	0					
ANR	2726055	Identifier	mat		2725153	1					
ANR	2726056	IfStatement	if ( ! pdev -> accumulating_charproc )		2725153	5					
ANR	2726057	Condition	! pdev -> accumulating_charproc	1145:12:48941:48968	2725153	0	True				
ANR	2726058	UnaryOperationExpression	! pdev -> accumulating_charproc		2725153	0					
ANR	2726059	UnaryOperator	!		2725153	0					
ANR	2726060	PtrMemberAccess	pdev -> accumulating_charproc		2725153	1					
ANR	2726061	Identifier	pdev		2725153	0					
ANR	2726062	Identifier	accumulating_charproc		2725153	1					
ANR	2726063	ExpressionStatement	Box = & pdev -> BBox	1146:12:48983:49000	2725153	1	True				
ANR	2726064	AssignmentExpression	Box = & pdev -> BBox		2725153	0		=			
ANR	2726065	Identifier	Box		2725153	0					
ANR	2726066	UnaryOperationExpression	& pdev -> BBox		2725153	1					
ANR	2726067	UnaryOperator	&		2725153	0					
ANR	2726068	PtrMemberAccess	pdev -> BBox		2725153	1					
ANR	2726069	Identifier	pdev		2725153	0					
ANR	2726070	Identifier	BBox		2725153	1					
ANR	2726071	ElseStatement	else		2725153	0					
ANR	2726072	ExpressionStatement	Box = & pdev -> charproc_BBox	1148:12:49027:49053	2725153	0	True				
ANR	2726073	AssignmentExpression	Box = & pdev -> charproc_BBox		2725153	0		=			
ANR	2726074	Identifier	Box		2725153	0					
ANR	2726075	UnaryOperationExpression	& pdev -> charproc_BBox		2725153	1					
ANR	2726076	UnaryOperator	&		2725153	0					
ANR	2726077	PtrMemberAccess	pdev -> charproc_BBox		2725153	1					
ANR	2726078	Identifier	pdev		2725153	0					
ANR	2726079	Identifier	charproc_BBox		2725153	1					
ANR	2726080	IfStatement	if ( pmat1 == 0 )		2725153	6					
ANR	2726081	Condition	pmat1 == 0	1149:12:49067:49076	2725153	0	True				
ANR	2726082	EqualityExpression	pmat1 == 0		2725153	0		==			
ANR	2726083	Identifier	pmat1		2725153	0					
ANR	2726084	PrimaryExpression	0		2725153	1					
ANR	2726085	ExpressionStatement	pmat1 = ( gs_matrix * ) & ctm_only ( pgs )	1150:12:49091:49126	2725153	1	True				
ANR	2726086	AssignmentExpression	pmat1 = ( gs_matrix * ) & ctm_only ( pgs )		2725153	0		=			
ANR	2726087	Identifier	pmat1		2725153	0					
ANR	2726088	CastExpression	( gs_matrix * ) & ctm_only ( pgs )		2725153	1					
ANR	2726089	CastTarget	gs_matrix *		2725153	0					
ANR	2726090	UnaryOperationExpression	& ctm_only ( pgs )		2725153	1					
ANR	2726091	UnaryOperator	&		2725153	0					
ANR	2726092	CallExpression	ctm_only ( pgs )		2725153	1					
ANR	2726093	Callee	ctm_only		2725153	0					
ANR	2726094	Identifier	ctm_only		2725153	0					
ANR	2726095	ArgumentList	pgs		2725153	1					
ANR	2726096	Argument	pgs		2725153	0					
ANR	2726097	Identifier	pgs		2725153	0					
ANR	2726098	IfStatement	"if ( ( code = gs_matrix_invert ( & pic -> ImageMatrix , & mat ) ) < 0 || ( code = gs_matrix_multiply ( & mat , pmat1 , & mat ) ) < 0 )"		2725153	7					
ANR	2726099	Condition	"( code = gs_matrix_invert ( & pic -> ImageMatrix , & mat ) ) < 0 || ( code = gs_matrix_multiply ( & mat , pmat1 , & mat ) ) < 0"	1151:12:49140:49259	2725153	0	True				
ANR	2726100	OrExpression	"( code = gs_matrix_invert ( & pic -> ImageMatrix , & mat ) ) < 0 || ( code = gs_matrix_multiply ( & mat , pmat1 , & mat ) ) < 0"		2725153	0		||			
ANR	2726101	RelationalExpression	"( code = gs_matrix_invert ( & pic -> ImageMatrix , & mat ) ) < 0"		2725153	0		<			
ANR	2726102	AssignmentExpression	"code = gs_matrix_invert ( & pic -> ImageMatrix , & mat )"		2725153	0		=			
ANR	2726103	Identifier	code		2725153	0					
ANR	2726104	CallExpression	"gs_matrix_invert ( & pic -> ImageMatrix , & mat )"		2725153	1					
ANR	2726105	Callee	gs_matrix_invert		2725153	0					
ANR	2726106	Identifier	gs_matrix_invert		2725153	0					
ANR	2726107	ArgumentList	& pic -> ImageMatrix		2725153	1					
ANR	2726108	Argument	& pic -> ImageMatrix		2725153	0					
ANR	2726109	UnaryOperationExpression	& pic -> ImageMatrix		2725153	0					
ANR	2726110	UnaryOperator	&		2725153	0					
ANR	2726111	PtrMemberAccess	pic -> ImageMatrix		2725153	1					
ANR	2726112	Identifier	pic		2725153	0					
ANR	2726113	Identifier	ImageMatrix		2725153	1					
ANR	2726114	Argument	& mat		2725153	1					
ANR	2726115	UnaryOperationExpression	& mat		2725153	0					
ANR	2726116	UnaryOperator	&		2725153	0					
ANR	2726117	Identifier	mat		2725153	1					
ANR	2726118	PrimaryExpression	0		2725153	1					
ANR	2726119	RelationalExpression	"( code = gs_matrix_multiply ( & mat , pmat1 , & mat ) ) < 0"		2725153	1		<			
ANR	2726120	AssignmentExpression	"code = gs_matrix_multiply ( & mat , pmat1 , & mat )"		2725153	0		=			
ANR	2726121	Identifier	code		2725153	0					
ANR	2726122	CallExpression	"gs_matrix_multiply ( & mat , pmat1 , & mat )"		2725153	1					
ANR	2726123	Callee	gs_matrix_multiply		2725153	0					
ANR	2726124	Identifier	gs_matrix_multiply		2725153	0					
ANR	2726125	ArgumentList	& mat		2725153	1					
ANR	2726126	Argument	& mat		2725153	0					
ANR	2726127	UnaryOperationExpression	& mat		2725153	0					
ANR	2726128	UnaryOperator	&		2725153	0					
ANR	2726129	Identifier	mat		2725153	1					
ANR	2726130	Argument	pmat1		2725153	1					
ANR	2726131	Identifier	pmat1		2725153	0					
ANR	2726132	Argument	& mat		2725153	2					
ANR	2726133	UnaryOperationExpression	& mat		2725153	0					
ANR	2726134	UnaryOperator	&		2725153	0					
ANR	2726135	Identifier	mat		2725153	1					
ANR	2726136	PrimaryExpression	0		2725153	1					
ANR	2726137	ReturnStatement	return code ;	1153:12:49274:49285	2725153	1	True				
ANR	2726138	Identifier	code		2725153	0					
ANR	2726139	ExpressionStatement	sbox . p . x = rect . p . x	1154:8:49295:49314	2725153	8	True				
ANR	2726140	AssignmentExpression	sbox . p . x = rect . p . x		2725153	0		=			
ANR	2726141	MemberAccess	sbox . p . x		2725153	0					
ANR	2726142	MemberAccess	sbox . p		2725153	0					
ANR	2726143	Identifier	sbox		2725153	0					
ANR	2726144	Identifier	p		2725153	1					
ANR	2726145	Identifier	x		2725153	1					
ANR	2726146	MemberAccess	rect . p . x		2725153	1					
ANR	2726147	MemberAccess	rect . p		2725153	0					
ANR	2726148	Identifier	rect		2725153	0					
ANR	2726149	Identifier	p		2725153	1					
ANR	2726150	Identifier	x		2725153	1					
ANR	2726151	ExpressionStatement	sbox . p . y = rect . p . y	1155:8:49324:49343	2725153	9	True				
ANR	2726152	AssignmentExpression	sbox . p . y = rect . p . y		2725153	0		=			
ANR	2726153	MemberAccess	sbox . p . y		2725153	0					
ANR	2726154	MemberAccess	sbox . p		2725153	0					
ANR	2726155	Identifier	sbox		2725153	0					
ANR	2726156	Identifier	p		2725153	1					
ANR	2726157	Identifier	y		2725153	1					
ANR	2726158	MemberAccess	rect . p . y		2725153	1					
ANR	2726159	MemberAccess	rect . p		2725153	0					
ANR	2726160	Identifier	rect		2725153	0					
ANR	2726161	Identifier	p		2725153	1					
ANR	2726162	Identifier	y		2725153	1					
ANR	2726163	ExpressionStatement	sbox . q . x = rect . q . x	1156:8:49353:49372	2725153	10	True				
ANR	2726164	AssignmentExpression	sbox . q . x = rect . q . x		2725153	0		=			
ANR	2726165	MemberAccess	sbox . q . x		2725153	0					
ANR	2726166	MemberAccess	sbox . q		2725153	0					
ANR	2726167	Identifier	sbox		2725153	0					
ANR	2726168	Identifier	q		2725153	1					
ANR	2726169	Identifier	x		2725153	1					
ANR	2726170	MemberAccess	rect . q . x		2725153	1					
ANR	2726171	MemberAccess	rect . q		2725153	0					
ANR	2726172	Identifier	rect		2725153	0					
ANR	2726173	Identifier	q		2725153	1					
ANR	2726174	Identifier	x		2725153	1					
ANR	2726175	ExpressionStatement	sbox . q . y = rect . q . y	1157:8:49382:49401	2725153	11	True				
ANR	2726176	AssignmentExpression	sbox . q . y = rect . q . y		2725153	0		=			
ANR	2726177	MemberAccess	sbox . q . y		2725153	0					
ANR	2726178	MemberAccess	sbox . q		2725153	0					
ANR	2726179	Identifier	sbox		2725153	0					
ANR	2726180	Identifier	q		2725153	1					
ANR	2726181	Identifier	y		2725153	1					
ANR	2726182	MemberAccess	rect . q . y		2725153	1					
ANR	2726183	MemberAccess	rect . q		2725153	0					
ANR	2726184	Identifier	rect		2725153	0					
ANR	2726185	Identifier	q		2725153	1					
ANR	2726186	Identifier	y		2725153	1					
ANR	2726187	ExpressionStatement	"gs_bbox_transform_only ( & sbox , & mat , corners )"	1158:8:49411:49455	2725153	12	True				
ANR	2726188	CallExpression	"gs_bbox_transform_only ( & sbox , & mat , corners )"		2725153	0					
ANR	2726189	Callee	gs_bbox_transform_only		2725153	0					
ANR	2726190	Identifier	gs_bbox_transform_only		2725153	0					
ANR	2726191	ArgumentList	& sbox		2725153	1					
ANR	2726192	Argument	& sbox		2725153	0					
ANR	2726193	UnaryOperationExpression	& sbox		2725153	0					
ANR	2726194	UnaryOperator	&		2725153	0					
ANR	2726195	Identifier	sbox		2725153	1					
ANR	2726196	Argument	& mat		2725153	1					
ANR	2726197	UnaryOperationExpression	& mat		2725153	0					
ANR	2726198	UnaryOperator	&		2725153	0					
ANR	2726199	Identifier	mat		2725153	1					
ANR	2726200	Argument	corners		2725153	2					
ANR	2726201	Identifier	corners		2725153	0					
ANR	2726202	ExpressionStatement	"gs_points_bbox ( corners , & dbox )"	1159:8:49465:49495	2725153	13	True				
ANR	2726203	CallExpression	"gs_points_bbox ( corners , & dbox )"		2725153	0					
ANR	2726204	Callee	gs_points_bbox		2725153	0					
ANR	2726205	Identifier	gs_points_bbox		2725153	0					
ANR	2726206	ArgumentList	corners		2725153	1					
ANR	2726207	Argument	corners		2725153	0					
ANR	2726208	Identifier	corners		2725153	0					
ANR	2726209	Argument	& dbox		2725153	1					
ANR	2726210	UnaryOperationExpression	& dbox		2725153	0					
ANR	2726211	UnaryOperator	&		2725153	0					
ANR	2726212	Identifier	dbox		2725153	1					
ANR	2726213	ExpressionStatement	ibox . p . x = float2fixed ( dbox . p . x )	1160:8:49505:49537	2725153	14	True				
ANR	2726214	AssignmentExpression	ibox . p . x = float2fixed ( dbox . p . x )		2725153	0		=			
ANR	2726215	MemberAccess	ibox . p . x		2725153	0					
ANR	2726216	MemberAccess	ibox . p		2725153	0					
ANR	2726217	Identifier	ibox		2725153	0					
ANR	2726218	Identifier	p		2725153	1					
ANR	2726219	Identifier	x		2725153	1					
ANR	2726220	CallExpression	float2fixed ( dbox . p . x )		2725153	1					
ANR	2726221	Callee	float2fixed		2725153	0					
ANR	2726222	Identifier	float2fixed		2725153	0					
ANR	2726223	ArgumentList	dbox . p . x		2725153	1					
ANR	2726224	Argument	dbox . p . x		2725153	0					
ANR	2726225	MemberAccess	dbox . p . x		2725153	0					
ANR	2726226	MemberAccess	dbox . p		2725153	0					
ANR	2726227	Identifier	dbox		2725153	0					
ANR	2726228	Identifier	p		2725153	1					
ANR	2726229	Identifier	x		2725153	1					
ANR	2726230	ExpressionStatement	ibox . p . y = float2fixed ( dbox . p . y )	1161:8:49547:49579	2725153	15	True				
ANR	2726231	AssignmentExpression	ibox . p . y = float2fixed ( dbox . p . y )		2725153	0		=			
ANR	2726232	MemberAccess	ibox . p . y		2725153	0					
ANR	2726233	MemberAccess	ibox . p		2725153	0					
ANR	2726234	Identifier	ibox		2725153	0					
ANR	2726235	Identifier	p		2725153	1					
ANR	2726236	Identifier	y		2725153	1					
ANR	2726237	CallExpression	float2fixed ( dbox . p . y )		2725153	1					
ANR	2726238	Callee	float2fixed		2725153	0					
ANR	2726239	Identifier	float2fixed		2725153	0					
ANR	2726240	ArgumentList	dbox . p . y		2725153	1					
ANR	2726241	Argument	dbox . p . y		2725153	0					
ANR	2726242	MemberAccess	dbox . p . y		2725153	0					
ANR	2726243	MemberAccess	dbox . p		2725153	0					
ANR	2726244	Identifier	dbox		2725153	0					
ANR	2726245	Identifier	p		2725153	1					
ANR	2726246	Identifier	y		2725153	1					
ANR	2726247	ExpressionStatement	ibox . q . x = float2fixed ( dbox . q . x )	1162:8:49589:49621	2725153	16	True				
ANR	2726248	AssignmentExpression	ibox . q . x = float2fixed ( dbox . q . x )		2725153	0		=			
ANR	2726249	MemberAccess	ibox . q . x		2725153	0					
ANR	2726250	MemberAccess	ibox . q		2725153	0					
ANR	2726251	Identifier	ibox		2725153	0					
ANR	2726252	Identifier	q		2725153	1					
ANR	2726253	Identifier	x		2725153	1					
ANR	2726254	CallExpression	float2fixed ( dbox . q . x )		2725153	1					
ANR	2726255	Callee	float2fixed		2725153	0					
ANR	2726256	Identifier	float2fixed		2725153	0					
ANR	2726257	ArgumentList	dbox . q . x		2725153	1					
ANR	2726258	Argument	dbox . q . x		2725153	0					
ANR	2726259	MemberAccess	dbox . q . x		2725153	0					
ANR	2726260	MemberAccess	dbox . q		2725153	0					
ANR	2726261	Identifier	dbox		2725153	0					
ANR	2726262	Identifier	q		2725153	1					
ANR	2726263	Identifier	x		2725153	1					
ANR	2726264	ExpressionStatement	ibox . q . y = float2fixed ( dbox . q . y )	1163:8:49631:49663	2725153	17	True				
ANR	2726265	AssignmentExpression	ibox . q . y = float2fixed ( dbox . q . y )		2725153	0		=			
ANR	2726266	MemberAccess	ibox . q . y		2725153	0					
ANR	2726267	MemberAccess	ibox . q		2725153	0					
ANR	2726268	Identifier	ibox		2725153	0					
ANR	2726269	Identifier	q		2725153	1					
ANR	2726270	Identifier	y		2725153	1					
ANR	2726271	CallExpression	float2fixed ( dbox . q . y )		2725153	1					
ANR	2726272	Callee	float2fixed		2725153	0					
ANR	2726273	Identifier	float2fixed		2725153	0					
ANR	2726274	ArgumentList	dbox . q . y		2725153	1					
ANR	2726275	Argument	dbox . q . y		2725153	0					
ANR	2726276	MemberAccess	dbox . q . y		2725153	0					
ANR	2726277	MemberAccess	dbox . q		2725153	0					
ANR	2726278	Identifier	dbox		2725153	0					
ANR	2726279	Identifier	q		2725153	1					
ANR	2726280	Identifier	y		2725153	1					
ANR	2726281	IfStatement	"if ( pcpath != NULL && ! gx_cpath_includes_rectangle ( pcpath , ibox . p . x , ibox . p . y , ibox . q . x , ibox . q . y ) )"		2725153	18					
ANR	2726282	Condition	"pcpath != NULL && ! gx_cpath_includes_rectangle ( pcpath , ibox . p . x , ibox . p . y , ibox . q . x , ibox . q . y )"	1164:12:49677:49794	2725153	0	True				
ANR	2726283	AndExpression	"pcpath != NULL && ! gx_cpath_includes_rectangle ( pcpath , ibox . p . x , ibox . p . y , ibox . q . x , ibox . q . y )"		2725153	0		&&			
ANR	2726284	EqualityExpression	pcpath != NULL		2725153	0		!=			
ANR	2726285	Identifier	pcpath		2725153	0					
ANR	2726286	Identifier	NULL		2725153	1					
ANR	2726287	UnaryOperationExpression	"! gx_cpath_includes_rectangle ( pcpath , ibox . p . x , ibox . p . y , ibox . q . x , ibox . q . y )"		2725153	1					
ANR	2726288	UnaryOperator	!		2725153	0					
ANR	2726289	CallExpression	"gx_cpath_includes_rectangle ( pcpath , ibox . p . x , ibox . p . y , ibox . q . x , ibox . q . y )"		2725153	1					
ANR	2726290	Callee	gx_cpath_includes_rectangle		2725153	0					
ANR	2726291	Identifier	gx_cpath_includes_rectangle		2725153	0					
ANR	2726292	ArgumentList	pcpath		2725153	1					
ANR	2726293	Argument	pcpath		2725153	0					
ANR	2726294	Identifier	pcpath		2725153	0					
ANR	2726295	Argument	ibox . p . x		2725153	1					
ANR	2726296	MemberAccess	ibox . p . x		2725153	0					
ANR	2726297	MemberAccess	ibox . p		2725153	0					
ANR	2726298	Identifier	ibox		2725153	0					
ANR	2726299	Identifier	p		2725153	1					
ANR	2726300	Identifier	x		2725153	1					
ANR	2726301	Argument	ibox . p . y		2725153	2					
ANR	2726302	MemberAccess	ibox . p . y		2725153	0					
ANR	2726303	MemberAccess	ibox . p		2725153	0					
ANR	2726304	Identifier	ibox		2725153	0					
ANR	2726305	Identifier	p		2725153	1					
ANR	2726306	Identifier	y		2725153	1					
ANR	2726307	Argument	ibox . q . x		2725153	3					
ANR	2726308	MemberAccess	ibox . q . x		2725153	0					
ANR	2726309	MemberAccess	ibox . q		2725153	0					
ANR	2726310	Identifier	ibox		2725153	0					
ANR	2726311	Identifier	q		2725153	1					
ANR	2726312	Identifier	x		2725153	1					
ANR	2726313	Argument	ibox . q . y		2725153	4					
ANR	2726314	MemberAccess	ibox . q . y		2725153	0					
ANR	2726315	MemberAccess	ibox . q		2725153	0					
ANR	2726316	Identifier	ibox		2725153	0					
ANR	2726317	Identifier	q		2725153	1					
ANR	2726318	Identifier	y		2725153	1					
ANR	2726319	CompoundStatement		206:12:8188:8268	2725153	1					
ANR	2726320	IdentifierDeclStatement	gx_device_clip cdev ;	1170:12:49974:49993	2725153	0	True				
ANR	2726321	IdentifierDecl	cdev		2725153	0					
ANR	2726322	IdentifierDeclType	gx_device_clip		2725153	0					
ANR	2726323	Identifier	cdev		2725153	1					
ANR	2726324	IdentifierDeclStatement	gx_drawing_color devc ;	1171:12:50007:50028	2725153	1	True				
ANR	2726325	IdentifierDecl	devc		2725153	0					
ANR	2726326	IdentifierDeclType	gx_drawing_color		2725153	0					
ANR	2726327	Identifier	devc		2725153	1					
ANR	2726328	IdentifierDeclStatement	"fixed x0 = float2fixed ( corners [ 0 ] . x ) , y0 = float2fixed ( corners [ 0 ] . y ) ;"	1173:12:50043:50111	2725153	2	True				
ANR	2726329	IdentifierDecl	x0 = float2fixed ( corners [ 0 ] . x )		2725153	0					
ANR	2726330	IdentifierDeclType	fixed		2725153	0					
ANR	2726331	Identifier	x0		2725153	1					
ANR	2726332	AssignmentExpression	x0 = float2fixed ( corners [ 0 ] . x )		2725153	2		=			
ANR	2726333	Identifier	x0		2725153	0					
ANR	2726334	CallExpression	float2fixed ( corners [ 0 ] . x )		2725153	1					
ANR	2726335	Callee	float2fixed		2725153	0					
ANR	2726336	Identifier	float2fixed		2725153	0					
ANR	2726337	ArgumentList	corners [ 0 ] . x		2725153	1					
ANR	2726338	Argument	corners [ 0 ] . x		2725153	0					
ANR	2726339	MemberAccess	corners [ 0 ] . x		2725153	0					
ANR	2726340	ArrayIndexing	corners [ 0 ]		2725153	0					
ANR	2726341	Identifier	corners		2725153	0					
ANR	2726342	PrimaryExpression	0		2725153	1					
ANR	2726343	Identifier	x		2725153	1					
ANR	2726344	IdentifierDecl	y0 = float2fixed ( corners [ 0 ] . y )		2725153	1					
ANR	2726345	IdentifierDeclType	fixed		2725153	0					
ANR	2726346	Identifier	y0		2725153	1					
ANR	2726347	AssignmentExpression	y0 = float2fixed ( corners [ 0 ] . y )		2725153	2		=			
ANR	2726348	Identifier	y0		2725153	0					
ANR	2726349	CallExpression	float2fixed ( corners [ 0 ] . y )		2725153	1					
ANR	2726350	Callee	float2fixed		2725153	0					
ANR	2726351	Identifier	float2fixed		2725153	0					
ANR	2726352	ArgumentList	corners [ 0 ] . y		2725153	1					
ANR	2726353	Argument	corners [ 0 ] . y		2725153	0					
ANR	2726354	MemberAccess	corners [ 0 ] . y		2725153	0					
ANR	2726355	ArrayIndexing	corners [ 0 ]		2725153	0					
ANR	2726356	Identifier	corners		2725153	0					
ANR	2726357	PrimaryExpression	0		2725153	1					
ANR	2726358	Identifier	y		2725153	1					
ANR	2726359	IdentifierDeclStatement	"fixed bx2 = float2fixed ( corners [ 2 ] . x ) - x0 , by2 = float2fixed ( corners [ 2 ] . y ) - y0 ;"	1174:12:50125:50205	2725153	3	True				
ANR	2726360	IdentifierDecl	bx2 = float2fixed ( corners [ 2 ] . x ) - x0		2725153	0					
ANR	2726361	IdentifierDeclType	fixed		2725153	0					
ANR	2726362	Identifier	bx2		2725153	1					
ANR	2726363	AssignmentExpression	bx2 = float2fixed ( corners [ 2 ] . x ) - x0		2725153	2		=			
ANR	2726364	Identifier	bx2		2725153	0					
ANR	2726365	AdditiveExpression	float2fixed ( corners [ 2 ] . x ) - x0		2725153	1		-			
ANR	2726366	CallExpression	float2fixed ( corners [ 2 ] . x )		2725153	0					
ANR	2726367	Callee	float2fixed		2725153	0					
ANR	2726368	Identifier	float2fixed		2725153	0					
ANR	2726369	ArgumentList	corners [ 2 ] . x		2725153	1					
ANR	2726370	Argument	corners [ 2 ] . x		2725153	0					
ANR	2726371	MemberAccess	corners [ 2 ] . x		2725153	0					
ANR	2726372	ArrayIndexing	corners [ 2 ]		2725153	0					
ANR	2726373	Identifier	corners		2725153	0					
ANR	2726374	PrimaryExpression	2		2725153	1					
ANR	2726375	Identifier	x		2725153	1					
ANR	2726376	Identifier	x0		2725153	1					
ANR	2726377	IdentifierDecl	by2 = float2fixed ( corners [ 2 ] . y ) - y0		2725153	1					
ANR	2726378	IdentifierDeclType	fixed		2725153	0					
ANR	2726379	Identifier	by2		2725153	1					
ANR	2726380	AssignmentExpression	by2 = float2fixed ( corners [ 2 ] . y ) - y0		2725153	2		=			
ANR	2726381	Identifier	by2		2725153	0					
ANR	2726382	AdditiveExpression	float2fixed ( corners [ 2 ] . y ) - y0		2725153	1		-			
ANR	2726383	CallExpression	float2fixed ( corners [ 2 ] . y )		2725153	0					
ANR	2726384	Callee	float2fixed		2725153	0					
ANR	2726385	Identifier	float2fixed		2725153	0					
ANR	2726386	ArgumentList	corners [ 2 ] . y		2725153	1					
ANR	2726387	Argument	corners [ 2 ] . y		2725153	0					
ANR	2726388	MemberAccess	corners [ 2 ] . y		2725153	0					
ANR	2726389	ArrayIndexing	corners [ 2 ]		2725153	0					
ANR	2726390	Identifier	corners		2725153	0					
ANR	2726391	PrimaryExpression	2		2725153	1					
ANR	2726392	Identifier	y		2725153	1					
ANR	2726393	Identifier	y0		2725153	1					
ANR	2726394	ExpressionStatement	pdev -> AccumulatingBBox ++	1176:12:50220:50244	2725153	4	True				
ANR	2726395	PostIncDecOperationExpression	pdev -> AccumulatingBBox ++		2725153	0					
ANR	2726396	PtrMemberAccess	pdev -> AccumulatingBBox		2725153	0					
ANR	2726397	Identifier	pdev		2725153	0					
ANR	2726398	Identifier	AccumulatingBBox		2725153	1					
ANR	2726399	IncDec	++		2725153	1					
ANR	2726400	ExpressionStatement	"gx_make_clip_device_on_stack ( & cdev , pcpath , ( gx_device * ) pdev )"	1177:12:50258:50320	2725153	5	True				
ANR	2726401	CallExpression	"gx_make_clip_device_on_stack ( & cdev , pcpath , ( gx_device * ) pdev )"		2725153	0					
ANR	2726402	Callee	gx_make_clip_device_on_stack		2725153	0					
ANR	2726403	Identifier	gx_make_clip_device_on_stack		2725153	0					
ANR	2726404	ArgumentList	& cdev		2725153	1					
ANR	2726405	Argument	& cdev		2725153	0					
ANR	2726406	UnaryOperationExpression	& cdev		2725153	0					
ANR	2726407	UnaryOperator	&		2725153	0					
ANR	2726408	Identifier	cdev		2725153	1					
ANR	2726409	Argument	pcpath		2725153	1					
ANR	2726410	Identifier	pcpath		2725153	0					
ANR	2726411	Argument	( gx_device * ) pdev		2725153	2					
ANR	2726412	CastExpression	( gx_device * ) pdev		2725153	0					
ANR	2726413	CastTarget	gx_device *		2725153	0					
ANR	2726414	Identifier	pdev		2725153	1					
ANR	2726415	ExpressionStatement	"set_nonclient_dev_color ( & devc , gx_device_black ( ( gx_device * ) pdev ) )"	1178:12:50334:50400	2725153	6	True				
ANR	2726416	CallExpression	"set_nonclient_dev_color ( & devc , gx_device_black ( ( gx_device * ) pdev ) )"		2725153	0					
ANR	2726417	Callee	set_nonclient_dev_color		2725153	0					
ANR	2726418	Identifier	set_nonclient_dev_color		2725153	0					
ANR	2726419	ArgumentList	& devc		2725153	1					
ANR	2726420	Argument	& devc		2725153	0					
ANR	2726421	UnaryOperationExpression	& devc		2725153	0					
ANR	2726422	UnaryOperator	&		2725153	0					
ANR	2726423	Identifier	devc		2725153	1					
ANR	2726424	Argument	gx_device_black ( ( gx_device * ) pdev )		2725153	1					
ANR	2726425	CallExpression	gx_device_black ( ( gx_device * ) pdev )		2725153	0					
ANR	2726426	Callee	gx_device_black		2725153	0					
ANR	2726427	Identifier	gx_device_black		2725153	0					
ANR	2726428	ArgumentList	( gx_device * ) pdev		2725153	1					
ANR	2726429	Argument	( gx_device * ) pdev		2725153	0					
ANR	2726430	CastExpression	( gx_device * ) pdev		2725153	0					
ANR	2726431	CastTarget	gx_device *		2725153	0					
ANR	2726432	Identifier	pdev		2725153	1					
ANR	2726433	ExpressionStatement	"gx_default_fill_triangle ( ( gx_device * ) & cdev , x0 , y0 , float2fixed ( corners [ 1 ] . x ) - x0 , float2fixed ( corners [ 1 ] . y ) - y0 , bx2 , by2 , & devc , lop_default )"	1179:12:50449:50645	2725153	7	True				
ANR	2726434	CallExpression	"gx_default_fill_triangle ( ( gx_device * ) & cdev , x0 , y0 , float2fixed ( corners [ 1 ] . x ) - x0 , float2fixed ( corners [ 1 ] . y ) - y0 , bx2 , by2 , & devc , lop_default )"		2725153	0					
ANR	2726435	Callee	gx_default_fill_triangle		2725153	0					
ANR	2726436	Identifier	gx_default_fill_triangle		2725153	0					
ANR	2726437	ArgumentList	( gx_device * ) & cdev		2725153	1					
ANR	2726438	Argument	( gx_device * ) & cdev		2725153	0					
ANR	2726439	CastExpression	( gx_device * ) & cdev		2725153	0					
ANR	2726440	CastTarget	gx_device *		2725153	0					
ANR	2726441	UnaryOperationExpression	& cdev		2725153	1					
ANR	2726442	UnaryOperator	&		2725153	0					
ANR	2726443	Identifier	cdev		2725153	1					
ANR	2726444	Argument	x0		2725153	1					
ANR	2726445	Identifier	x0		2725153	0					
ANR	2726446	Argument	y0		2725153	2					
ANR	2726447	Identifier	y0		2725153	0					
ANR	2726448	Argument	float2fixed ( corners [ 1 ] . x ) - x0		2725153	3					
ANR	2726449	AdditiveExpression	float2fixed ( corners [ 1 ] . x ) - x0		2725153	0		-			
ANR	2726450	CallExpression	float2fixed ( corners [ 1 ] . x )		2725153	0					
ANR	2726451	Callee	float2fixed		2725153	0					
ANR	2726452	Identifier	float2fixed		2725153	0					
ANR	2726453	ArgumentList	corners [ 1 ] . x		2725153	1					
ANR	2726454	Argument	corners [ 1 ] . x		2725153	0					
ANR	2726455	MemberAccess	corners [ 1 ] . x		2725153	0					
ANR	2726456	ArrayIndexing	corners [ 1 ]		2725153	0					
ANR	2726457	Identifier	corners		2725153	0					
ANR	2726458	PrimaryExpression	1		2725153	1					
ANR	2726459	Identifier	x		2725153	1					
ANR	2726460	Identifier	x0		2725153	1					
ANR	2726461	Argument	float2fixed ( corners [ 1 ] . y ) - y0		2725153	4					
ANR	2726462	AdditiveExpression	float2fixed ( corners [ 1 ] . y ) - y0		2725153	0		-			
ANR	2726463	CallExpression	float2fixed ( corners [ 1 ] . y )		2725153	0					
ANR	2726464	Callee	float2fixed		2725153	0					
ANR	2726465	Identifier	float2fixed		2725153	0					
ANR	2726466	ArgumentList	corners [ 1 ] . y		2725153	1					
ANR	2726467	Argument	corners [ 1 ] . y		2725153	0					
ANR	2726468	MemberAccess	corners [ 1 ] . y		2725153	0					
ANR	2726469	ArrayIndexing	corners [ 1 ]		2725153	0					
ANR	2726470	Identifier	corners		2725153	0					
ANR	2726471	PrimaryExpression	1		2725153	1					
ANR	2726472	Identifier	y		2725153	1					
ANR	2726473	Identifier	y0		2725153	1					
ANR	2726474	Argument	bx2		2725153	5					
ANR	2726475	Identifier	bx2		2725153	0					
ANR	2726476	Argument	by2		2725153	6					
ANR	2726477	Identifier	by2		2725153	0					
ANR	2726478	Argument	& devc		2725153	7					
ANR	2726479	UnaryOperationExpression	& devc		2725153	0					
ANR	2726480	UnaryOperator	&		2725153	0					
ANR	2726481	Identifier	devc		2725153	1					
ANR	2726482	Argument	lop_default		2725153	8					
ANR	2726483	Identifier	lop_default		2725153	0					
ANR	2726484	ExpressionStatement	"gx_default_fill_triangle ( ( gx_device * ) & cdev , x0 , y0 , float2fixed ( corners [ 3 ] . x ) - x0 , float2fixed ( corners [ 3 ] . y ) - y0 , bx2 , by2 , & devc , lop_default )"	1183:12:50659:50855	2725153	8	True				
ANR	2726485	CallExpression	"gx_default_fill_triangle ( ( gx_device * ) & cdev , x0 , y0 , float2fixed ( corners [ 3 ] . x ) - x0 , float2fixed ( corners [ 3 ] . y ) - y0 , bx2 , by2 , & devc , lop_default )"		2725153	0					
ANR	2726486	Callee	gx_default_fill_triangle		2725153	0					
ANR	2726487	Identifier	gx_default_fill_triangle		2725153	0					
ANR	2726488	ArgumentList	( gx_device * ) & cdev		2725153	1					
ANR	2726489	Argument	( gx_device * ) & cdev		2725153	0					
ANR	2726490	CastExpression	( gx_device * ) & cdev		2725153	0					
ANR	2726491	CastTarget	gx_device *		2725153	0					
ANR	2726492	UnaryOperationExpression	& cdev		2725153	1					
ANR	2726493	UnaryOperator	&		2725153	0					
ANR	2726494	Identifier	cdev		2725153	1					
ANR	2726495	Argument	x0		2725153	1					
ANR	2726496	Identifier	x0		2725153	0					
ANR	2726497	Argument	y0		2725153	2					
ANR	2726498	Identifier	y0		2725153	0					
ANR	2726499	Argument	float2fixed ( corners [ 3 ] . x ) - x0		2725153	3					
ANR	2726500	AdditiveExpression	float2fixed ( corners [ 3 ] . x ) - x0		2725153	0		-			
ANR	2726501	CallExpression	float2fixed ( corners [ 3 ] . x )		2725153	0					
ANR	2726502	Callee	float2fixed		2725153	0					
ANR	2726503	Identifier	float2fixed		2725153	0					
ANR	2726504	ArgumentList	corners [ 3 ] . x		2725153	1					
ANR	2726505	Argument	corners [ 3 ] . x		2725153	0					
ANR	2726506	MemberAccess	corners [ 3 ] . x		2725153	0					
ANR	2726507	ArrayIndexing	corners [ 3 ]		2725153	0					
ANR	2726508	Identifier	corners		2725153	0					
ANR	2726509	PrimaryExpression	3		2725153	1					
ANR	2726510	Identifier	x		2725153	1					
ANR	2726511	Identifier	x0		2725153	1					
ANR	2726512	Argument	float2fixed ( corners [ 3 ] . y ) - y0		2725153	4					
ANR	2726513	AdditiveExpression	float2fixed ( corners [ 3 ] . y ) - y0		2725153	0		-			
ANR	2726514	CallExpression	float2fixed ( corners [ 3 ] . y )		2725153	0					
ANR	2726515	Callee	float2fixed		2725153	0					
ANR	2726516	Identifier	float2fixed		2725153	0					
ANR	2726517	ArgumentList	corners [ 3 ] . y		2725153	1					
ANR	2726518	Argument	corners [ 3 ] . y		2725153	0					
ANR	2726519	MemberAccess	corners [ 3 ] . y		2725153	0					
ANR	2726520	ArrayIndexing	corners [ 3 ]		2725153	0					
ANR	2726521	Identifier	corners		2725153	0					
ANR	2726522	PrimaryExpression	3		2725153	1					
ANR	2726523	Identifier	y		2725153	1					
ANR	2726524	Identifier	y0		2725153	1					
ANR	2726525	Argument	bx2		2725153	5					
ANR	2726526	Identifier	bx2		2725153	0					
ANR	2726527	Argument	by2		2725153	6					
ANR	2726528	Identifier	by2		2725153	0					
ANR	2726529	Argument	& devc		2725153	7					
ANR	2726530	UnaryOperationExpression	& devc		2725153	0					
ANR	2726531	UnaryOperator	&		2725153	0					
ANR	2726532	Identifier	devc		2725153	1					
ANR	2726533	Argument	lop_default		2725153	8					
ANR	2726534	Identifier	lop_default		2725153	0					
ANR	2726535	ExpressionStatement	pdev -> AccumulatingBBox --	1187:12:50869:50893	2725153	9	True				
ANR	2726536	PostIncDecOperationExpression	pdev -> AccumulatingBBox --		2725153	0					
ANR	2726537	PtrMemberAccess	pdev -> AccumulatingBBox		2725153	0					
ANR	2726538	Identifier	pdev		2725153	0					
ANR	2726539	Identifier	AccumulatingBBox		2725153	1					
ANR	2726540	IncDec	--		2725153	1					
ANR	2726541	ElseStatement	else		2725153	0					
ANR	2726542	CompoundStatement		222:12:9032:9052	2725153	0					
ANR	2726543	IdentifierDeclStatement	"float x0 , y0 , x1 , y1 ;"	1190:12:50969:50989	2725153	0	True				
ANR	2726544	IdentifierDecl	x0		2725153	0					
ANR	2726545	IdentifierDeclType	float		2725153	0					
ANR	2726546	Identifier	x0		2725153	1					
ANR	2726547	IdentifierDecl	y0		2725153	1					
ANR	2726548	IdentifierDeclType	float		2725153	0					
ANR	2726549	Identifier	y0		2725153	1					
ANR	2726550	IdentifierDecl	x1		2725153	2					
ANR	2726551	IdentifierDeclType	float		2725153	0					
ANR	2726552	Identifier	x1		2725153	1					
ANR	2726553	IdentifierDecl	y1		2725153	3					
ANR	2726554	IdentifierDeclType	float		2725153	0					
ANR	2726555	Identifier	y1		2725153	1					
ANR	2726556	ExpressionStatement	x0 = fixed2float ( ibox . p . x ) / ( pdev -> HWResolution [ 0 ] / 72.0 )	1191:12:51003:51062	2725153	1	True				
ANR	2726557	AssignmentExpression	x0 = fixed2float ( ibox . p . x ) / ( pdev -> HWResolution [ 0 ] / 72.0 )		2725153	0		=			
ANR	2726558	Identifier	x0		2725153	0					
ANR	2726559	MultiplicativeExpression	fixed2float ( ibox . p . x ) / ( pdev -> HWResolution [ 0 ] / 72.0 )		2725153	1		/			
ANR	2726560	CallExpression	fixed2float ( ibox . p . x )		2725153	0					
ANR	2726561	Callee	fixed2float		2725153	0					
ANR	2726562	Identifier	fixed2float		2725153	0					
ANR	2726563	ArgumentList	ibox . p . x		2725153	1					
ANR	2726564	Argument	ibox . p . x		2725153	0					
ANR	2726565	MemberAccess	ibox . p . x		2725153	0					
ANR	2726566	MemberAccess	ibox . p		2725153	0					
ANR	2726567	Identifier	ibox		2725153	0					
ANR	2726568	Identifier	p		2725153	1					
ANR	2726569	Identifier	x		2725153	1					
ANR	2726570	MultiplicativeExpression	pdev -> HWResolution [ 0 ] / 72.0		2725153	1		/			
ANR	2726571	ArrayIndexing	pdev -> HWResolution [ 0 ]		2725153	0					
ANR	2726572	PtrMemberAccess	pdev -> HWResolution		2725153	0					
ANR	2726573	Identifier	pdev		2725153	0					
ANR	2726574	Identifier	HWResolution		2725153	1					
ANR	2726575	PrimaryExpression	0		2725153	1					
ANR	2726576	PrimaryExpression	72.0		2725153	1					
ANR	2726577	ExpressionStatement	y0 = fixed2float ( ibox . p . y ) / ( pdev -> HWResolution [ 1 ] / 72.0 )	1192:12:51076:51135	2725153	2	True				
ANR	2726578	AssignmentExpression	y0 = fixed2float ( ibox . p . y ) / ( pdev -> HWResolution [ 1 ] / 72.0 )		2725153	0		=			
ANR	2726579	Identifier	y0		2725153	0					
ANR	2726580	MultiplicativeExpression	fixed2float ( ibox . p . y ) / ( pdev -> HWResolution [ 1 ] / 72.0 )		2725153	1		/			
ANR	2726581	CallExpression	fixed2float ( ibox . p . y )		2725153	0					
ANR	2726582	Callee	fixed2float		2725153	0					
ANR	2726583	Identifier	fixed2float		2725153	0					
ANR	2726584	ArgumentList	ibox . p . y		2725153	1					
ANR	2726585	Argument	ibox . p . y		2725153	0					
ANR	2726586	MemberAccess	ibox . p . y		2725153	0					
ANR	2726587	MemberAccess	ibox . p		2725153	0					
ANR	2726588	Identifier	ibox		2725153	0					
ANR	2726589	Identifier	p		2725153	1					
ANR	2726590	Identifier	y		2725153	1					
ANR	2726591	MultiplicativeExpression	pdev -> HWResolution [ 1 ] / 72.0		2725153	1		/			
ANR	2726592	ArrayIndexing	pdev -> HWResolution [ 1 ]		2725153	0					
ANR	2726593	PtrMemberAccess	pdev -> HWResolution		2725153	0					
ANR	2726594	Identifier	pdev		2725153	0					
ANR	2726595	Identifier	HWResolution		2725153	1					
ANR	2726596	PrimaryExpression	1		2725153	1					
ANR	2726597	PrimaryExpression	72.0		2725153	1					
ANR	2726598	ExpressionStatement	x1 = fixed2float ( ibox . q . x ) / ( pdev -> HWResolution [ 0 ] / 72.0 )	1193:12:51149:51208	2725153	3	True				
ANR	2726599	AssignmentExpression	x1 = fixed2float ( ibox . q . x ) / ( pdev -> HWResolution [ 0 ] / 72.0 )		2725153	0		=			
ANR	2726600	Identifier	x1		2725153	0					
ANR	2726601	MultiplicativeExpression	fixed2float ( ibox . q . x ) / ( pdev -> HWResolution [ 0 ] / 72.0 )		2725153	1		/			
ANR	2726602	CallExpression	fixed2float ( ibox . q . x )		2725153	0					
ANR	2726603	Callee	fixed2float		2725153	0					
ANR	2726604	Identifier	fixed2float		2725153	0					
ANR	2726605	ArgumentList	ibox . q . x		2725153	1					
ANR	2726606	Argument	ibox . q . x		2725153	0					
ANR	2726607	MemberAccess	ibox . q . x		2725153	0					
ANR	2726608	MemberAccess	ibox . q		2725153	0					
ANR	2726609	Identifier	ibox		2725153	0					
ANR	2726610	Identifier	q		2725153	1					
ANR	2726611	Identifier	x		2725153	1					
ANR	2726612	MultiplicativeExpression	pdev -> HWResolution [ 0 ] / 72.0		2725153	1		/			
ANR	2726613	ArrayIndexing	pdev -> HWResolution [ 0 ]		2725153	0					
ANR	2726614	PtrMemberAccess	pdev -> HWResolution		2725153	0					
ANR	2726615	Identifier	pdev		2725153	0					
ANR	2726616	Identifier	HWResolution		2725153	1					
ANR	2726617	PrimaryExpression	0		2725153	1					
ANR	2726618	PrimaryExpression	72.0		2725153	1					
ANR	2726619	ExpressionStatement	y1 = fixed2float ( ibox . q . y ) / ( pdev -> HWResolution [ 1 ] / 72.0 )	1194:12:51222:51281	2725153	4	True				
ANR	2726620	AssignmentExpression	y1 = fixed2float ( ibox . q . y ) / ( pdev -> HWResolution [ 1 ] / 72.0 )		2725153	0		=			
ANR	2726621	Identifier	y1		2725153	0					
ANR	2726622	MultiplicativeExpression	fixed2float ( ibox . q . y ) / ( pdev -> HWResolution [ 1 ] / 72.0 )		2725153	1		/			
ANR	2726623	CallExpression	fixed2float ( ibox . q . y )		2725153	0					
ANR	2726624	Callee	fixed2float		2725153	0					
ANR	2726625	Identifier	fixed2float		2725153	0					
ANR	2726626	ArgumentList	ibox . q . y		2725153	1					
ANR	2726627	Argument	ibox . q . y		2725153	0					
ANR	2726628	MemberAccess	ibox . q . y		2725153	0					
ANR	2726629	MemberAccess	ibox . q		2725153	0					
ANR	2726630	Identifier	ibox		2725153	0					
ANR	2726631	Identifier	q		2725153	1					
ANR	2726632	Identifier	y		2725153	1					
ANR	2726633	MultiplicativeExpression	pdev -> HWResolution [ 1 ] / 72.0		2725153	1		/			
ANR	2726634	ArrayIndexing	pdev -> HWResolution [ 1 ]		2725153	0					
ANR	2726635	PtrMemberAccess	pdev -> HWResolution		2725153	0					
ANR	2726636	Identifier	pdev		2725153	0					
ANR	2726637	Identifier	HWResolution		2725153	1					
ANR	2726638	PrimaryExpression	1		2725153	1					
ANR	2726639	PrimaryExpression	72.0		2725153	1					
ANR	2726640	IfStatement	if ( Box -> p . x > x0 )		2725153	5					
ANR	2726641	Condition	Box -> p . x > x0	1195:16:51299:51311	2725153	0	True				
ANR	2726642	RelationalExpression	Box -> p . x > x0		2725153	0		>			
ANR	2726643	MemberAccess	Box -> p . x		2725153	0					
ANR	2726644	PtrMemberAccess	Box -> p		2725153	0					
ANR	2726645	Identifier	Box		2725153	0					
ANR	2726646	Identifier	p		2725153	1					
ANR	2726647	Identifier	x		2725153	1					
ANR	2726648	Identifier	x0		2725153	1					
ANR	2726649	ExpressionStatement	Box -> p . x = x0	1196:16:51330:51343	2725153	1	True				
ANR	2726650	AssignmentExpression	Box -> p . x = x0		2725153	0		=			
ANR	2726651	MemberAccess	Box -> p . x		2725153	0					
ANR	2726652	PtrMemberAccess	Box -> p		2725153	0					
ANR	2726653	Identifier	Box		2725153	0					
ANR	2726654	Identifier	p		2725153	1					
ANR	2726655	Identifier	x		2725153	1					
ANR	2726656	Identifier	x0		2725153	1					
ANR	2726657	IfStatement	if ( Box -> p . y > y0 )		2725153	6					
ANR	2726658	Condition	Box -> p . y > y0	1197:16:51361:51373	2725153	0	True				
ANR	2726659	RelationalExpression	Box -> p . y > y0		2725153	0		>			
ANR	2726660	MemberAccess	Box -> p . y		2725153	0					
ANR	2726661	PtrMemberAccess	Box -> p		2725153	0					
ANR	2726662	Identifier	Box		2725153	0					
ANR	2726663	Identifier	p		2725153	1					
ANR	2726664	Identifier	y		2725153	1					
ANR	2726665	Identifier	y0		2725153	1					
ANR	2726666	ExpressionStatement	Box -> p . y = y0	1198:16:51392:51405	2725153	1	True				
ANR	2726667	AssignmentExpression	Box -> p . y = y0		2725153	0		=			
ANR	2726668	MemberAccess	Box -> p . y		2725153	0					
ANR	2726669	PtrMemberAccess	Box -> p		2725153	0					
ANR	2726670	Identifier	Box		2725153	0					
ANR	2726671	Identifier	p		2725153	1					
ANR	2726672	Identifier	y		2725153	1					
ANR	2726673	Identifier	y0		2725153	1					
ANR	2726674	IfStatement	if ( Box -> q . x < x1 )		2725153	7					
ANR	2726675	Condition	Box -> q . x < x1	1199:16:51423:51435	2725153	0	True				
ANR	2726676	RelationalExpression	Box -> q . x < x1		2725153	0		<			
ANR	2726677	MemberAccess	Box -> q . x		2725153	0					
ANR	2726678	PtrMemberAccess	Box -> q		2725153	0					
ANR	2726679	Identifier	Box		2725153	0					
ANR	2726680	Identifier	q		2725153	1					
ANR	2726681	Identifier	x		2725153	1					
ANR	2726682	Identifier	x1		2725153	1					
ANR	2726683	ExpressionStatement	Box -> q . x = x1	1200:16:51454:51467	2725153	1	True				
ANR	2726684	AssignmentExpression	Box -> q . x = x1		2725153	0		=			
ANR	2726685	MemberAccess	Box -> q . x		2725153	0					
ANR	2726686	PtrMemberAccess	Box -> q		2725153	0					
ANR	2726687	Identifier	Box		2725153	0					
ANR	2726688	Identifier	q		2725153	1					
ANR	2726689	Identifier	x		2725153	1					
ANR	2726690	Identifier	x1		2725153	1					
ANR	2726691	IfStatement	if ( Box -> q . y < y1 )		2725153	8					
ANR	2726692	Condition	Box -> q . y < y1	1201:16:51485:51497	2725153	0	True				
ANR	2726693	RelationalExpression	Box -> q . y < y1		2725153	0		<			
ANR	2726694	MemberAccess	Box -> q . y		2725153	0					
ANR	2726695	PtrMemberAccess	Box -> q		2725153	0					
ANR	2726696	Identifier	Box		2725153	0					
ANR	2726697	Identifier	q		2725153	1					
ANR	2726698	Identifier	y		2725153	1					
ANR	2726699	Identifier	y1		2725153	1					
ANR	2726700	ExpressionStatement	Box -> q . y = y1	1202:16:51516:51529	2725153	1	True				
ANR	2726701	AssignmentExpression	Box -> q . y = y1		2725153	0		=			
ANR	2726702	MemberAccess	Box -> q . y		2725153	0					
ANR	2726703	PtrMemberAccess	Box -> q		2725153	0					
ANR	2726704	Identifier	Box		2725153	0					
ANR	2726705	Identifier	q		2725153	1					
ANR	2726706	Identifier	y		2725153	1					
ANR	2726707	Identifier	y1		2725153	1					
ANR	2726708	IfStatement	if ( use_fallback )		2725153	29					
ANR	2726709	Condition	use_fallback	1206:8:51556:51567	2725153	0	True				
ANR	2726710	Identifier	use_fallback		2725153	0					
ANR	2726711	CompoundStatement		238:22:9633:9633	2725153	1					
ANR	2726712	ExpressionStatement	pdev -> JPEG_PassThrough = 0	1207:8:51580:51606	2725153	0	True				
ANR	2726713	AssignmentExpression	pdev -> JPEG_PassThrough = 0		2725153	0		=			
ANR	2726714	PtrMemberAccess	pdev -> JPEG_PassThrough		2725153	0					
ANR	2726715	Identifier	pdev		2725153	0					
ANR	2726716	Identifier	JPEG_PassThrough		2725153	1					
ANR	2726717	PrimaryExpression	0		2725153	1					
ANR	2726718	ExpressionStatement	"gs_free ( mem -> non_gc_memory , image , 4 , sizeof ( image_union_t ) , ""pdf_begin_typed_image(image)"" )"	1208:8:51616:51754	2725153	1	True				
ANR	2726719	CallExpression	"gs_free ( mem -> non_gc_memory , image , 4 , sizeof ( image_union_t ) , ""pdf_begin_typed_image(image)"" )"		2725153	0					
ANR	2726720	Callee	gs_free		2725153	0					
ANR	2726721	Identifier	gs_free		2725153	0					
ANR	2726722	ArgumentList	mem -> non_gc_memory		2725153	1					
ANR	2726723	Argument	mem -> non_gc_memory		2725153	0					
ANR	2726724	PtrMemberAccess	mem -> non_gc_memory		2725153	0					
ANR	2726725	Identifier	mem		2725153	0					
ANR	2726726	Identifier	non_gc_memory		2725153	1					
ANR	2726727	Argument	image		2725153	1					
ANR	2726728	Identifier	image		2725153	0					
ANR	2726729	Argument	4		2725153	2					
ANR	2726730	PrimaryExpression	4		2725153	0					
ANR	2726731	Argument	sizeof ( image_union_t )		2725153	3					
ANR	2726732	SizeofExpression	sizeof ( image_union_t )		2725153	0					
ANR	2726733	Sizeof	sizeof		2725153	0					
ANR	2726734	SizeofOperand	image_union_t		2725153	1					
ANR	2726735	Argument	"""pdf_begin_typed_image(image)"""		2725153	4					
ANR	2726736	PrimaryExpression	"""pdf_begin_typed_image(image)"""		2725153	0					
ANR	2726737	ReturnStatement	"return gx_default_begin_typed_image ( ( gx_device * ) pdev , pgs , pmat , pic , prect , pdcolor , pcpath , mem , pinfo ) ;"	1210:8:51764:51895	2725153	2	True				
ANR	2726738	CallExpression	"gx_default_begin_typed_image ( ( gx_device * ) pdev , pgs , pmat , pic , prect , pdcolor , pcpath , mem , pinfo )"		2725153	0					
ANR	2726739	Callee	gx_default_begin_typed_image		2725153	0					
ANR	2726740	Identifier	gx_default_begin_typed_image		2725153	0					
ANR	2726741	ArgumentList	( gx_device * ) pdev		2725153	1					
ANR	2726742	Argument	( gx_device * ) pdev		2725153	0					
ANR	2726743	CastExpression	( gx_device * ) pdev		2725153	0					
ANR	2726744	CastTarget	gx_device *		2725153	0					
ANR	2726745	Identifier	pdev		2725153	1					
ANR	2726746	Argument	pgs		2725153	1					
ANR	2726747	Identifier	pgs		2725153	0					
ANR	2726748	Argument	pmat		2725153	2					
ANR	2726749	Identifier	pmat		2725153	0					
ANR	2726750	Argument	pic		2725153	3					
ANR	2726751	Identifier	pic		2725153	0					
ANR	2726752	Argument	prect		2725153	4					
ANR	2726753	Identifier	prect		2725153	0					
ANR	2726754	Argument	pdcolor		2725153	5					
ANR	2726755	Identifier	pdcolor		2725153	0					
ANR	2726756	Argument	pcpath		2725153	6					
ANR	2726757	Identifier	pcpath		2725153	0					
ANR	2726758	Argument	mem		2725153	7					
ANR	2726759	Identifier	mem		2725153	0					
ANR	2726760	Argument	pinfo		2725153	8					
ANR	2726761	Identifier	pinfo		2725153	0					
ANR	2726762	ExpressionStatement	pcs = pim -> ColorSpace	1215:4:51908:51929	2725153	30	True				
ANR	2726763	AssignmentExpression	pcs = pim -> ColorSpace		2725153	0		=			
ANR	2726764	Identifier	pcs		2725153	0					
ANR	2726765	PtrMemberAccess	pim -> ColorSpace		2725153	1					
ANR	2726766	Identifier	pim		2725153	0					
ANR	2726767	Identifier	ColorSpace		2725153	1					
ANR	2726768	ExpressionStatement	num_components = ( is_mask ? 1 : gs_color_space_num_components ( pcs ) )	1216:4:51935:52002	2725153	31	True				
ANR	2726769	AssignmentExpression	num_components = ( is_mask ? 1 : gs_color_space_num_components ( pcs ) )		2725153	0		=			
ANR	2726770	Identifier	num_components		2725153	0					
ANR	2726771	ConditionalExpression	is_mask ? 1 : gs_color_space_num_components ( pcs )		2725153	1					
ANR	2726772	Condition	is_mask		2725153	0					
ANR	2726773	Identifier	is_mask		2725153	0					
ANR	2726774	PrimaryExpression	1		2725153	1					
ANR	2726775	CallExpression	gs_color_space_num_components ( pcs )		2725153	2					
ANR	2726776	Callee	gs_color_space_num_components		2725153	0					
ANR	2726777	Identifier	gs_color_space_num_components		2725153	0					
ANR	2726778	ArgumentList	pcs		2725153	1					
ANR	2726779	Argument	pcs		2725153	0					
ANR	2726780	Identifier	pcs		2725153	0					
ANR	2726781	ExpressionStatement	"code = pdf_check_soft_mask ( pdev , ( gs_gstate * ) pgs )"	1218:4:52009:52059	2725153	32	True				
ANR	2726782	AssignmentExpression	"code = pdf_check_soft_mask ( pdev , ( gs_gstate * ) pgs )"		2725153	0		=			
ANR	2726783	Identifier	code		2725153	0					
ANR	2726784	CallExpression	"pdf_check_soft_mask ( pdev , ( gs_gstate * ) pgs )"		2725153	1					
ANR	2726785	Callee	pdf_check_soft_mask		2725153	0					
ANR	2726786	Identifier	pdf_check_soft_mask		2725153	0					
ANR	2726787	ArgumentList	pdev		2725153	1					
ANR	2726788	Argument	pdev		2725153	0					
ANR	2726789	Identifier	pdev		2725153	0					
ANR	2726790	Argument	( gs_gstate * ) pgs		2725153	1					
ANR	2726791	CastExpression	( gs_gstate * ) pgs		2725153	0					
ANR	2726792	CastTarget	gs_gstate *		2725153	0					
ANR	2726793	Identifier	pgs		2725153	1					
ANR	2726794	IfStatement	if ( code < 0 )		2725153	33					
ANR	2726795	Condition	code < 0	1219:8:52069:52076	2725153	0	True				
ANR	2726796	RelationalExpression	code < 0		2725153	0		<			
ANR	2726797	Identifier	code		2725153	0					
ANR	2726798	PrimaryExpression	0		2725153	1					
ANR	2726799	ReturnStatement	return code ;	1220:8:52087:52098	2725153	1	True				
ANR	2726800	Identifier	code		2725153	0					
ANR	2726801	IfStatement	"if ( pdf_must_put_clip_path ( pdev , pcpath ) )"		2725153	34					
ANR	2726802	Condition	"pdf_must_put_clip_path ( pdev , pcpath )"	1221:8:52108:52143	2725153	0	True				
ANR	2726803	CallExpression	"pdf_must_put_clip_path ( pdev , pcpath )"		2725153	0					
ANR	2726804	Callee	pdf_must_put_clip_path		2725153	0					
ANR	2726805	Identifier	pdf_must_put_clip_path		2725153	0					
ANR	2726806	ArgumentList	pdev		2725153	1					
ANR	2726807	Argument	pdev		2725153	0					
ANR	2726808	Identifier	pdev		2725153	0					
ANR	2726809	Argument	pcpath		2725153	1					
ANR	2726810	Identifier	pcpath		2725153	0					
ANR	2726811	ExpressionStatement	code = pdf_unclip ( pdev )	1222:8:52154:52177	2725153	1	True				
ANR	2726812	AssignmentExpression	code = pdf_unclip ( pdev )		2725153	0		=			
ANR	2726813	Identifier	code		2725153	0					
ANR	2726814	CallExpression	pdf_unclip ( pdev )		2725153	1					
ANR	2726815	Callee	pdf_unclip		2725153	0					
ANR	2726816	Identifier	pdf_unclip		2725153	0					
ANR	2726817	ArgumentList	pdev		2725153	1					
ANR	2726818	Argument	pdev		2725153	0					
ANR	2726819	Identifier	pdev		2725153	0					
ANR	2726820	ElseStatement	else		2725153	0					
ANR	2726821	ExpressionStatement	"code = pdf_open_page ( pdev , PDF_IN_STREAM )"	1224:8:52196:52237	2725153	0	True				
ANR	2726822	AssignmentExpression	"code = pdf_open_page ( pdev , PDF_IN_STREAM )"		2725153	0		=			
ANR	2726823	Identifier	code		2725153	0					
ANR	2726824	CallExpression	"pdf_open_page ( pdev , PDF_IN_STREAM )"		2725153	1					
ANR	2726825	Callee	pdf_open_page		2725153	0					
ANR	2726826	Identifier	pdf_open_page		2725153	0					
ANR	2726827	ArgumentList	pdev		2725153	1					
ANR	2726828	Argument	pdev		2725153	0					
ANR	2726829	Identifier	pdev		2725153	0					
ANR	2726830	Argument	PDF_IN_STREAM		2725153	1					
ANR	2726831	Identifier	PDF_IN_STREAM		2725153	0					
ANR	2726832	IfStatement	if ( code < 0 )		2725153	35					
ANR	2726833	Condition	code < 0	1225:8:52247:52254	2725153	0	True				
ANR	2726834	RelationalExpression	code < 0		2725153	0		<			
ANR	2726835	Identifier	code		2725153	0					
ANR	2726836	PrimaryExpression	0		2725153	1					
ANR	2726837	CompoundStatement		257:18:10320:10320	2725153	1					
ANR	2726838	ExpressionStatement	pdev -> JPEG_PassThrough = 0	1226:8:52267:52293	2725153	0	True				
ANR	2726839	AssignmentExpression	pdev -> JPEG_PassThrough = 0		2725153	0		=			
ANR	2726840	PtrMemberAccess	pdev -> JPEG_PassThrough		2725153	0					
ANR	2726841	Identifier	pdev		2725153	0					
ANR	2726842	Identifier	JPEG_PassThrough		2725153	1					
ANR	2726843	PrimaryExpression	0		2725153	1					
ANR	2726844	ExpressionStatement	"gs_free ( mem -> non_gc_memory , image , 4 , sizeof ( image_union_t ) , ""pdf_begin_typed_image(image)"" )"	1227:8:52303:52441	2725153	1	True				
ANR	2726845	CallExpression	"gs_free ( mem -> non_gc_memory , image , 4 , sizeof ( image_union_t ) , ""pdf_begin_typed_image(image)"" )"		2725153	0					
ANR	2726846	Callee	gs_free		2725153	0					
ANR	2726847	Identifier	gs_free		2725153	0					
ANR	2726848	ArgumentList	mem -> non_gc_memory		2725153	1					
ANR	2726849	Argument	mem -> non_gc_memory		2725153	0					
ANR	2726850	PtrMemberAccess	mem -> non_gc_memory		2725153	0					
ANR	2726851	Identifier	mem		2725153	0					
ANR	2726852	Identifier	non_gc_memory		2725153	1					
ANR	2726853	Argument	image		2725153	1					
ANR	2726854	Identifier	image		2725153	0					
ANR	2726855	Argument	4		2725153	2					
ANR	2726856	PrimaryExpression	4		2725153	0					
ANR	2726857	Argument	sizeof ( image_union_t )		2725153	3					
ANR	2726858	SizeofExpression	sizeof ( image_union_t )		2725153	0					
ANR	2726859	Sizeof	sizeof		2725153	0					
ANR	2726860	SizeofOperand	image_union_t		2725153	1					
ANR	2726861	Argument	"""pdf_begin_typed_image(image)"""		2725153	4					
ANR	2726862	PrimaryExpression	"""pdf_begin_typed_image(image)"""		2725153	0					
ANR	2726863	ReturnStatement	"return gx_default_begin_typed_image ( ( gx_device * ) pdev , pgs , pmat , pic , prect , pdcolor , pcpath , mem , pinfo ) ;"	1229:8:52451:52582	2725153	2	True				
ANR	2726864	CallExpression	"gx_default_begin_typed_image ( ( gx_device * ) pdev , pgs , pmat , pic , prect , pdcolor , pcpath , mem , pinfo )"		2725153	0					
ANR	2726865	Callee	gx_default_begin_typed_image		2725153	0					
ANR	2726866	Identifier	gx_default_begin_typed_image		2725153	0					
ANR	2726867	ArgumentList	( gx_device * ) pdev		2725153	1					
ANR	2726868	Argument	( gx_device * ) pdev		2725153	0					
ANR	2726869	CastExpression	( gx_device * ) pdev		2725153	0					
ANR	2726870	CastTarget	gx_device *		2725153	0					
ANR	2726871	Identifier	pdev		2725153	1					
ANR	2726872	Argument	pgs		2725153	1					
ANR	2726873	Identifier	pgs		2725153	0					
ANR	2726874	Argument	pmat		2725153	2					
ANR	2726875	Identifier	pmat		2725153	0					
ANR	2726876	Argument	pic		2725153	3					
ANR	2726877	Identifier	pic		2725153	0					
ANR	2726878	Argument	prect		2725153	4					
ANR	2726879	Identifier	prect		2725153	0					
ANR	2726880	Argument	pdcolor		2725153	5					
ANR	2726881	Identifier	pdcolor		2725153	0					
ANR	2726882	Argument	pcpath		2725153	6					
ANR	2726883	Identifier	pcpath		2725153	0					
ANR	2726884	Argument	mem		2725153	7					
ANR	2726885	Identifier	mem		2725153	0					
ANR	2726886	Argument	pinfo		2725153	8					
ANR	2726887	Identifier	pinfo		2725153	0					
ANR	2726888	IfStatement	if ( context == PDF_IMAGE_TYPE3_MASK )		2725153	36					
ANR	2726889	Condition	context == PDF_IMAGE_TYPE3_MASK	1234:8:52599:52629	2725153	0	True				
ANR	2726890	EqualityExpression	context == PDF_IMAGE_TYPE3_MASK		2725153	0		==			
ANR	2726891	Identifier	context		2725153	0					
ANR	2726892	Identifier	PDF_IMAGE_TYPE3_MASK		2725153	1					
ANR	2726893	CompoundStatement		266:41:10695:10695	2725153	1					
ANR	2726894	ExpressionStatement	pcs = gs_cspace_new_DeviceGray ( pdev -> memory )	1241:8:52885:52929	2725153	0	True				
ANR	2726895	AssignmentExpression	pcs = gs_cspace_new_DeviceGray ( pdev -> memory )		2725153	0		=			
ANR	2726896	Identifier	pcs		2725153	0					
ANR	2726897	CallExpression	gs_cspace_new_DeviceGray ( pdev -> memory )		2725153	1					
ANR	2726898	Callee	gs_cspace_new_DeviceGray		2725153	0					
ANR	2726899	Identifier	gs_cspace_new_DeviceGray		2725153	0					
ANR	2726900	ArgumentList	pdev -> memory		2725153	1					
ANR	2726901	Argument	pdev -> memory		2725153	0					
ANR	2726902	PtrMemberAccess	pdev -> memory		2725153	0					
ANR	2726903	Identifier	pdev		2725153	0					
ANR	2726904	Identifier	memory		2725153	1					
ANR	2726905	IfStatement	if ( pcs == NULL )		2725153	1					
ANR	2726906	Condition	pcs == NULL	1242:12:52943:52953	2725153	0	True				
ANR	2726907	EqualityExpression	pcs == NULL		2725153	0		==			
ANR	2726908	Identifier	pcs		2725153	0					
ANR	2726909	Identifier	NULL		2725153	1					
ANR	2726910	ExpressionStatement	code = gs_note_error ( gs_error_VMerror )	1243:12:52968:53006	2725153	1	True				
ANR	2726911	AssignmentExpression	code = gs_note_error ( gs_error_VMerror )		2725153	0		=			
ANR	2726912	Identifier	code		2725153	0					
ANR	2726913	CallExpression	gs_note_error ( gs_error_VMerror )		2725153	1					
ANR	2726914	Callee	gs_note_error		2725153	0					
ANR	2726915	Identifier	gs_note_error		2725153	0					
ANR	2726916	ArgumentList	gs_error_VMerror		2725153	1					
ANR	2726917	Argument	gs_error_VMerror		2725153	0					
ANR	2726918	Identifier	gs_error_VMerror		2725153	0					
ANR	2726919	ElseStatement	else		2725153	0					
ANR	2726920	IfStatement	if ( is_mask )		2725153	0					
ANR	2726921	Condition	is_mask	1244:15:53023:53029	2725153	0	True				
ANR	2726922	Identifier	is_mask		2725153	0					
ANR	2726923	ExpressionStatement	"code = pdf_prepare_imagemask ( pdev , pgs , pdcolor )"	1245:8:53040:53088	2725153	1	True				
ANR	2726924	AssignmentExpression	"code = pdf_prepare_imagemask ( pdev , pgs , pdcolor )"		2725153	0		=			
ANR	2726925	Identifier	code		2725153	0					
ANR	2726926	CallExpression	"pdf_prepare_imagemask ( pdev , pgs , pdcolor )"		2725153	1					
ANR	2726927	Callee	pdf_prepare_imagemask		2725153	0					
ANR	2726928	Identifier	pdf_prepare_imagemask		2725153	0					
ANR	2726929	ArgumentList	pdev		2725153	1					
ANR	2726930	Argument	pdev		2725153	0					
ANR	2726931	Identifier	pdev		2725153	0					
ANR	2726932	Argument	pgs		2725153	1					
ANR	2726933	Identifier	pgs		2725153	0					
ANR	2726934	Argument	pdcolor		2725153	2					
ANR	2726935	Identifier	pdcolor		2725153	0					
ANR	2726936	ElseStatement	else		2725153	0					
ANR	2726937	ExpressionStatement	"code = pdf_prepare_image ( pdev , pgs )"	1247:8:53107:53142	2725153	0	True				
ANR	2726938	AssignmentExpression	"code = pdf_prepare_image ( pdev , pgs )"		2725153	0		=			
ANR	2726939	Identifier	code		2725153	0					
ANR	2726940	CallExpression	"pdf_prepare_image ( pdev , pgs )"		2725153	1					
ANR	2726941	Callee	pdf_prepare_image		2725153	0					
ANR	2726942	Identifier	pdf_prepare_image		2725153	0					
ANR	2726943	ArgumentList	pdev		2725153	1					
ANR	2726944	Argument	pdev		2725153	0					
ANR	2726945	Identifier	pdev		2725153	0					
ANR	2726946	Argument	pgs		2725153	1					
ANR	2726947	Identifier	pgs		2725153	0					
ANR	2726948	IfStatement	if ( code < 0 )		2725153	37					
ANR	2726949	Condition	code < 0	1248:8:53152:53159	2725153	0	True				
ANR	2726950	RelationalExpression	code < 0		2725153	0		<			
ANR	2726951	Identifier	code		2725153	0					
ANR	2726952	PrimaryExpression	0		2725153	1					
ANR	2726953	CompoundStatement		280:18:11225:11225	2725153	1					
ANR	2726954	ExpressionStatement	pdev -> JPEG_PassThrough = 0	1249:8:53172:53198	2725153	0	True				
ANR	2726955	AssignmentExpression	pdev -> JPEG_PassThrough = 0		2725153	0		=			
ANR	2726956	PtrMemberAccess	pdev -> JPEG_PassThrough		2725153	0					
ANR	2726957	Identifier	pdev		2725153	0					
ANR	2726958	Identifier	JPEG_PassThrough		2725153	1					
ANR	2726959	PrimaryExpression	0		2725153	1					
ANR	2726960	ExpressionStatement	"gs_free ( mem -> non_gc_memory , image , 4 , sizeof ( image_union_t ) , ""pdf_begin_typed_image(image)"" )"	1250:8:53208:53346	2725153	1	True				
ANR	2726961	CallExpression	"gs_free ( mem -> non_gc_memory , image , 4 , sizeof ( image_union_t ) , ""pdf_begin_typed_image(image)"" )"		2725153	0					
ANR	2726962	Callee	gs_free		2725153	0					
ANR	2726963	Identifier	gs_free		2725153	0					
ANR	2726964	ArgumentList	mem -> non_gc_memory		2725153	1					
ANR	2726965	Argument	mem -> non_gc_memory		2725153	0					
ANR	2726966	PtrMemberAccess	mem -> non_gc_memory		2725153	0					
ANR	2726967	Identifier	mem		2725153	0					
ANR	2726968	Identifier	non_gc_memory		2725153	1					
ANR	2726969	Argument	image		2725153	1					
ANR	2726970	Identifier	image		2725153	0					
ANR	2726971	Argument	4		2725153	2					
ANR	2726972	PrimaryExpression	4		2725153	0					
ANR	2726973	Argument	sizeof ( image_union_t )		2725153	3					
ANR	2726974	SizeofExpression	sizeof ( image_union_t )		2725153	0					
ANR	2726975	Sizeof	sizeof		2725153	0					
ANR	2726976	SizeofOperand	image_union_t		2725153	1					
ANR	2726977	Argument	"""pdf_begin_typed_image(image)"""		2725153	4					
ANR	2726978	PrimaryExpression	"""pdf_begin_typed_image(image)"""		2725153	0					
ANR	2726979	ReturnStatement	"return gx_default_begin_typed_image ( ( gx_device * ) pdev , pgs , pmat , pic , prect , pdcolor , pcpath , mem , pinfo ) ;"	1252:8:53356:53487	2725153	2	True				
ANR	2726980	CallExpression	"gx_default_begin_typed_image ( ( gx_device * ) pdev , pgs , pmat , pic , prect , pdcolor , pcpath , mem , pinfo )"		2725153	0					
ANR	2726981	Callee	gx_default_begin_typed_image		2725153	0					
ANR	2726982	Identifier	gx_default_begin_typed_image		2725153	0					
ANR	2726983	ArgumentList	( gx_device * ) pdev		2725153	1					
ANR	2726984	Argument	( gx_device * ) pdev		2725153	0					
ANR	2726985	CastExpression	( gx_device * ) pdev		2725153	0					
ANR	2726986	CastTarget	gx_device *		2725153	0					
ANR	2726987	Identifier	pdev		2725153	1					
ANR	2726988	Argument	pgs		2725153	1					
ANR	2726989	Identifier	pgs		2725153	0					
ANR	2726990	Argument	pmat		2725153	2					
ANR	2726991	Identifier	pmat		2725153	0					
ANR	2726992	Argument	pic		2725153	3					
ANR	2726993	Identifier	pic		2725153	0					
ANR	2726994	Argument	prect		2725153	4					
ANR	2726995	Identifier	prect		2725153	0					
ANR	2726996	Argument	pdcolor		2725153	5					
ANR	2726997	Identifier	pdcolor		2725153	0					
ANR	2726998	Argument	pcpath		2725153	6					
ANR	2726999	Identifier	pcpath		2725153	0					
ANR	2727000	Argument	mem		2725153	7					
ANR	2727001	Identifier	mem		2725153	0					
ANR	2727002	Argument	pinfo		2725153	8					
ANR	2727003	Identifier	pinfo		2725153	0					
ANR	2727004	ExpressionStatement	"pie = gs_alloc_struct ( mem , pdf_image_enum , & st_pdf_image_enum , ""pdf_begin_image"" )"	1257:4:53500:53605	2725153	38	True				
ANR	2727005	AssignmentExpression	"pie = gs_alloc_struct ( mem , pdf_image_enum , & st_pdf_image_enum , ""pdf_begin_image"" )"		2725153	0		=			
ANR	2727006	Identifier	pie		2725153	0					
ANR	2727007	CallExpression	"gs_alloc_struct ( mem , pdf_image_enum , & st_pdf_image_enum , ""pdf_begin_image"" )"		2725153	1					
ANR	2727008	Callee	gs_alloc_struct		2725153	0					
ANR	2727009	Identifier	gs_alloc_struct		2725153	0					
ANR	2727010	ArgumentList	mem		2725153	1					
ANR	2727011	Argument	mem		2725153	0					
ANR	2727012	Identifier	mem		2725153	0					
ANR	2727013	Argument	pdf_image_enum		2725153	1					
ANR	2727014	Identifier	pdf_image_enum		2725153	0					
ANR	2727015	Argument	& st_pdf_image_enum		2725153	2					
ANR	2727016	UnaryOperationExpression	& st_pdf_image_enum		2725153	0					
ANR	2727017	UnaryOperator	&		2725153	0					
ANR	2727018	Identifier	st_pdf_image_enum		2725153	1					
ANR	2727019	Argument	"""pdf_begin_image"""		2725153	3					
ANR	2727020	PrimaryExpression	"""pdf_begin_image"""		2725153	0					
ANR	2727021	IfStatement	if ( pie == 0 )		2725153	39					
ANR	2727022	Condition	pie == 0	1259:8:53615:53622	2725153	0	True				
ANR	2727023	EqualityExpression	pie == 0		2725153	0		==			
ANR	2727024	Identifier	pie		2725153	0					
ANR	2727025	PrimaryExpression	0		2725153	1					
ANR	2727026	CompoundStatement		291:18:11688:11688	2725153	1					
ANR	2727027	ExpressionStatement	"gs_free ( mem -> non_gc_memory , image , 4 , sizeof ( image_union_t ) , ""pdf_begin_typed_image(image)"" )"	1260:8:53635:53773	2725153	0	True				
ANR	2727028	CallExpression	"gs_free ( mem -> non_gc_memory , image , 4 , sizeof ( image_union_t ) , ""pdf_begin_typed_image(image)"" )"		2725153	0					
ANR	2727029	Callee	gs_free		2725153	0					
ANR	2727030	Identifier	gs_free		2725153	0					
ANR	2727031	ArgumentList	mem -> non_gc_memory		2725153	1					
ANR	2727032	Argument	mem -> non_gc_memory		2725153	0					
ANR	2727033	PtrMemberAccess	mem -> non_gc_memory		2725153	0					
ANR	2727034	Identifier	mem		2725153	0					
ANR	2727035	Identifier	non_gc_memory		2725153	1					
ANR	2727036	Argument	image		2725153	1					
ANR	2727037	Identifier	image		2725153	0					
ANR	2727038	Argument	4		2725153	2					
ANR	2727039	PrimaryExpression	4		2725153	0					
ANR	2727040	Argument	sizeof ( image_union_t )		2725153	3					
ANR	2727041	SizeofExpression	sizeof ( image_union_t )		2725153	0					
ANR	2727042	Sizeof	sizeof		2725153	0					
ANR	2727043	SizeofOperand	image_union_t		2725153	1					
ANR	2727044	Argument	"""pdf_begin_typed_image(image)"""		2725153	4					
ANR	2727045	PrimaryExpression	"""pdf_begin_typed_image(image)"""		2725153	0					
ANR	2727046	ExpressionStatement	return_error ( gs_error_VMerror )	1262:8:53783:53813	2725153	1	True				
ANR	2727047	CallExpression	return_error ( gs_error_VMerror )		2725153	0					
ANR	2727048	Callee	return_error		2725153	0					
ANR	2727049	Identifier	return_error		2725153	0					
ANR	2727050	ArgumentList	gs_error_VMerror		2725153	1					
ANR	2727051	Argument	gs_error_VMerror		2725153	0					
ANR	2727052	Identifier	gs_error_VMerror		2725153	0					
ANR	2727053	ExpressionStatement	"memset ( pie , 0 , sizeof ( * pie ) )"	1264:4:53825:53853	2725153	40	True				
ANR	2727054	CallExpression	"memset ( pie , 0 , sizeof ( * pie ) )"		2725153	0					
ANR	2727055	Callee	memset		2725153	0					
ANR	2727056	Identifier	memset		2725153	0					
ANR	2727057	ArgumentList	pie		2725153	1					
ANR	2727058	Argument	pie		2725153	0					
ANR	2727059	Identifier	pie		2725153	0					
ANR	2727060	Argument	0		2725153	1					
ANR	2727061	PrimaryExpression	0		2725153	0					
ANR	2727062	Argument	sizeof ( * pie )		2725153	2					
ANR	2727063	SizeofExpression	sizeof ( * pie )		2725153	0					
ANR	2727064	Sizeof	sizeof		2725153	0					
ANR	2727065	UnaryOperationExpression	* pie		2725153	1					
ANR	2727066	UnaryOperator	*		2725153	0					
ANR	2727067	Identifier	pie		2725153	1					
ANR	2727068	ExpressionStatement	* pinfo = ( gx_image_enum_common_t * ) pie	1265:4:53911:53950	2725153	41	True				
ANR	2727069	AssignmentExpression	* pinfo = ( gx_image_enum_common_t * ) pie		2725153	0		=			
ANR	2727070	UnaryOperationExpression	* pinfo		2725153	0					
ANR	2727071	UnaryOperator	*		2725153	0					
ANR	2727072	Identifier	pinfo		2725153	1					
ANR	2727073	CastExpression	( gx_image_enum_common_t * ) pie		2725153	1					
ANR	2727074	CastTarget	gx_image_enum_common_t *		2725153	0					
ANR	2727075	Identifier	pie		2725153	1					
ANR	2727076	ExpressionStatement	"gx_image_enum_common_init ( * pinfo , ( const gs_data_image_t * ) pim , ( ( pdev -> CompatibilityLevel >= 1.3 ) ? ( context == PDF_IMAGE_TYPE3_MASK ? & pdf_image_object_enum_procs : & pdf_image_enum_procs ) : context == PDF_IMAGE_TYPE3_MASK ? & pdf_image_object_enum_procs : context == PDF_IMAGE_TYPE3_DATA ? & pdf_image_object_enum_procs2 : & pdf_image_enum_procs ) , ( gx_device * ) pdev , num_components , format )"	1266:4:53956:54614	2725153	42	True				
ANR	2727077	CallExpression	"gx_image_enum_common_init ( * pinfo , ( const gs_data_image_t * ) pim , ( ( pdev -> CompatibilityLevel >= 1.3 ) ? ( context == PDF_IMAGE_TYPE3_MASK ? & pdf_image_object_enum_procs : & pdf_image_enum_procs ) : context == PDF_IMAGE_TYPE3_MASK ? & pdf_image_object_enum_procs : context == PDF_IMAGE_TYPE3_DATA ? & pdf_image_object_enum_procs2 : & pdf_image_enum_procs ) , ( gx_device * ) pdev , num_components , format )"		2725153	0					
ANR	2727078	Callee	gx_image_enum_common_init		2725153	0					
ANR	2727079	Identifier	gx_image_enum_common_init		2725153	0					
ANR	2727080	ArgumentList	* pinfo		2725153	1					
ANR	2727081	Argument	* pinfo		2725153	0					
ANR	2727082	UnaryOperationExpression	* pinfo		2725153	0					
ANR	2727083	UnaryOperator	*		2725153	0					
ANR	2727084	Identifier	pinfo		2725153	1					
ANR	2727085	Argument	( const gs_data_image_t * ) pim		2725153	1					
ANR	2727086	CastExpression	( const gs_data_image_t * ) pim		2725153	0					
ANR	2727087	CastTarget	const gs_data_image_t *		2725153	0					
ANR	2727088	Identifier	pim		2725153	1					
ANR	2727089	Argument	( pdev -> CompatibilityLevel >= 1.3 ) ? ( context == PDF_IMAGE_TYPE3_MASK ? & pdf_image_object_enum_procs : & pdf_image_enum_procs ) : context == PDF_IMAGE_TYPE3_MASK ? & pdf_image_object_enum_procs : context == PDF_IMAGE_TYPE3_DATA ? & pdf_image_object_enum_procs2 : & pdf_image_enum_procs		2725153	2					
ANR	2727090	ConditionalExpression	( pdev -> CompatibilityLevel >= 1.3 ) ? ( context == PDF_IMAGE_TYPE3_MASK ? & pdf_image_object_enum_procs : & pdf_image_enum_procs ) : context == PDF_IMAGE_TYPE3_MASK ? & pdf_image_object_enum_procs : context == PDF_IMAGE_TYPE3_DATA ? & pdf_image_object_enum_procs2 : & pdf_image_enum_procs		2725153	0					
ANR	2727091	Condition	pdev -> CompatibilityLevel >= 1.3		2725153	0					
ANR	2727092	RelationalExpression	pdev -> CompatibilityLevel >= 1.3		2725153	0		>=			
ANR	2727093	PtrMemberAccess	pdev -> CompatibilityLevel		2725153	0					
ANR	2727094	Identifier	pdev		2725153	0					
ANR	2727095	Identifier	CompatibilityLevel		2725153	1					
ANR	2727096	PrimaryExpression	1.3		2725153	1					
ANR	2727097	ConditionalExpression	context == PDF_IMAGE_TYPE3_MASK ? & pdf_image_object_enum_procs : & pdf_image_enum_procs		2725153	1					
ANR	2727098	Condition	context == PDF_IMAGE_TYPE3_MASK		2725153	0					
ANR	2727099	EqualityExpression	context == PDF_IMAGE_TYPE3_MASK		2725153	0		==			
ANR	2727100	Identifier	context		2725153	0					
ANR	2727101	Identifier	PDF_IMAGE_TYPE3_MASK		2725153	1					
ANR	2727102	UnaryOperationExpression	& pdf_image_object_enum_procs		2725153	1					
ANR	2727103	UnaryOperator	&		2725153	0					
ANR	2727104	Identifier	pdf_image_object_enum_procs		2725153	1					
ANR	2727105	UnaryOperationExpression	& pdf_image_enum_procs		2725153	2					
ANR	2727106	UnaryOperator	&		2725153	0					
ANR	2727107	Identifier	pdf_image_enum_procs		2725153	1					
ANR	2727108	ConditionalExpression	context == PDF_IMAGE_TYPE3_MASK ? & pdf_image_object_enum_procs : context == PDF_IMAGE_TYPE3_DATA ? & pdf_image_object_enum_procs2 : & pdf_image_enum_procs		2725153	2					
ANR	2727109	Condition	context == PDF_IMAGE_TYPE3_MASK		2725153	0					
ANR	2727110	EqualityExpression	context == PDF_IMAGE_TYPE3_MASK		2725153	0		==			
ANR	2727111	Identifier	context		2725153	0					
ANR	2727112	Identifier	PDF_IMAGE_TYPE3_MASK		2725153	1					
ANR	2727113	UnaryOperationExpression	& pdf_image_object_enum_procs		2725153	1					
ANR	2727114	UnaryOperator	&		2725153	0					
ANR	2727115	Identifier	pdf_image_object_enum_procs		2725153	1					
ANR	2727116	ConditionalExpression	context == PDF_IMAGE_TYPE3_DATA ? & pdf_image_object_enum_procs2 : & pdf_image_enum_procs		2725153	2					
ANR	2727117	Condition	context == PDF_IMAGE_TYPE3_DATA		2725153	0					
ANR	2727118	EqualityExpression	context == PDF_IMAGE_TYPE3_DATA		2725153	0		==			
ANR	2727119	Identifier	context		2725153	0					
ANR	2727120	Identifier	PDF_IMAGE_TYPE3_DATA		2725153	1					
ANR	2727121	UnaryOperationExpression	& pdf_image_object_enum_procs2		2725153	1					
ANR	2727122	UnaryOperator	&		2725153	0					
ANR	2727123	Identifier	pdf_image_object_enum_procs2		2725153	1					
ANR	2727124	UnaryOperationExpression	& pdf_image_enum_procs		2725153	2					
ANR	2727125	UnaryOperator	&		2725153	0					
ANR	2727126	Identifier	pdf_image_enum_procs		2725153	1					
ANR	2727127	Argument	( gx_device * ) pdev		2725153	3					
ANR	2727128	CastExpression	( gx_device * ) pdev		2725153	0					
ANR	2727129	CastTarget	gx_device *		2725153	0					
ANR	2727130	Identifier	pdev		2725153	1					
ANR	2727131	Argument	num_components		2725153	4					
ANR	2727132	Identifier	num_components		2725153	0					
ANR	2727133	Argument	format		2725153	5					
ANR	2727134	Identifier	format		2725153	0					
ANR	2727135	ExpressionStatement	pie -> memory = mem	1277:4:54620:54637	2725153	43	True				
ANR	2727136	AssignmentExpression	pie -> memory = mem		2725153	0		=			
ANR	2727137	PtrMemberAccess	pie -> memory		2725153	0					
ANR	2727138	Identifier	pie		2725153	0					
ANR	2727139	Identifier	memory		2725153	1					
ANR	2727140	Identifier	mem		2725153	1					
ANR	2727141	ExpressionStatement	width = rect . q . x - rect . p . x	1278:4:54643:54670	2725153	44	True				
ANR	2727142	AssignmentExpression	width = rect . q . x - rect . p . x		2725153	0		=			
ANR	2727143	Identifier	width		2725153	0					
ANR	2727144	AdditiveExpression	rect . q . x - rect . p . x		2725153	1		-			
ANR	2727145	MemberAccess	rect . q . x		2725153	0					
ANR	2727146	MemberAccess	rect . q		2725153	0					
ANR	2727147	Identifier	rect		2725153	0					
ANR	2727148	Identifier	q		2725153	1					
ANR	2727149	Identifier	x		2725153	1					
ANR	2727150	MemberAccess	rect . p . x		2725153	1					
ANR	2727151	MemberAccess	rect . p		2725153	0					
ANR	2727152	Identifier	rect		2725153	0					
ANR	2727153	Identifier	p		2725153	1					
ANR	2727154	Identifier	x		2725153	1					
ANR	2727155	ExpressionStatement	pie -> width = width	1279:4:54676:54694	2725153	45	True				
ANR	2727156	AssignmentExpression	pie -> width = width		2725153	0		=			
ANR	2727157	PtrMemberAccess	pie -> width		2725153	0					
ANR	2727158	Identifier	pie		2725153	0					
ANR	2727159	Identifier	width		2725153	1					
ANR	2727160	Identifier	width		2725153	1					
ANR	2727161	ExpressionStatement	height = rect . q . y - rect . p . y	1280:4:54700:54728	2725153	46	True				
ANR	2727162	AssignmentExpression	height = rect . q . y - rect . p . y		2725153	0		=			
ANR	2727163	Identifier	height		2725153	0					
ANR	2727164	AdditiveExpression	rect . q . y - rect . p . y		2725153	1		-			
ANR	2727165	MemberAccess	rect . q . y		2725153	0					
ANR	2727166	MemberAccess	rect . q		2725153	0					
ANR	2727167	Identifier	rect		2725153	0					
ANR	2727168	Identifier	q		2725153	1					
ANR	2727169	Identifier	y		2725153	1					
ANR	2727170	MemberAccess	rect . p . y		2725153	1					
ANR	2727171	MemberAccess	rect . p		2725153	0					
ANR	2727172	Identifier	rect		2725153	0					
ANR	2727173	Identifier	p		2725153	1					
ANR	2727174	Identifier	y		2725153	1					
ANR	2727175	ExpressionStatement	pie -> bits_per_pixel = pim -> BitsPerComponent * num_components / pie -> num_planes	1281:4:54734:54820	2725153	47	True				
ANR	2727176	AssignmentExpression	pie -> bits_per_pixel = pim -> BitsPerComponent * num_components / pie -> num_planes		2725153	0		=			
ANR	2727177	PtrMemberAccess	pie -> bits_per_pixel		2725153	0					
ANR	2727178	Identifier	pie		2725153	0					
ANR	2727179	Identifier	bits_per_pixel		2725153	1					
ANR	2727180	MultiplicativeExpression	pim -> BitsPerComponent * num_components / pie -> num_planes		2725153	1		*			
ANR	2727181	PtrMemberAccess	pim -> BitsPerComponent		2725153	0					
ANR	2727182	Identifier	pim		2725153	0					
ANR	2727183	Identifier	BitsPerComponent		2725153	1					
ANR	2727184	MultiplicativeExpression	num_components / pie -> num_planes		2725153	1		/			
ANR	2727185	Identifier	num_components		2725153	0					
ANR	2727186	PtrMemberAccess	pie -> num_planes		2725153	1					
ANR	2727187	Identifier	pie		2725153	0					
ANR	2727188	Identifier	num_planes		2725153	1					
ANR	2727189	ExpressionStatement	pie -> rows_left = height	1283:4:54826:54849	2725153	48	True				
ANR	2727190	AssignmentExpression	pie -> rows_left = height		2725153	0		=			
ANR	2727191	PtrMemberAccess	pie -> rows_left		2725153	0					
ANR	2727192	Identifier	pie		2725153	0					
ANR	2727193	Identifier	rows_left		2725153	1					
ANR	2727194	Identifier	height		2725153	1					
ANR	2727195	IfStatement	if ( pnamed != 0 )		2725153	49					
ANR	2727196	Condition	pnamed != 0	1284:8:54859:54869	2725153	0	True				
ANR	2727197	EqualityExpression	pnamed != 0		2725153	0		!=			
ANR	2727198	Identifier	pnamed		2725153	0					
ANR	2727199	PrimaryExpression	0		2725153	1					
ANR	2727200	ExpressionStatement	in_line = false	1285:8:54926:54941	2725153	1	True				
ANR	2727201	AssignmentExpression	in_line = false		2725153	0		=			
ANR	2727202	Identifier	in_line		2725153	0					
ANR	2727203	Identifier	false		2725153	1					
ANR	2727204	ElseStatement	else		2725153	0					
ANR	2727205	CompoundStatement		319:8:13025:13149	2725153	0					
ANR	2727206	IdentifierDeclStatement	double nbytes = ( double ) ( ( ( ulong ) pie -> width * pie -> bits_per_pixel + 7 ) >> 3 ) * pie -> num_planes * pie -> rows_left ;	1287:8:54962:55086	2725153	0	True				
ANR	2727207	IdentifierDecl	nbytes = ( double ) ( ( ( ulong ) pie -> width * pie -> bits_per_pixel + 7 ) >> 3 ) * pie -> num_planes * pie -> rows_left		2725153	0					
ANR	2727208	IdentifierDeclType	double		2725153	0					
ANR	2727209	Identifier	nbytes		2725153	1					
ANR	2727210	AssignmentExpression	nbytes = ( double ) ( ( ( ulong ) pie -> width * pie -> bits_per_pixel + 7 ) >> 3 ) * pie -> num_planes * pie -> rows_left		2725153	2		=			
ANR	2727211	Identifier	nbytes		2725153	0					
ANR	2727212	MultiplicativeExpression	( double ) ( ( ( ulong ) pie -> width * pie -> bits_per_pixel + 7 ) >> 3 ) * pie -> num_planes * pie -> rows_left		2725153	1		*			
ANR	2727213	CastExpression	( double ) ( ( ( ulong ) pie -> width * pie -> bits_per_pixel + 7 ) >> 3 )		2725153	0					
ANR	2727214	CastTarget	double		2725153	0					
ANR	2727215	ShiftExpression	( ( ulong ) pie -> width * pie -> bits_per_pixel + 7 ) >> 3		2725153	1		>>			
ANR	2727216	AdditiveExpression	( ulong ) pie -> width * pie -> bits_per_pixel + 7		2725153	0		+			
ANR	2727217	MultiplicativeExpression	( ulong ) pie -> width * pie -> bits_per_pixel		2725153	0		*			
ANR	2727218	CastExpression	( ulong ) pie -> width		2725153	0					
ANR	2727219	CastTarget	ulong		2725153	0					
ANR	2727220	PtrMemberAccess	pie -> width		2725153	1					
ANR	2727221	Identifier	pie		2725153	0					
ANR	2727222	Identifier	width		2725153	1					
ANR	2727223	PtrMemberAccess	pie -> bits_per_pixel		2725153	1					
ANR	2727224	Identifier	pie		2725153	0					
ANR	2727225	Identifier	bits_per_pixel		2725153	1					
ANR	2727226	PrimaryExpression	7		2725153	1					
ANR	2727227	PrimaryExpression	3		2725153	1					
ANR	2727228	MultiplicativeExpression	pie -> num_planes * pie -> rows_left		2725153	1		*			
ANR	2727229	PtrMemberAccess	pie -> num_planes		2725153	0					
ANR	2727230	Identifier	pie		2725153	0					
ANR	2727231	Identifier	num_planes		2725153	1					
ANR	2727232	PtrMemberAccess	pie -> rows_left		2725153	1					
ANR	2727233	Identifier	pie		2725153	0					
ANR	2727234	Identifier	rows_left		2725153	1					
ANR	2727235	ExpressionStatement	in_line &= ( nbytes < pdev -> MaxInlineImageSize )	1290:8:55097:55143	2725153	1	True				
ANR	2727236	AssignmentExpression	in_line &= ( nbytes < pdev -> MaxInlineImageSize )		2725153	0		&=			
ANR	2727237	Identifier	in_line		2725153	0					
ANR	2727238	RelationalExpression	nbytes < pdev -> MaxInlineImageSize		2725153	1		<			
ANR	2727239	Identifier	nbytes		2725153	0					
ANR	2727240	PtrMemberAccess	pdev -> MaxInlineImageSize		2725153	1					
ANR	2727241	Identifier	pdev		2725153	0					
ANR	2727242	Identifier	MaxInlineImageSize		2725153	1					
ANR	2727243	ExpressionStatement	pie -> initial_colorspace = pdev -> pcm_color_info_index	1292:4:55155:55207	2725153	50	True				
ANR	2727244	AssignmentExpression	pie -> initial_colorspace = pdev -> pcm_color_info_index		2725153	0		=			
ANR	2727245	PtrMemberAccess	pie -> initial_colorspace		2725153	0					
ANR	2727246	Identifier	pie		2725153	0					
ANR	2727247	Identifier	initial_colorspace		2725153	1					
ANR	2727248	PtrMemberAccess	pdev -> pcm_color_info_index		2725153	1					
ANR	2727249	Identifier	pdev		2725153	0					
ANR	2727250	Identifier	pcm_color_info_index		2725153	1					
ANR	2727251	IfStatement	if ( pmat == 0 )		2725153	51					
ANR	2727252	Condition	pmat == 0	1294:8:55218:55226	2725153	0	True				
ANR	2727253	EqualityExpression	pmat == 0		2725153	0		==			
ANR	2727254	Identifier	pmat		2725153	0					
ANR	2727255	PrimaryExpression	0		2725153	1					
ANR	2727256	ExpressionStatement	pmat = & ctm_only ( pgs )	1295:8:55237:55258	2725153	1	True				
ANR	2727257	AssignmentExpression	pmat = & ctm_only ( pgs )		2725153	0		=			
ANR	2727258	Identifier	pmat		2725153	0					
ANR	2727259	UnaryOperationExpression	& ctm_only ( pgs )		2725153	1					
ANR	2727260	UnaryOperator	&		2725153	0					
ANR	2727261	CallExpression	ctm_only ( pgs )		2725153	1					
ANR	2727262	Callee	ctm_only		2725153	0					
ANR	2727263	Identifier	ctm_only		2725153	0					
ANR	2727264	ArgumentList	pgs		2725153	1					
ANR	2727265	Argument	pgs		2725153	0					
ANR	2727266	Identifier	pgs		2725153	0					
ANR	2727267	CompoundStatement		331:8:13384:13392	2725153	52					
ANR	2727268	IdentifierDeclStatement	gs_matrix mat ;	1297:8:55274:55287	2725153	0	True				
ANR	2727269	IdentifierDecl	mat		2725153	0					
ANR	2727270	IdentifierDeclType	gs_matrix		2725153	0					
ANR	2727271	Identifier	mat		2725153	1					
ANR	2727272	IdentifierDeclStatement	gs_matrix bmat ;	1298:8:55297:55311	2725153	1	True				
ANR	2727273	IdentifierDecl	bmat		2725153	0					
ANR	2727274	IdentifierDeclType	gs_matrix		2725153	0					
ANR	2727275	Identifier	bmat		2725153	1					
ANR	2727276	IdentifierDeclStatement	int code ;	1299:8:55321:55329	2725153	2	True				
ANR	2727277	IdentifierDecl	code		2725153	0					
ANR	2727278	IdentifierDeclType	int		2725153	0					
ANR	2727279	Identifier	code		2725153	1					
ANR	2727280	ExpressionStatement	"pdf_make_bitmap_matrix ( & bmat , - rect . p . x , - rect . p . y , pim -> Width , pim -> Height , height )"	1301:8:55340:55455	2725153	3	True				
ANR	2727281	CallExpression	"pdf_make_bitmap_matrix ( & bmat , - rect . p . x , - rect . p . y , pim -> Width , pim -> Height , height )"		2725153	0					
ANR	2727282	Callee	pdf_make_bitmap_matrix		2725153	0					
ANR	2727283	Identifier	pdf_make_bitmap_matrix		2725153	0					
ANR	2727284	ArgumentList	& bmat		2725153	1					
ANR	2727285	Argument	& bmat		2725153	0					
ANR	2727286	UnaryOperationExpression	& bmat		2725153	0					
ANR	2727287	UnaryOperator	&		2725153	0					
ANR	2727288	Identifier	bmat		2725153	1					
ANR	2727289	Argument	- rect . p . x		2725153	1					
ANR	2727290	UnaryOperationExpression	- rect . p . x		2725153	0					
ANR	2727291	UnaryOperator	-		2725153	0					
ANR	2727292	MemberAccess	rect . p . x		2725153	1					
ANR	2727293	MemberAccess	rect . p		2725153	0					
ANR	2727294	Identifier	rect		2725153	0					
ANR	2727295	Identifier	p		2725153	1					
ANR	2727296	Identifier	x		2725153	1					
ANR	2727297	Argument	- rect . p . y		2725153	2					
ANR	2727298	UnaryOperationExpression	- rect . p . y		2725153	0					
ANR	2727299	UnaryOperator	-		2725153	0					
ANR	2727300	MemberAccess	rect . p . y		2725153	1					
ANR	2727301	MemberAccess	rect . p		2725153	0					
ANR	2727302	Identifier	rect		2725153	0					
ANR	2727303	Identifier	p		2725153	1					
ANR	2727304	Identifier	y		2725153	1					
ANR	2727305	Argument	pim -> Width		2725153	3					
ANR	2727306	PtrMemberAccess	pim -> Width		2725153	0					
ANR	2727307	Identifier	pim		2725153	0					
ANR	2727308	Identifier	Width		2725153	1					
ANR	2727309	Argument	pim -> Height		2725153	4					
ANR	2727310	PtrMemberAccess	pim -> Height		2725153	0					
ANR	2727311	Identifier	pim		2725153	0					
ANR	2727312	Identifier	Height		2725153	1					
ANR	2727313	Argument	height		2725153	5					
ANR	2727314	Identifier	height		2725153	0					
ANR	2727315	IfStatement	"if ( ( code = gs_matrix_invert ( & pim -> ImageMatrix , & mat ) ) < 0 || ( code = gs_matrix_multiply ( & bmat , & mat , & mat ) ) < 0 || ( code = gs_matrix_multiply ( & mat , pmat , & pie -> mat ) ) < 0 )"		2725153	4					
ANR	2727316	Condition	"( code = gs_matrix_invert ( & pim -> ImageMatrix , & mat ) ) < 0 || ( code = gs_matrix_multiply ( & bmat , & mat , & mat ) ) < 0 || ( code = gs_matrix_multiply ( & mat , pmat , & pie -> mat ) ) < 0"	1303:12:55469:55658	2725153	0	True				
ANR	2727317	OrExpression	"( code = gs_matrix_invert ( & pim -> ImageMatrix , & mat ) ) < 0 || ( code = gs_matrix_multiply ( & bmat , & mat , & mat ) ) < 0 || ( code = gs_matrix_multiply ( & mat , pmat , & pie -> mat ) ) < 0"		2725153	0		||			
ANR	2727318	RelationalExpression	"( code = gs_matrix_invert ( & pim -> ImageMatrix , & mat ) ) < 0"		2725153	0		<			
ANR	2727319	AssignmentExpression	"code = gs_matrix_invert ( & pim -> ImageMatrix , & mat )"		2725153	0		=			
ANR	2727320	Identifier	code		2725153	0					
ANR	2727321	CallExpression	"gs_matrix_invert ( & pim -> ImageMatrix , & mat )"		2725153	1					
ANR	2727322	Callee	gs_matrix_invert		2725153	0					
ANR	2727323	Identifier	gs_matrix_invert		2725153	0					
ANR	2727324	ArgumentList	& pim -> ImageMatrix		2725153	1					
ANR	2727325	Argument	& pim -> ImageMatrix		2725153	0					
ANR	2727326	UnaryOperationExpression	& pim -> ImageMatrix		2725153	0					
ANR	2727327	UnaryOperator	&		2725153	0					
ANR	2727328	PtrMemberAccess	pim -> ImageMatrix		2725153	1					
ANR	2727329	Identifier	pim		2725153	0					
ANR	2727330	Identifier	ImageMatrix		2725153	1					
ANR	2727331	Argument	& mat		2725153	1					
ANR	2727332	UnaryOperationExpression	& mat		2725153	0					
ANR	2727333	UnaryOperator	&		2725153	0					
ANR	2727334	Identifier	mat		2725153	1					
ANR	2727335	PrimaryExpression	0		2725153	1					
ANR	2727336	OrExpression	"( code = gs_matrix_multiply ( & bmat , & mat , & mat ) ) < 0 || ( code = gs_matrix_multiply ( & mat , pmat , & pie -> mat ) ) < 0"		2725153	1		||			
ANR	2727337	RelationalExpression	"( code = gs_matrix_multiply ( & bmat , & mat , & mat ) ) < 0"		2725153	0		<			
ANR	2727338	AssignmentExpression	"code = gs_matrix_multiply ( & bmat , & mat , & mat )"		2725153	0		=			
ANR	2727339	Identifier	code		2725153	0					
ANR	2727340	CallExpression	"gs_matrix_multiply ( & bmat , & mat , & mat )"		2725153	1					
ANR	2727341	Callee	gs_matrix_multiply		2725153	0					
ANR	2727342	Identifier	gs_matrix_multiply		2725153	0					
ANR	2727343	ArgumentList	& bmat		2725153	1					
ANR	2727344	Argument	& bmat		2725153	0					
ANR	2727345	UnaryOperationExpression	& bmat		2725153	0					
ANR	2727346	UnaryOperator	&		2725153	0					
ANR	2727347	Identifier	bmat		2725153	1					
ANR	2727348	Argument	& mat		2725153	1					
ANR	2727349	UnaryOperationExpression	& mat		2725153	0					
ANR	2727350	UnaryOperator	&		2725153	0					
ANR	2727351	Identifier	mat		2725153	1					
ANR	2727352	Argument	& mat		2725153	2					
ANR	2727353	UnaryOperationExpression	& mat		2725153	0					
ANR	2727354	UnaryOperator	&		2725153	0					
ANR	2727355	Identifier	mat		2725153	1					
ANR	2727356	PrimaryExpression	0		2725153	1					
ANR	2727357	RelationalExpression	"( code = gs_matrix_multiply ( & mat , pmat , & pie -> mat ) ) < 0"		2725153	1		<			
ANR	2727358	AssignmentExpression	"code = gs_matrix_multiply ( & mat , pmat , & pie -> mat )"		2725153	0		=			
ANR	2727359	Identifier	code		2725153	0					
ANR	2727360	CallExpression	"gs_matrix_multiply ( & mat , pmat , & pie -> mat )"		2725153	1					
ANR	2727361	Callee	gs_matrix_multiply		2725153	0					
ANR	2727362	Identifier	gs_matrix_multiply		2725153	0					
ANR	2727363	ArgumentList	& mat		2725153	1					
ANR	2727364	Argument	& mat		2725153	0					
ANR	2727365	UnaryOperationExpression	& mat		2725153	0					
ANR	2727366	UnaryOperator	&		2725153	0					
ANR	2727367	Identifier	mat		2725153	1					
ANR	2727368	Argument	pmat		2725153	1					
ANR	2727369	Identifier	pmat		2725153	0					
ANR	2727370	Argument	& pie -> mat		2725153	2					
ANR	2727371	UnaryOperationExpression	& pie -> mat		2725153	0					
ANR	2727372	UnaryOperator	&		2725153	0					
ANR	2727373	PtrMemberAccess	pie -> mat		2725153	1					
ANR	2727374	Identifier	pie		2725153	0					
ANR	2727375	Identifier	mat		2725153	1					
ANR	2727376	PrimaryExpression	0		2725153	1					
ANR	2727377	CompoundStatement		338:14:13737:13737	2725153	1					
ANR	2727378	ExpressionStatement	"gs_free ( mem -> non_gc_memory , image , 4 , sizeof ( image_union_t ) , ""pdf_begin_typed_image(image)"" )"	1307:12:55688:55826	2725153	0	True				
ANR	2727379	CallExpression	"gs_free ( mem -> non_gc_memory , image , 4 , sizeof ( image_union_t ) , ""pdf_begin_typed_image(image)"" )"		2725153	0					
ANR	2727380	Callee	gs_free		2725153	0					
ANR	2727381	Identifier	gs_free		2725153	0					
ANR	2727382	ArgumentList	mem -> non_gc_memory		2725153	1					
ANR	2727383	Argument	mem -> non_gc_memory		2725153	0					
ANR	2727384	PtrMemberAccess	mem -> non_gc_memory		2725153	0					
ANR	2727385	Identifier	mem		2725153	0					
ANR	2727386	Identifier	non_gc_memory		2725153	1					
ANR	2727387	Argument	image		2725153	1					
ANR	2727388	Identifier	image		2725153	0					
ANR	2727389	Argument	4		2725153	2					
ANR	2727390	PrimaryExpression	4		2725153	0					
ANR	2727391	Argument	sizeof ( image_union_t )		2725153	3					
ANR	2727392	SizeofExpression	sizeof ( image_union_t )		2725153	0					
ANR	2727393	Sizeof	sizeof		2725153	0					
ANR	2727394	SizeofOperand	image_union_t		2725153	1					
ANR	2727395	Argument	"""pdf_begin_typed_image(image)"""		2725153	4					
ANR	2727396	PrimaryExpression	"""pdf_begin_typed_image(image)"""		2725153	0					
ANR	2727397	ExpressionStatement	"gs_free_object ( mem , pie , ""pdf_begin_image"" )"	1309:12:55840:55883	2725153	1	True				
ANR	2727398	CallExpression	"gs_free_object ( mem , pie , ""pdf_begin_image"" )"		2725153	0					
ANR	2727399	Callee	gs_free_object		2725153	0					
ANR	2727400	Identifier	gs_free_object		2725153	0					
ANR	2727401	ArgumentList	mem		2725153	1					
ANR	2727402	Argument	mem		2725153	0					
ANR	2727403	Identifier	mem		2725153	0					
ANR	2727404	Argument	pie		2725153	1					
ANR	2727405	Identifier	pie		2725153	0					
ANR	2727406	Argument	"""pdf_begin_image"""		2725153	2					
ANR	2727407	PrimaryExpression	"""pdf_begin_image"""		2725153	0					
ANR	2727408	ReturnStatement	return code ;	1310:12:55897:55908	2725153	2	True				
ANR	2727409	Identifier	code		2725153	0					
ANR	2727410	IfStatement	if ( pie -> mat . xx * pie -> mat . yy == pie -> mat . xy * pie -> mat . yx )		2725153	5					
ANR	2727411	Condition	pie -> mat . xx * pie -> mat . yy == pie -> mat . xy * pie -> mat . yx	1313:12:56011:56064	2725153	0	True				
ANR	2727412	EqualityExpression	pie -> mat . xx * pie -> mat . yy == pie -> mat . xy * pie -> mat . yx		2725153	0		==			
ANR	2727413	MultiplicativeExpression	pie -> mat . xx * pie -> mat . yy		2725153	0		*			
ANR	2727414	MemberAccess	pie -> mat . xx		2725153	0					
ANR	2727415	PtrMemberAccess	pie -> mat		2725153	0					
ANR	2727416	Identifier	pie		2725153	0					
ANR	2727417	Identifier	mat		2725153	1					
ANR	2727418	Identifier	xx		2725153	1					
ANR	2727419	MemberAccess	pie -> mat . yy		2725153	1					
ANR	2727420	PtrMemberAccess	pie -> mat		2725153	0					
ANR	2727421	Identifier	pie		2725153	0					
ANR	2727422	Identifier	mat		2725153	1					
ANR	2727423	Identifier	yy		2725153	1					
ANR	2727424	MultiplicativeExpression	pie -> mat . xy * pie -> mat . yx		2725153	1		*			
ANR	2727425	MemberAccess	pie -> mat . xy		2725153	0					
ANR	2727426	PtrMemberAccess	pie -> mat		2725153	0					
ANR	2727427	Identifier	pie		2725153	0					
ANR	2727428	Identifier	mat		2725153	1					
ANR	2727429	Identifier	xy		2725153	1					
ANR	2727430	MemberAccess	pie -> mat . yx		2725153	1					
ANR	2727431	PtrMemberAccess	pie -> mat		2725153	0					
ANR	2727432	Identifier	pie		2725153	0					
ANR	2727433	Identifier	mat		2725153	1					
ANR	2727434	Identifier	yx		2725153	1					
ANR	2727435	GotoStatement	goto fail_and_fallback ;	1314:12:56079:56101	2725153	1	True				
ANR	2727436	Identifier	fail_and_fallback		2725153	0					
ANR	2727437	ExpressionStatement	"code = pdf_put_clip_path ( pdev , pcpath )"	1317:4:56114:56152	2725153	53	True				
ANR	2727438	AssignmentExpression	"code = pdf_put_clip_path ( pdev , pcpath )"		2725153	0		=			
ANR	2727439	Identifier	code		2725153	0					
ANR	2727440	CallExpression	"pdf_put_clip_path ( pdev , pcpath )"		2725153	1					
ANR	2727441	Callee	pdf_put_clip_path		2725153	0					
ANR	2727442	Identifier	pdf_put_clip_path		2725153	0					
ANR	2727443	ArgumentList	pdev		2725153	1					
ANR	2727444	Argument	pdev		2725153	0					
ANR	2727445	Identifier	pdev		2725153	0					
ANR	2727446	Argument	pcpath		2725153	1					
ANR	2727447	Identifier	pcpath		2725153	0					
ANR	2727448	IfStatement	if ( code < 0 )		2725153	54					
ANR	2727449	Condition	code < 0	1318:8:56162:56169	2725153	0	True				
ANR	2727450	RelationalExpression	code < 0		2725153	0		<			
ANR	2727451	Identifier	code		2725153	0					
ANR	2727452	PrimaryExpression	0		2725153	1					
ANR	2727453	CompoundStatement		350:18:14235:14235	2725153	1					
ANR	2727454	ExpressionStatement	"gs_free ( mem -> non_gc_memory , image , 4 , sizeof ( image_union_t ) , ""pdf_begin_typed_image(image)"" )"	1319:8:56182:56316	2725153	0	True				
ANR	2727455	CallExpression	"gs_free ( mem -> non_gc_memory , image , 4 , sizeof ( image_union_t ) , ""pdf_begin_typed_image(image)"" )"		2725153	0					
ANR	2727456	Callee	gs_free		2725153	0					
ANR	2727457	Identifier	gs_free		2725153	0					
ANR	2727458	ArgumentList	mem -> non_gc_memory		2725153	1					
ANR	2727459	Argument	mem -> non_gc_memory		2725153	0					
ANR	2727460	PtrMemberAccess	mem -> non_gc_memory		2725153	0					
ANR	2727461	Identifier	mem		2725153	0					
ANR	2727462	Identifier	non_gc_memory		2725153	1					
ANR	2727463	Argument	image		2725153	1					
ANR	2727464	Identifier	image		2725153	0					
ANR	2727465	Argument	4		2725153	2					
ANR	2727466	PrimaryExpression	4		2725153	0					
ANR	2727467	Argument	sizeof ( image_union_t )		2725153	3					
ANR	2727468	SizeofExpression	sizeof ( image_union_t )		2725153	0					
ANR	2727469	Sizeof	sizeof		2725153	0					
ANR	2727470	SizeofOperand	image_union_t		2725153	1					
ANR	2727471	Argument	"""pdf_begin_typed_image(image)"""		2725153	4					
ANR	2727472	PrimaryExpression	"""pdf_begin_typed_image(image)"""		2725153	0					
ANR	2727473	ExpressionStatement	"gs_free_object ( mem , pie , ""pdf_begin_image"" )"	1321:8:56326:56369	2725153	1	True				
ANR	2727474	CallExpression	"gs_free_object ( mem , pie , ""pdf_begin_image"" )"		2725153	0					
ANR	2727475	Callee	gs_free_object		2725153	0					
ANR	2727476	Identifier	gs_free_object		2725153	0					
ANR	2727477	ArgumentList	mem		2725153	1					
ANR	2727478	Argument	mem		2725153	0					
ANR	2727479	Identifier	mem		2725153	0					
ANR	2727480	Argument	pie		2725153	1					
ANR	2727481	Identifier	pie		2725153	0					
ANR	2727482	Argument	"""pdf_begin_image"""		2725153	2					
ANR	2727483	PrimaryExpression	"""pdf_begin_image"""		2725153	0					
ANR	2727484	ReturnStatement	return code ;	1322:8:56379:56390	2725153	2	True				
ANR	2727485	Identifier	code		2725153	0					
ANR	2727486	ExpressionStatement	pdf_image_writer_init ( & pie -> writer )	1324:4:56402:56437	2725153	55	True				
ANR	2727487	CallExpression	pdf_image_writer_init ( & pie -> writer )		2725153	0					
ANR	2727488	Callee	pdf_image_writer_init		2725153	0					
ANR	2727489	Identifier	pdf_image_writer_init		2725153	0					
ANR	2727490	ArgumentList	& pie -> writer		2725153	1					
ANR	2727491	Argument	& pie -> writer		2725153	0					
ANR	2727492	UnaryOperationExpression	& pie -> writer		2725153	0					
ANR	2727493	UnaryOperator	&		2725153	0					
ANR	2727494	PtrMemberAccess	pie -> writer		2725153	1					
ANR	2727495	Identifier	pie		2725153	0					
ANR	2727496	Identifier	writer		2725153	1					
ANR	2727497	ExpressionStatement	pie -> writer . alt_writer_count = ( in_line || ( pim -> Width <= 64 && pim -> Height <= 64 ) ? 1 : 2 )	1333:4:56848:57011	2725153	56	True				
ANR	2727498	AssignmentExpression	pie -> writer . alt_writer_count = ( in_line || ( pim -> Width <= 64 && pim -> Height <= 64 ) ? 1 : 2 )		2725153	0		=			
ANR	2727499	MemberAccess	pie -> writer . alt_writer_count		2725153	0					
ANR	2727500	PtrMemberAccess	pie -> writer		2725153	0					
ANR	2727501	Identifier	pie		2725153	0					
ANR	2727502	Identifier	writer		2725153	1					
ANR	2727503	Identifier	alt_writer_count		2725153	1					
ANR	2727504	ConditionalExpression	in_line || ( pim -> Width <= 64 && pim -> Height <= 64 ) ? 1 : 2		2725153	1					
ANR	2727505	Condition	in_line || ( pim -> Width <= 64 && pim -> Height <= 64 )		2725153	0					
ANR	2727506	OrExpression	in_line || ( pim -> Width <= 64 && pim -> Height <= 64 )		2725153	0		||			
ANR	2727507	Identifier	in_line		2725153	0					
ANR	2727508	AndExpression	pim -> Width <= 64 && pim -> Height <= 64		2725153	1		&&			
ANR	2727509	RelationalExpression	pim -> Width <= 64		2725153	0		<=			
ANR	2727510	PtrMemberAccess	pim -> Width		2725153	0					
ANR	2727511	Identifier	pim		2725153	0					
ANR	2727512	Identifier	Width		2725153	1					
ANR	2727513	PrimaryExpression	64		2725153	1					
ANR	2727514	RelationalExpression	pim -> Height <= 64		2725153	1		<=			
ANR	2727515	PtrMemberAccess	pim -> Height		2725153	0					
ANR	2727516	Identifier	pim		2725153	0					
ANR	2727517	Identifier	Height		2725153	1					
ANR	2727518	PrimaryExpression	64		2725153	1					
ANR	2727519	PrimaryExpression	1		2725153	1					
ANR	2727520	PrimaryExpression	2		2725153	2					
ANR	2727521	IfStatement	if ( ( image [ 0 ] . pixel . ColorSpace != NULL && image [ 0 ] . pixel . ColorSpace -> type -> index == gs_color_space_index_Indexed && pdev -> params . ColorImage . DownsampleType != ds_Subsample ) || pdev -> transfer_not_identity )		2725153	57					
ANR	2727522	Condition	( image [ 0 ] . pixel . ColorSpace != NULL && image [ 0 ] . pixel . ColorSpace -> type -> index == gs_color_space_index_Indexed && pdev -> params . ColorImage . DownsampleType != ds_Subsample ) || pdev -> transfer_not_identity	1336:8:57021:57242	2725153	0	True				
ANR	2727523	OrExpression	( image [ 0 ] . pixel . ColorSpace != NULL && image [ 0 ] . pixel . ColorSpace -> type -> index == gs_color_space_index_Indexed && pdev -> params . ColorImage . DownsampleType != ds_Subsample ) || pdev -> transfer_not_identity		2725153	0		||			
ANR	2727524	AndExpression	image [ 0 ] . pixel . ColorSpace != NULL && image [ 0 ] . pixel . ColorSpace -> type -> index == gs_color_space_index_Indexed && pdev -> params . ColorImage . DownsampleType != ds_Subsample		2725153	0		&&			
ANR	2727525	EqualityExpression	image [ 0 ] . pixel . ColorSpace != NULL		2725153	0		!=			
ANR	2727526	MemberAccess	image [ 0 ] . pixel . ColorSpace		2725153	0					
ANR	2727527	MemberAccess	image [ 0 ] . pixel		2725153	0					
ANR	2727528	ArrayIndexing	image [ 0 ]		2725153	0					
ANR	2727529	Identifier	image		2725153	0					
ANR	2727530	PrimaryExpression	0		2725153	1					
ANR	2727531	Identifier	pixel		2725153	1					
ANR	2727532	Identifier	ColorSpace		2725153	1					
ANR	2727533	Identifier	NULL		2725153	1					
ANR	2727534	AndExpression	image [ 0 ] . pixel . ColorSpace -> type -> index == gs_color_space_index_Indexed && pdev -> params . ColorImage . DownsampleType != ds_Subsample		2725153	1		&&			
ANR	2727535	EqualityExpression	image [ 0 ] . pixel . ColorSpace -> type -> index == gs_color_space_index_Indexed		2725153	0		==			
ANR	2727536	PtrMemberAccess	image [ 0 ] . pixel . ColorSpace -> type -> index		2725153	0					
ANR	2727537	PtrMemberAccess	image [ 0 ] . pixel . ColorSpace -> type		2725153	0					
ANR	2727538	MemberAccess	image [ 0 ] . pixel . ColorSpace		2725153	0					
ANR	2727539	MemberAccess	image [ 0 ] . pixel		2725153	0					
ANR	2727540	ArrayIndexing	image [ 0 ]		2725153	0					
ANR	2727541	Identifier	image		2725153	0					
ANR	2727542	PrimaryExpression	0		2725153	1					
ANR	2727543	Identifier	pixel		2725153	1					
ANR	2727544	Identifier	ColorSpace		2725153	1					
ANR	2727545	Identifier	type		2725153	1					
ANR	2727546	Identifier	index		2725153	1					
ANR	2727547	Identifier	gs_color_space_index_Indexed		2725153	1					
ANR	2727548	EqualityExpression	pdev -> params . ColorImage . DownsampleType != ds_Subsample		2725153	1		!=			
ANR	2727549	MemberAccess	pdev -> params . ColorImage . DownsampleType		2725153	0					
ANR	2727550	MemberAccess	pdev -> params . ColorImage		2725153	0					
ANR	2727551	PtrMemberAccess	pdev -> params		2725153	0					
ANR	2727552	Identifier	pdev		2725153	0					
ANR	2727553	Identifier	params		2725153	1					
ANR	2727554	Identifier	ColorImage		2725153	1					
ANR	2727555	Identifier	DownsampleType		2725153	1					
ANR	2727556	Identifier	ds_Subsample		2725153	1					
ANR	2727557	PtrMemberAccess	pdev -> transfer_not_identity		2725153	1					
ANR	2727558	Identifier	pdev		2725153	0					
ANR	2727559	Identifier	transfer_not_identity		2725153	1					
ANR	2727560	ExpressionStatement	force_lossless = true	1340:8:57253:57274	2725153	1	True				
ANR	2727561	AssignmentExpression	force_lossless = true		2725153	0		=			
ANR	2727562	Identifier	force_lossless		2725153	0					
ANR	2727563	Identifier	true		2725153	1					
ANR	2727564	IfStatement	if ( ( image [ 0 ] . pixel . ColorSpace != NULL && image [ 0 ] . pixel . ColorSpace -> type -> index == gs_color_space_index_Indexed ) || force_lossless )		2725153	58					
ANR	2727565	Condition	( image [ 0 ] . pixel . ColorSpace != NULL && image [ 0 ] . pixel . ColorSpace -> type -> index == gs_color_space_index_Indexed ) || force_lossless	1342:8:57285:57419	2725153	0	True				
ANR	2727566	OrExpression	( image [ 0 ] . pixel . ColorSpace != NULL && image [ 0 ] . pixel . ColorSpace -> type -> index == gs_color_space_index_Indexed ) || force_lossless		2725153	0		||			
ANR	2727567	AndExpression	image [ 0 ] . pixel . ColorSpace != NULL && image [ 0 ] . pixel . ColorSpace -> type -> index == gs_color_space_index_Indexed		2725153	0		&&			
ANR	2727568	EqualityExpression	image [ 0 ] . pixel . ColorSpace != NULL		2725153	0		!=			
ANR	2727569	MemberAccess	image [ 0 ] . pixel . ColorSpace		2725153	0					
ANR	2727570	MemberAccess	image [ 0 ] . pixel		2725153	0					
ANR	2727571	ArrayIndexing	image [ 0 ]		2725153	0					
ANR	2727572	Identifier	image		2725153	0					
ANR	2727573	PrimaryExpression	0		2725153	1					
ANR	2727574	Identifier	pixel		2725153	1					
ANR	2727575	Identifier	ColorSpace		2725153	1					
ANR	2727576	Identifier	NULL		2725153	1					
ANR	2727577	EqualityExpression	image [ 0 ] . pixel . ColorSpace -> type -> index == gs_color_space_index_Indexed		2725153	1		==			
ANR	2727578	PtrMemberAccess	image [ 0 ] . pixel . ColorSpace -> type -> index		2725153	0					
ANR	2727579	PtrMemberAccess	image [ 0 ] . pixel . ColorSpace -> type		2725153	0					
ANR	2727580	MemberAccess	image [ 0 ] . pixel . ColorSpace		2725153	0					
ANR	2727581	MemberAccess	image [ 0 ] . pixel		2725153	0					
ANR	2727582	ArrayIndexing	image [ 0 ]		2725153	0					
ANR	2727583	Identifier	image		2725153	0					
ANR	2727584	PrimaryExpression	0		2725153	1					
ANR	2727585	Identifier	pixel		2725153	1					
ANR	2727586	Identifier	ColorSpace		2725153	1					
ANR	2727587	Identifier	type		2725153	1					
ANR	2727588	Identifier	index		2725153	1					
ANR	2727589	Identifier	gs_color_space_index_Indexed		2725153	1					
ANR	2727590	Identifier	force_lossless		2725153	1					
ANR	2727591	ExpressionStatement	pie -> writer . alt_writer_count = 1	1344:8:57430:57462	2725153	1	True				
ANR	2727592	AssignmentExpression	pie -> writer . alt_writer_count = 1		2725153	0		=			
ANR	2727593	MemberAccess	pie -> writer . alt_writer_count		2725153	0					
ANR	2727594	PtrMemberAccess	pie -> writer		2725153	0					
ANR	2727595	Identifier	pie		2725153	0					
ANR	2727596	Identifier	writer		2725153	1					
ANR	2727597	Identifier	alt_writer_count		2725153	1					
ANR	2727598	PrimaryExpression	1		2725153	1					
ANR	2727599	ExpressionStatement	names = ( in_line ? & pdf_color_space_names_short : & pdf_color_space_names )	1346:4:57469:57542	2725153	59	True				
ANR	2727600	AssignmentExpression	names = ( in_line ? & pdf_color_space_names_short : & pdf_color_space_names )		2725153	0		=			
ANR	2727601	Identifier	names		2725153	0					
ANR	2727602	ConditionalExpression	in_line ? & pdf_color_space_names_short : & pdf_color_space_names		2725153	1					
ANR	2727603	Condition	in_line		2725153	0					
ANR	2727604	Identifier	in_line		2725153	0					
ANR	2727605	UnaryOperationExpression	& pdf_color_space_names_short		2725153	1					
ANR	2727606	UnaryOperator	&		2725153	0					
ANR	2727607	Identifier	pdf_color_space_names_short		2725153	1					
ANR	2727608	UnaryOperationExpression	& pdf_color_space_names		2725153	2					
ANR	2727609	UnaryOperator	&		2725153	0					
ANR	2727610	Identifier	pdf_color_space_names		2725153	1					
ANR	2727611	IfStatement	if ( ! is_mask )		2725153	60					
ANR	2727612	Condition	! is_mask	1349:8:57652:57659	2725153	0	True				
ANR	2727613	UnaryOperationExpression	! is_mask		2725153	0					
ANR	2727614	UnaryOperator	!		2725153	0					
ANR	2727615	Identifier	is_mask		2725153	1					
ANR	2727616	CompoundStatement		381:18:15725:15725	2725153	1					
ANR	2727617	IfStatement	if ( image [ 0 ] . pixel . ColorSpace != NULL && ! ( context == PDF_IMAGE_TYPE3_MASK ) )		2725153	0					
ANR	2727618	Condition	image [ 0 ] . pixel . ColorSpace != NULL && ! ( context == PDF_IMAGE_TYPE3_MASK )	1350:12:57676:57746	2725153	0	True				
ANR	2727619	AndExpression	image [ 0 ] . pixel . ColorSpace != NULL && ! ( context == PDF_IMAGE_TYPE3_MASK )		2725153	0		&&			
ANR	2727620	EqualityExpression	image [ 0 ] . pixel . ColorSpace != NULL		2725153	0		!=			
ANR	2727621	MemberAccess	image [ 0 ] . pixel . ColorSpace		2725153	0					
ANR	2727622	MemberAccess	image [ 0 ] . pixel		2725153	0					
ANR	2727623	ArrayIndexing	image [ 0 ]		2725153	0					
ANR	2727624	Identifier	image		2725153	0					
ANR	2727625	PrimaryExpression	0		2725153	1					
ANR	2727626	Identifier	pixel		2725153	1					
ANR	2727627	Identifier	ColorSpace		2725153	1					
ANR	2727628	Identifier	NULL		2725153	1					
ANR	2727629	UnaryOperationExpression	! ( context == PDF_IMAGE_TYPE3_MASK )		2725153	1					
ANR	2727630	UnaryOperator	!		2725153	0					
ANR	2727631	EqualityExpression	context == PDF_IMAGE_TYPE3_MASK		2725153	1		==			
ANR	2727632	Identifier	context		2725153	0					
ANR	2727633	Identifier	PDF_IMAGE_TYPE3_MASK		2725153	1					
ANR	2727634	ExpressionStatement	"convert_to_process_colors = setup_image_colorspace ( pdev , & image [ 0 ] , pcs , & pcs_orig , names , & cs_value )"	1351:12:57761:57862	2725153	1	True				
ANR	2727635	AssignmentExpression	"convert_to_process_colors = setup_image_colorspace ( pdev , & image [ 0 ] , pcs , & pcs_orig , names , & cs_value )"		2725153	0		=			
ANR	2727636	Identifier	convert_to_process_colors		2725153	0					
ANR	2727637	CallExpression	"setup_image_colorspace ( pdev , & image [ 0 ] , pcs , & pcs_orig , names , & cs_value )"		2725153	1					
ANR	2727638	Callee	setup_image_colorspace		2725153	0					
ANR	2727639	Identifier	setup_image_colorspace		2725153	0					
ANR	2727640	ArgumentList	pdev		2725153	1					
ANR	2727641	Argument	pdev		2725153	0					
ANR	2727642	Identifier	pdev		2725153	0					
ANR	2727643	Argument	& image [ 0 ]		2725153	1					
ANR	2727644	UnaryOperationExpression	& image [ 0 ]		2725153	0					
ANR	2727645	UnaryOperator	&		2725153	0					
ANR	2727646	ArrayIndexing	image [ 0 ]		2725153	1					
ANR	2727647	Identifier	image		2725153	0					
ANR	2727648	PrimaryExpression	0		2725153	1					
ANR	2727649	Argument	pcs		2725153	2					
ANR	2727650	Identifier	pcs		2725153	0					
ANR	2727651	Argument	& pcs_orig		2725153	3					
ANR	2727652	UnaryOperationExpression	& pcs_orig		2725153	0					
ANR	2727653	UnaryOperator	&		2725153	0					
ANR	2727654	Identifier	pcs_orig		2725153	1					
ANR	2727655	Argument	names		2725153	4					
ANR	2727656	Identifier	names		2725153	0					
ANR	2727657	Argument	& cs_value		2725153	5					
ANR	2727658	UnaryOperationExpression	& cs_value		2725153	0					
ANR	2727659	UnaryOperator	&		2725153	0					
ANR	2727660	Identifier	cs_value		2725153	1					
ANR	2727661	IfStatement	if ( pim -> BitsPerComponent > 8 && convert_to_process_colors )		2725153	1					
ANR	2727662	Condition	pim -> BitsPerComponent > 8 && convert_to_process_colors	1353:12:57877:57930	2725153	0	True				
ANR	2727663	AndExpression	pim -> BitsPerComponent > 8 && convert_to_process_colors		2725153	0		&&			
ANR	2727664	RelationalExpression	pim -> BitsPerComponent > 8		2725153	0		>			
ANR	2727665	PtrMemberAccess	pim -> BitsPerComponent		2725153	0					
ANR	2727666	Identifier	pim		2725153	0					
ANR	2727667	Identifier	BitsPerComponent		2725153	1					
ANR	2727668	PrimaryExpression	8		2725153	1					
ANR	2727669	Identifier	convert_to_process_colors		2725153	1					
ANR	2727670	GotoStatement	goto fail_and_fallback ;	1354:12:57945:57967	2725153	1	True				
ANR	2727671	Identifier	fail_and_fallback		2725153	0					
ANR	2727672	IfStatement	if ( convert_to_process_colors == 4 )		2725153	2					
ANR	2727673	Condition	convert_to_process_colors == 4	1355:12:57981:58010	2725153	0	True				
ANR	2727674	EqualityExpression	convert_to_process_colors == 4		2725153	0		==			
ANR	2727675	Identifier	convert_to_process_colors		2725153	0					
ANR	2727676	PrimaryExpression	4		2725153	1					
ANR	2727677	CompoundStatement		387:44:16076:16076	2725153	1					
ANR	2727678	ExpressionStatement	"code = convert_DeviceN_alternate ( pdev , pgs , pcs , NULL , NULL , NULL , NULL , & cs_value , in_line )"	1356:12:58027:58119	2725153	0	True				
ANR	2727679	AssignmentExpression	"code = convert_DeviceN_alternate ( pdev , pgs , pcs , NULL , NULL , NULL , NULL , & cs_value , in_line )"		2725153	0		=			
ANR	2727680	Identifier	code		2725153	0					
ANR	2727681	CallExpression	"convert_DeviceN_alternate ( pdev , pgs , pcs , NULL , NULL , NULL , NULL , & cs_value , in_line )"		2725153	1					
ANR	2727682	Callee	convert_DeviceN_alternate		2725153	0					
ANR	2727683	Identifier	convert_DeviceN_alternate		2725153	0					
ANR	2727684	ArgumentList	pdev		2725153	1					
ANR	2727685	Argument	pdev		2725153	0					
ANR	2727686	Identifier	pdev		2725153	0					
ANR	2727687	Argument	pgs		2725153	1					
ANR	2727688	Identifier	pgs		2725153	0					
ANR	2727689	Argument	pcs		2725153	2					
ANR	2727690	Identifier	pcs		2725153	0					
ANR	2727691	Argument	NULL		2725153	3					
ANR	2727692	Identifier	NULL		2725153	0					
ANR	2727693	Argument	NULL		2725153	4					
ANR	2727694	Identifier	NULL		2725153	0					
ANR	2727695	Argument	NULL		2725153	5					
ANR	2727696	Identifier	NULL		2725153	0					
ANR	2727697	Argument	NULL		2725153	6					
ANR	2727698	Identifier	NULL		2725153	0					
ANR	2727699	Argument	& cs_value		2725153	7					
ANR	2727700	UnaryOperationExpression	& cs_value		2725153	0					
ANR	2727701	UnaryOperator	&		2725153	0					
ANR	2727702	Identifier	cs_value		2725153	1					
ANR	2727703	Argument	in_line		2725153	8					
ANR	2727704	Identifier	in_line		2725153	0					
ANR	2727705	IfStatement	if ( code < 0 )		2725153	1					
ANR	2727706	Condition	code < 0	1357:16:58137:58144	2725153	0	True				
ANR	2727707	RelationalExpression	code < 0		2725153	0		<			
ANR	2727708	Identifier	code		2725153	0					
ANR	2727709	PrimaryExpression	0		2725153	1					
ANR	2727710	GotoStatement	goto fail_and_fallback ;	1358:16:58163:58185	2725153	1	True				
ANR	2727711	Identifier	fail_and_fallback		2725153	0					
ANR	2727712	IfStatement	if ( convert_to_process_colors == 3 )		2725153	3					
ANR	2727713	Condition	convert_to_process_colors == 3	1360:12:58209:58238	2725153	0	True				
ANR	2727714	EqualityExpression	convert_to_process_colors == 3		2725153	0		==			
ANR	2727715	Identifier	convert_to_process_colors		2725153	0					
ANR	2727716	PrimaryExpression	3		2725153	1					
ANR	2727717	CompoundStatement		392:44:16304:16304	2725153	1					
ANR	2727718	ExpressionStatement	"code = convert_separation_alternate ( pdev , pgs , pcs , NULL , NULL , NULL , NULL , & cs_value , in_line )"	1361:12:58255:58350	2725153	0	True				
ANR	2727719	AssignmentExpression	"code = convert_separation_alternate ( pdev , pgs , pcs , NULL , NULL , NULL , NULL , & cs_value , in_line )"		2725153	0		=			
ANR	2727720	Identifier	code		2725153	0					
ANR	2727721	CallExpression	"convert_separation_alternate ( pdev , pgs , pcs , NULL , NULL , NULL , NULL , & cs_value , in_line )"		2725153	1					
ANR	2727722	Callee	convert_separation_alternate		2725153	0					
ANR	2727723	Identifier	convert_separation_alternate		2725153	0					
ANR	2727724	ArgumentList	pdev		2725153	1					
ANR	2727725	Argument	pdev		2725153	0					
ANR	2727726	Identifier	pdev		2725153	0					
ANR	2727727	Argument	pgs		2725153	1					
ANR	2727728	Identifier	pgs		2725153	0					
ANR	2727729	Argument	pcs		2725153	2					
ANR	2727730	Identifier	pcs		2725153	0					
ANR	2727731	Argument	NULL		2725153	3					
ANR	2727732	Identifier	NULL		2725153	0					
ANR	2727733	Argument	NULL		2725153	4					
ANR	2727734	Identifier	NULL		2725153	0					
ANR	2727735	Argument	NULL		2725153	5					
ANR	2727736	Identifier	NULL		2725153	0					
ANR	2727737	Argument	NULL		2725153	6					
ANR	2727738	Identifier	NULL		2725153	0					
ANR	2727739	Argument	& cs_value		2725153	7					
ANR	2727740	UnaryOperationExpression	& cs_value		2725153	0					
ANR	2727741	UnaryOperator	&		2725153	0					
ANR	2727742	Identifier	cs_value		2725153	1					
ANR	2727743	Argument	in_line		2725153	8					
ANR	2727744	Identifier	in_line		2725153	0					
ANR	2727745	IfStatement	if ( code < 0 )		2725153	1					
ANR	2727746	Condition	code < 0	1362:16:58368:58375	2725153	0	True				
ANR	2727747	RelationalExpression	code < 0		2725153	0		<			
ANR	2727748	Identifier	code		2725153	0					
ANR	2727749	PrimaryExpression	0		2725153	1					
ANR	2727750	GotoStatement	goto fail_and_fallback ;	1363:16:58394:58416	2725153	1	True				
ANR	2727751	Identifier	fail_and_fallback		2725153	0					
ANR	2727752	IfStatement	if ( convert_to_process_colors == 1 )		2725153	4					
ANR	2727753	Condition	convert_to_process_colors == 1	1365:12:58440:58469	2725153	0	True				
ANR	2727754	EqualityExpression	convert_to_process_colors == 1		2725153	0		==			
ANR	2727755	Identifier	convert_to_process_colors		2725153	0					
ANR	2727756	PrimaryExpression	1		2725153	1					
ANR	2727757	CompoundStatement		397:44:16535:16535	2725153	1					
ANR	2727758	ExpressionStatement	"code = make_device_color_space ( pdev , pdev -> pcm_color_info_index , & pcs_device )"	1366:12:58486:58563	2725153	0	True				
ANR	2727759	AssignmentExpression	"code = make_device_color_space ( pdev , pdev -> pcm_color_info_index , & pcs_device )"		2725153	0		=			
ANR	2727760	Identifier	code		2725153	0					
ANR	2727761	CallExpression	"make_device_color_space ( pdev , pdev -> pcm_color_info_index , & pcs_device )"		2725153	1					
ANR	2727762	Callee	make_device_color_space		2725153	0					
ANR	2727763	Identifier	make_device_color_space		2725153	0					
ANR	2727764	ArgumentList	pdev		2725153	1					
ANR	2727765	Argument	pdev		2725153	0					
ANR	2727766	Identifier	pdev		2725153	0					
ANR	2727767	Argument	pdev -> pcm_color_info_index		2725153	1					
ANR	2727768	PtrMemberAccess	pdev -> pcm_color_info_index		2725153	0					
ANR	2727769	Identifier	pdev		2725153	0					
ANR	2727770	Identifier	pcm_color_info_index		2725153	1					
ANR	2727771	Argument	& pcs_device		2725153	2					
ANR	2727772	UnaryOperationExpression	& pcs_device		2725153	0					
ANR	2727773	UnaryOperator	&		2725153	0					
ANR	2727774	Identifier	pcs_device		2725153	1					
ANR	2727775	IfStatement	if ( code < 0 )		2725153	1					
ANR	2727776	Condition	code < 0	1367:16:58581:58588	2725153	0	True				
ANR	2727777	RelationalExpression	code < 0		2725153	0		<			
ANR	2727778	Identifier	code		2725153	0					
ANR	2727779	PrimaryExpression	0		2725153	1					
ANR	2727780	GotoStatement	goto fail_and_fallback ;	1368:16:58607:58629	2725153	1	True				
ANR	2727781	Identifier	fail_and_fallback		2725153	0					
ANR	2727782	ExpressionStatement	image [ 0 ] . pixel . ColorSpace = pcs_device	1369:12:58643:58681	2725153	2	True				
ANR	2727783	AssignmentExpression	image [ 0 ] . pixel . ColorSpace = pcs_device		2725153	0		=			
ANR	2727784	MemberAccess	image [ 0 ] . pixel . ColorSpace		2725153	0					
ANR	2727785	MemberAccess	image [ 0 ] . pixel		2725153	0					
ANR	2727786	ArrayIndexing	image [ 0 ]		2725153	0					
ANR	2727787	Identifier	image		2725153	0					
ANR	2727788	PrimaryExpression	0		2725153	1					
ANR	2727789	Identifier	pixel		2725153	1					
ANR	2727790	Identifier	ColorSpace		2725153	1					
ANR	2727791	Identifier	pcs_device		2725153	1					
ANR	2727792	ExpressionStatement	"code = pdf_color_space_named ( pdev , pgs , & cs_value , & pranges , pcs_device , names , in_line , NULL , 0 , false )"	1370:12:58695:58836	2725153	3	True				
ANR	2727793	AssignmentExpression	"code = pdf_color_space_named ( pdev , pgs , & cs_value , & pranges , pcs_device , names , in_line , NULL , 0 , false )"		2725153	0		=			
ANR	2727794	Identifier	code		2725153	0					
ANR	2727795	CallExpression	"pdf_color_space_named ( pdev , pgs , & cs_value , & pranges , pcs_device , names , in_line , NULL , 0 , false )"		2725153	1					
ANR	2727796	Callee	pdf_color_space_named		2725153	0					
ANR	2727797	Identifier	pdf_color_space_named		2725153	0					
ANR	2727798	ArgumentList	pdev		2725153	1					
ANR	2727799	Argument	pdev		2725153	0					
ANR	2727800	Identifier	pdev		2725153	0					
ANR	2727801	Argument	pgs		2725153	1					
ANR	2727802	Identifier	pgs		2725153	0					
ANR	2727803	Argument	& cs_value		2725153	2					
ANR	2727804	UnaryOperationExpression	& cs_value		2725153	0					
ANR	2727805	UnaryOperator	&		2725153	0					
ANR	2727806	Identifier	cs_value		2725153	1					
ANR	2727807	Argument	& pranges		2725153	3					
ANR	2727808	UnaryOperationExpression	& pranges		2725153	0					
ANR	2727809	UnaryOperator	&		2725153	0					
ANR	2727810	Identifier	pranges		2725153	1					
ANR	2727811	Argument	pcs_device		2725153	4					
ANR	2727812	Identifier	pcs_device		2725153	0					
ANR	2727813	Argument	names		2725153	5					
ANR	2727814	Identifier	names		2725153	0					
ANR	2727815	Argument	in_line		2725153	6					
ANR	2727816	Identifier	in_line		2725153	0					
ANR	2727817	Argument	NULL		2725153	7					
ANR	2727818	Identifier	NULL		2725153	0					
ANR	2727819	Argument	0		2725153	8					
ANR	2727820	PrimaryExpression	0		2725153	0					
ANR	2727821	Argument	false		2725153	9					
ANR	2727822	Identifier	false		2725153	0					
ANR	2727823	IfStatement	if ( code < 0 )		2725153	4					
ANR	2727824	Condition	code < 0	1372:16:58854:58861	2725153	0	True				
ANR	2727825	RelationalExpression	code < 0		2725153	0		<			
ANR	2727826	Identifier	code		2725153	0					
ANR	2727827	PrimaryExpression	0		2725153	1					
ANR	2727828	GotoStatement	goto fail_and_fallback ;	1373:16:58880:58902	2725153	1	True				
ANR	2727829	Identifier	fail_and_fallback		2725153	0					
ANR	2727830	ElseStatement	else		2725153	0					
ANR	2727831	CompoundStatement		406:15:16982:16982	2725153	0					
ANR	2727832	IfStatement	if ( convert_to_process_colors == 2 )		2725153	0					
ANR	2727833	Condition	convert_to_process_colors == 2	1375:16:58937:58966	2725153	0	True				
ANR	2727834	EqualityExpression	convert_to_process_colors == 2		2725153	0		==			
ANR	2727835	Identifier	convert_to_process_colors		2725153	0					
ANR	2727836	PrimaryExpression	2		2725153	1					
ANR	2727837	CompoundStatement		407:48:17032:17032	2725153	1					
ANR	2727838	ExpressionStatement	convert_to_process_colors = 0	1376:16:58987:59016	2725153	0	True				
ANR	2727839	AssignmentExpression	convert_to_process_colors = 0		2725153	0		=			
ANR	2727840	Identifier	convert_to_process_colors		2725153	0					
ANR	2727841	PrimaryExpression	0		2725153	1					
ANR	2727842	ExpressionStatement	"code = pdf_color_space_named ( pdev , pgs , & cs_value , & pranges , pcs , names , in_line , NULL , 0 , true )"	1377:16:59034:59167	2725153	1	True				
ANR	2727843	AssignmentExpression	"code = pdf_color_space_named ( pdev , pgs , & cs_value , & pranges , pcs , names , in_line , NULL , 0 , true )"		2725153	0		=			
ANR	2727844	Identifier	code		2725153	0					
ANR	2727845	CallExpression	"pdf_color_space_named ( pdev , pgs , & cs_value , & pranges , pcs , names , in_line , NULL , 0 , true )"		2725153	1					
ANR	2727846	Callee	pdf_color_space_named		2725153	0					
ANR	2727847	Identifier	pdf_color_space_named		2725153	0					
ANR	2727848	ArgumentList	pdev		2725153	1					
ANR	2727849	Argument	pdev		2725153	0					
ANR	2727850	Identifier	pdev		2725153	0					
ANR	2727851	Argument	pgs		2725153	1					
ANR	2727852	Identifier	pgs		2725153	0					
ANR	2727853	Argument	& cs_value		2725153	2					
ANR	2727854	UnaryOperationExpression	& cs_value		2725153	0					
ANR	2727855	UnaryOperator	&		2725153	0					
ANR	2727856	Identifier	cs_value		2725153	1					
ANR	2727857	Argument	& pranges		2725153	3					
ANR	2727858	UnaryOperationExpression	& pranges		2725153	0					
ANR	2727859	UnaryOperator	&		2725153	0					
ANR	2727860	Identifier	pranges		2725153	1					
ANR	2727861	Argument	pcs		2725153	4					
ANR	2727862	Identifier	pcs		2725153	0					
ANR	2727863	Argument	names		2725153	5					
ANR	2727864	Identifier	names		2725153	0					
ANR	2727865	Argument	in_line		2725153	6					
ANR	2727866	Identifier	in_line		2725153	0					
ANR	2727867	Argument	NULL		2725153	7					
ANR	2727868	Identifier	NULL		2725153	0					
ANR	2727869	Argument	0		2725153	8					
ANR	2727870	PrimaryExpression	0		2725153	0					
ANR	2727871	Argument	true		2725153	9					
ANR	2727872	Identifier	true		2725153	0					
ANR	2727873	IfStatement	if ( code < 0 )		2725153	2					
ANR	2727874	Condition	code < 0	1379:20:59189:59196	2725153	0	True				
ANR	2727875	RelationalExpression	code < 0		2725153	0		<			
ANR	2727876	Identifier	code		2725153	0					
ANR	2727877	PrimaryExpression	0		2725153	1					
ANR	2727878	GotoStatement	goto fail_and_fallback ;	1380:20:59219:59241	2725153	1	True				
ANR	2727879	Identifier	fail_and_fallback		2725153	0					
ANR	2727880	ElseStatement	else		2725153	0					
ANR	2727881	CompoundStatement		413:19:17325:17325	2725153	0					
ANR	2727882	ExpressionStatement	convert_to_process_colors = 0	1382:16:59280:59309	2725153	0	True				
ANR	2727883	AssignmentExpression	convert_to_process_colors = 0		2725153	0		=			
ANR	2727884	Identifier	convert_to_process_colors		2725153	0					
ANR	2727885	PrimaryExpression	0		2725153	1					
ANR	2727886	ExpressionStatement	"code = pdf_color_space_named ( pdev , pgs , & cs_value , & pranges , pcs , names , in_line , NULL , 0 , false )"	1383:16:59327:59461	2725153	1	True				
ANR	2727887	AssignmentExpression	"code = pdf_color_space_named ( pdev , pgs , & cs_value , & pranges , pcs , names , in_line , NULL , 0 , false )"		2725153	0		=			
ANR	2727888	Identifier	code		2725153	0					
ANR	2727889	CallExpression	"pdf_color_space_named ( pdev , pgs , & cs_value , & pranges , pcs , names , in_line , NULL , 0 , false )"		2725153	1					
ANR	2727890	Callee	pdf_color_space_named		2725153	0					
ANR	2727891	Identifier	pdf_color_space_named		2725153	0					
ANR	2727892	ArgumentList	pdev		2725153	1					
ANR	2727893	Argument	pdev		2725153	0					
ANR	2727894	Identifier	pdev		2725153	0					
ANR	2727895	Argument	pgs		2725153	1					
ANR	2727896	Identifier	pgs		2725153	0					
ANR	2727897	Argument	& cs_value		2725153	2					
ANR	2727898	UnaryOperationExpression	& cs_value		2725153	0					
ANR	2727899	UnaryOperator	&		2725153	0					
ANR	2727900	Identifier	cs_value		2725153	1					
ANR	2727901	Argument	& pranges		2725153	3					
ANR	2727902	UnaryOperationExpression	& pranges		2725153	0					
ANR	2727903	UnaryOperator	&		2725153	0					
ANR	2727904	Identifier	pranges		2725153	1					
ANR	2727905	Argument	pcs		2725153	4					
ANR	2727906	Identifier	pcs		2725153	0					
ANR	2727907	Argument	names		2725153	5					
ANR	2727908	Identifier	names		2725153	0					
ANR	2727909	Argument	in_line		2725153	6					
ANR	2727910	Identifier	in_line		2725153	0					
ANR	2727911	Argument	NULL		2725153	7					
ANR	2727912	Identifier	NULL		2725153	0					
ANR	2727913	Argument	0		2725153	8					
ANR	2727914	PrimaryExpression	0		2725153	0					
ANR	2727915	Argument	false		2725153	9					
ANR	2727916	Identifier	false		2725153	0					
ANR	2727917	IfStatement	if ( code < 0 )		2725153	2					
ANR	2727918	Condition	code < 0	1385:20:59483:59490	2725153	0	True				
ANR	2727919	RelationalExpression	code < 0		2725153	0		<			
ANR	2727920	Identifier	code		2725153	0					
ANR	2727921	PrimaryExpression	0		2725153	1					
ANR	2727922	GotoStatement	goto fail_and_fallback ;	1386:20:59513:59535	2725153	1	True				
ANR	2727923	Identifier	fail_and_fallback		2725153	0					
ANR	2727924	ExpressionStatement	image [ 1 ] = image [ 0 ]	1391:4:59572:59591	2725153	61	True				
ANR	2727925	AssignmentExpression	image [ 1 ] = image [ 0 ]		2725153	0		=			
ANR	2727926	ArrayIndexing	image [ 1 ]		2725153	0					
ANR	2727927	Identifier	image		2725153	0					
ANR	2727928	PrimaryExpression	1		2725153	1					
ANR	2727929	ArrayIndexing	image [ 0 ]		2725153	1					
ANR	2727930	Identifier	image		2725153	0					
ANR	2727931	PrimaryExpression	0		2725153	1					
ANR	2727932	ExpressionStatement	pdev -> ParamCompatibilityLevel = pdev -> CompatibilityLevel	1393:4:59598:59654	2725153	62	True				
ANR	2727933	AssignmentExpression	pdev -> ParamCompatibilityLevel = pdev -> CompatibilityLevel		2725153	0		=			
ANR	2727934	PtrMemberAccess	pdev -> ParamCompatibilityLevel		2725153	0					
ANR	2727935	Identifier	pdev		2725153	0					
ANR	2727936	Identifier	ParamCompatibilityLevel		2725153	1					
ANR	2727937	PtrMemberAccess	pdev -> CompatibilityLevel		2725153	1					
ANR	2727938	Identifier	pdev		2725153	0					
ANR	2727939	Identifier	CompatibilityLevel		2725153	1					
ANR	2727940	ExpressionStatement	"code = pdf_begin_write_image ( pdev , & pie -> writer , gs_no_id , width , height , pnamed , in_line )"	1395:4:59661:59771	2725153	63	True				
ANR	2727941	AssignmentExpression	"code = pdf_begin_write_image ( pdev , & pie -> writer , gs_no_id , width , height , pnamed , in_line )"		2725153	0		=			
ANR	2727942	Identifier	code		2725153	0					
ANR	2727943	CallExpression	"pdf_begin_write_image ( pdev , & pie -> writer , gs_no_id , width , height , pnamed , in_line )"		2725153	1					
ANR	2727944	Callee	pdf_begin_write_image		2725153	0					
ANR	2727945	Identifier	pdf_begin_write_image		2725153	0					
ANR	2727946	ArgumentList	pdev		2725153	1					
ANR	2727947	Argument	pdev		2725153	0					
ANR	2727948	Identifier	pdev		2725153	0					
ANR	2727949	Argument	& pie -> writer		2725153	1					
ANR	2727950	UnaryOperationExpression	& pie -> writer		2725153	0					
ANR	2727951	UnaryOperator	&		2725153	0					
ANR	2727952	PtrMemberAccess	pie -> writer		2725153	1					
ANR	2727953	Identifier	pie		2725153	0					
ANR	2727954	Identifier	writer		2725153	1					
ANR	2727955	Argument	gs_no_id		2725153	2					
ANR	2727956	Identifier	gs_no_id		2725153	0					
ANR	2727957	Argument	width		2725153	3					
ANR	2727958	Identifier	width		2725153	0					
ANR	2727959	Argument	height		2725153	4					
ANR	2727960	Identifier	height		2725153	0					
ANR	2727961	Argument	pnamed		2725153	5					
ANR	2727962	Identifier	pnamed		2725153	0					
ANR	2727963	Argument	in_line		2725153	6					
ANR	2727964	Identifier	in_line		2725153	0					
ANR	2727965	IfStatement	if ( code < 0 )		2725153	64					
ANR	2727966	Condition	code < 0	1397:8:59781:59788	2725153	0	True				
ANR	2727967	RelationalExpression	code < 0		2725153	0		<			
ANR	2727968	Identifier	code		2725153	0					
ANR	2727969	PrimaryExpression	0		2725153	1					
ANR	2727970	GotoStatement	goto fail_and_fallback ;	1398:8:59799:59821	2725153	1	True				
ANR	2727971	Identifier	fail_and_fallback		2725153	0					
ANR	2727972	IfStatement	if ( pdev -> params . TransferFunctionInfo == tfi_Apply && pdev -> transfer_not_identity && ! is_mask )		2725153	65					
ANR	2727973	Condition	pdev -> params . TransferFunctionInfo == tfi_Apply && pdev -> transfer_not_identity && ! is_mask	1400:8:59832:59920	2725153	0	True				
ANR	2727974	AndExpression	pdev -> params . TransferFunctionInfo == tfi_Apply && pdev -> transfer_not_identity && ! is_mask		2725153	0		&&			
ANR	2727975	EqualityExpression	pdev -> params . TransferFunctionInfo == tfi_Apply		2725153	0		==			
ANR	2727976	MemberAccess	pdev -> params . TransferFunctionInfo		2725153	0					
ANR	2727977	PtrMemberAccess	pdev -> params		2725153	0					
ANR	2727978	Identifier	pdev		2725153	0					
ANR	2727979	Identifier	params		2725153	1					
ANR	2727980	Identifier	TransferFunctionInfo		2725153	1					
ANR	2727981	Identifier	tfi_Apply		2725153	1					
ANR	2727982	AndExpression	pdev -> transfer_not_identity && ! is_mask		2725153	1		&&			
ANR	2727983	PtrMemberAccess	pdev -> transfer_not_identity		2725153	0					
ANR	2727984	Identifier	pdev		2725153	0					
ANR	2727985	Identifier	transfer_not_identity		2725153	1					
ANR	2727986	UnaryOperationExpression	! is_mask		2725153	1					
ANR	2727987	UnaryOperator	!		2725153	0					
ANR	2727988	Identifier	is_mask		2725153	1					
ANR	2727989	ExpressionStatement	pdev -> JPEG_PassThrough = 0	1401:8:59931:59957	2725153	1	True				
ANR	2727990	AssignmentExpression	pdev -> JPEG_PassThrough = 0		2725153	0		=			
ANR	2727991	PtrMemberAccess	pdev -> JPEG_PassThrough		2725153	0					
ANR	2727992	Identifier	pdev		2725153	0					
ANR	2727993	Identifier	JPEG_PassThrough		2725153	1					
ANR	2727994	PrimaryExpression	0		2725153	1					
ANR	2727995	IfStatement	if ( in_line )		2725153	66					
ANR	2727996	Condition	in_line	1417:8:60715:60721	2725153	0	True				
ANR	2727997	Identifier	in_line		2725153	0					
ANR	2727998	CompoundStatement		449:17:18787:18787	2725153	1					
ANR	2727999	ExpressionStatement	pdev -> JPEG_PassThrough = 0	1418:8:60734:60760	2725153	0	True				
ANR	2728000	AssignmentExpression	pdev -> JPEG_PassThrough = 0		2725153	0		=			
ANR	2728001	PtrMemberAccess	pdev -> JPEG_PassThrough		2725153	0					
ANR	2728002	Identifier	pdev		2725153	0					
ANR	2728003	Identifier	JPEG_PassThrough		2725153	1					
ANR	2728004	PrimaryExpression	0		2725153	1					
ANR	2728005	ExpressionStatement	"code = new_setup_lossless_filters ( ( gx_device_psdf * ) pdev , & pie -> writer . binary [ 0 ] , & image [ 0 ] . pixel , in_line , convert_to_process_colors , ( gs_matrix * ) pmat , ( gs_gstate * ) pgs )"	1419:8:60770:61032	2725153	1	True				
ANR	2728006	AssignmentExpression	"code = new_setup_lossless_filters ( ( gx_device_psdf * ) pdev , & pie -> writer . binary [ 0 ] , & image [ 0 ] . pixel , in_line , convert_to_process_colors , ( gs_matrix * ) pmat , ( gs_gstate * ) pgs )"		2725153	0		=			
ANR	2728007	Identifier	code		2725153	0					
ANR	2728008	CallExpression	"new_setup_lossless_filters ( ( gx_device_psdf * ) pdev , & pie -> writer . binary [ 0 ] , & image [ 0 ] . pixel , in_line , convert_to_process_colors , ( gs_matrix * ) pmat , ( gs_gstate * ) pgs )"		2725153	1					
ANR	2728009	Callee	new_setup_lossless_filters		2725153	0					
ANR	2728010	Identifier	new_setup_lossless_filters		2725153	0					
ANR	2728011	ArgumentList	( gx_device_psdf * ) pdev		2725153	1					
ANR	2728012	Argument	( gx_device_psdf * ) pdev		2725153	0					
ANR	2728013	CastExpression	( gx_device_psdf * ) pdev		2725153	0					
ANR	2728014	CastTarget	gx_device_psdf *		2725153	0					
ANR	2728015	Identifier	pdev		2725153	1					
ANR	2728016	Argument	& pie -> writer . binary [ 0 ]		2725153	1					
ANR	2728017	UnaryOperationExpression	& pie -> writer . binary [ 0 ]		2725153	0					
ANR	2728018	UnaryOperator	&		2725153	0					
ANR	2728019	ArrayIndexing	pie -> writer . binary [ 0 ]		2725153	1					
ANR	2728020	MemberAccess	pie -> writer . binary		2725153	0					
ANR	2728021	PtrMemberAccess	pie -> writer		2725153	0					
ANR	2728022	Identifier	pie		2725153	0					
ANR	2728023	Identifier	writer		2725153	1					
ANR	2728024	Identifier	binary		2725153	1					
ANR	2728025	PrimaryExpression	0		2725153	1					
ANR	2728026	Argument	& image [ 0 ] . pixel		2725153	2					
ANR	2728027	UnaryOperationExpression	& image [ 0 ] . pixel		2725153	0					
ANR	2728028	UnaryOperator	&		2725153	0					
ANR	2728029	MemberAccess	image [ 0 ] . pixel		2725153	1					
ANR	2728030	ArrayIndexing	image [ 0 ]		2725153	0					
ANR	2728031	Identifier	image		2725153	0					
ANR	2728032	PrimaryExpression	0		2725153	1					
ANR	2728033	Identifier	pixel		2725153	1					
ANR	2728034	Argument	in_line		2725153	3					
ANR	2728035	Identifier	in_line		2725153	0					
ANR	2728036	Argument	convert_to_process_colors		2725153	4					
ANR	2728037	Identifier	convert_to_process_colors		2725153	0					
ANR	2728038	Argument	( gs_matrix * ) pmat		2725153	5					
ANR	2728039	CastExpression	( gs_matrix * ) pmat		2725153	0					
ANR	2728040	CastTarget	gs_matrix *		2725153	0					
ANR	2728041	Identifier	pmat		2725153	1					
ANR	2728042	Argument	( gs_gstate * ) pgs		2725153	6					
ANR	2728043	CastExpression	( gs_gstate * ) pgs		2725153	0					
ANR	2728044	CastTarget	gs_gstate *		2725153	0					
ANR	2728045	Identifier	pgs		2725153	1					
ANR	2728046	ElseStatement	else		2725153	0					
ANR	2728047	CompoundStatement		454:11:19108:19108	2725153	0					
ANR	2728048	IfStatement	if ( force_lossless )		2725153	0					
ANR	2728049	Condition	force_lossless	1423:12:61059:61072	2725153	0	True				
ANR	2728050	Identifier	force_lossless		2725153	0					
ANR	2728051	CompoundStatement		465:12:19707:19768	2725153	1					
ANR	2728052	IdentifierDeclStatement	int saved_downsample = pdev -> params . ColorImage . DownsampleType ;	1433:12:61644:61705	2725153	0	True				
ANR	2728053	IdentifierDecl	saved_downsample = pdev -> params . ColorImage . DownsampleType		2725153	0					
ANR	2728054	IdentifierDeclType	int		2725153	0					
ANR	2728055	Identifier	saved_downsample		2725153	1					
ANR	2728056	AssignmentExpression	saved_downsample = pdev -> params . ColorImage . DownsampleType		2725153	2		=			
ANR	2728057	Identifier	saved_downsample		2725153	0					
ANR	2728058	MemberAccess	pdev -> params . ColorImage . DownsampleType		2725153	1					
ANR	2728059	MemberAccess	pdev -> params . ColorImage		2725153	0					
ANR	2728060	PtrMemberAccess	pdev -> params		2725153	0					
ANR	2728061	Identifier	pdev		2725153	0					
ANR	2728062	Identifier	params		2725153	1					
ANR	2728063	Identifier	ColorImage		2725153	1					
ANR	2728064	Identifier	DownsampleType		2725153	1					
ANR	2728065	ExpressionStatement	pdev -> params . ColorImage . DownsampleType = ds_Subsample	1435:12:61720:61773	2725153	1	True				
ANR	2728066	AssignmentExpression	pdev -> params . ColorImage . DownsampleType = ds_Subsample		2725153	0		=			
ANR	2728067	MemberAccess	pdev -> params . ColorImage . DownsampleType		2725153	0					
ANR	2728068	MemberAccess	pdev -> params . ColorImage		2725153	0					
ANR	2728069	PtrMemberAccess	pdev -> params		2725153	0					
ANR	2728070	Identifier	pdev		2725153	0					
ANR	2728071	Identifier	params		2725153	1					
ANR	2728072	Identifier	ColorImage		2725153	1					
ANR	2728073	Identifier	DownsampleType		2725153	1					
ANR	2728074	Identifier	ds_Subsample		2725153	1					
ANR	2728075	ExpressionStatement	"code = new_setup_image_filters ( ( gx_device_psdf * ) pdev , & pie -> writer . binary [ 0 ] , & image [ 0 ] . pixel , pmat , pgs , true , in_line , convert_to_process_colors )"	1436:12:61787:62020	2725153	2	True				
ANR	2728076	AssignmentExpression	"code = new_setup_image_filters ( ( gx_device_psdf * ) pdev , & pie -> writer . binary [ 0 ] , & image [ 0 ] . pixel , pmat , pgs , true , in_line , convert_to_process_colors )"		2725153	0		=			
ANR	2728077	Identifier	code		2725153	0					
ANR	2728078	CallExpression	"new_setup_image_filters ( ( gx_device_psdf * ) pdev , & pie -> writer . binary [ 0 ] , & image [ 0 ] . pixel , pmat , pgs , true , in_line , convert_to_process_colors )"		2725153	1					
ANR	2728079	Callee	new_setup_image_filters		2725153	0					
ANR	2728080	Identifier	new_setup_image_filters		2725153	0					
ANR	2728081	ArgumentList	( gx_device_psdf * ) pdev		2725153	1					
ANR	2728082	Argument	( gx_device_psdf * ) pdev		2725153	0					
ANR	2728083	CastExpression	( gx_device_psdf * ) pdev		2725153	0					
ANR	2728084	CastTarget	gx_device_psdf *		2725153	0					
ANR	2728085	Identifier	pdev		2725153	1					
ANR	2728086	Argument	& pie -> writer . binary [ 0 ]		2725153	1					
ANR	2728087	UnaryOperationExpression	& pie -> writer . binary [ 0 ]		2725153	0					
ANR	2728088	UnaryOperator	&		2725153	0					
ANR	2728089	ArrayIndexing	pie -> writer . binary [ 0 ]		2725153	1					
ANR	2728090	MemberAccess	pie -> writer . binary		2725153	0					
ANR	2728091	PtrMemberAccess	pie -> writer		2725153	0					
ANR	2728092	Identifier	pie		2725153	0					
ANR	2728093	Identifier	writer		2725153	1					
ANR	2728094	Identifier	binary		2725153	1					
ANR	2728095	PrimaryExpression	0		2725153	1					
ANR	2728096	Argument	& image [ 0 ] . pixel		2725153	2					
ANR	2728097	UnaryOperationExpression	& image [ 0 ] . pixel		2725153	0					
ANR	2728098	UnaryOperator	&		2725153	0					
ANR	2728099	MemberAccess	image [ 0 ] . pixel		2725153	1					
ANR	2728100	ArrayIndexing	image [ 0 ]		2725153	0					
ANR	2728101	Identifier	image		2725153	0					
ANR	2728102	PrimaryExpression	0		2725153	1					
ANR	2728103	Identifier	pixel		2725153	1					
ANR	2728104	Argument	pmat		2725153	3					
ANR	2728105	Identifier	pmat		2725153	0					
ANR	2728106	Argument	pgs		2725153	4					
ANR	2728107	Identifier	pgs		2725153	0					
ANR	2728108	Argument	true		2725153	5					
ANR	2728109	Identifier	true		2725153	0					
ANR	2728110	Argument	in_line		2725153	6					
ANR	2728111	Identifier	in_line		2725153	0					
ANR	2728112	Argument	convert_to_process_colors		2725153	7					
ANR	2728113	Identifier	convert_to_process_colors		2725153	0					
ANR	2728114	ExpressionStatement	pdev -> params . ColorImage . DownsampleType = saved_downsample	1439:12:62034:62091	2725153	3	True				
ANR	2728115	AssignmentExpression	pdev -> params . ColorImage . DownsampleType = saved_downsample		2725153	0		=			
ANR	2728116	MemberAccess	pdev -> params . ColorImage . DownsampleType		2725153	0					
ANR	2728117	MemberAccess	pdev -> params . ColorImage		2725153	0					
ANR	2728118	PtrMemberAccess	pdev -> params		2725153	0					
ANR	2728119	Identifier	pdev		2725153	0					
ANR	2728120	Identifier	params		2725153	1					
ANR	2728121	Identifier	ColorImage		2725153	1					
ANR	2728122	Identifier	DownsampleType		2725153	1					
ANR	2728123	Identifier	saved_downsample		2725153	1					
ANR	2728124	ElseStatement	else		2725153	0					
ANR	2728125	CompoundStatement		472:15:20171:20171	2725153	0					
ANR	2728126	ExpressionStatement	"code = new_setup_image_filters ( ( gx_device_psdf * ) pdev , & pie -> writer . binary [ 0 ] , & image [ 0 ] . pixel , pmat , pgs , true , in_line , convert_to_process_colors )"	1441:12:62122:62355	2725153	0	True				
ANR	2728127	AssignmentExpression	"code = new_setup_image_filters ( ( gx_device_psdf * ) pdev , & pie -> writer . binary [ 0 ] , & image [ 0 ] . pixel , pmat , pgs , true , in_line , convert_to_process_colors )"		2725153	0		=			
ANR	2728128	Identifier	code		2725153	0					
ANR	2728129	CallExpression	"new_setup_image_filters ( ( gx_device_psdf * ) pdev , & pie -> writer . binary [ 0 ] , & image [ 0 ] . pixel , pmat , pgs , true , in_line , convert_to_process_colors )"		2725153	1					
ANR	2728130	Callee	new_setup_image_filters		2725153	0					
ANR	2728131	Identifier	new_setup_image_filters		2725153	0					
ANR	2728132	ArgumentList	( gx_device_psdf * ) pdev		2725153	1					
ANR	2728133	Argument	( gx_device_psdf * ) pdev		2725153	0					
ANR	2728134	CastExpression	( gx_device_psdf * ) pdev		2725153	0					
ANR	2728135	CastTarget	gx_device_psdf *		2725153	0					
ANR	2728136	Identifier	pdev		2725153	1					
ANR	2728137	Argument	& pie -> writer . binary [ 0 ]		2725153	1					
ANR	2728138	UnaryOperationExpression	& pie -> writer . binary [ 0 ]		2725153	0					
ANR	2728139	UnaryOperator	&		2725153	0					
ANR	2728140	ArrayIndexing	pie -> writer . binary [ 0 ]		2725153	1					
ANR	2728141	MemberAccess	pie -> writer . binary		2725153	0					
ANR	2728142	PtrMemberAccess	pie -> writer		2725153	0					
ANR	2728143	Identifier	pie		2725153	0					
ANR	2728144	Identifier	writer		2725153	1					
ANR	2728145	Identifier	binary		2725153	1					
ANR	2728146	PrimaryExpression	0		2725153	1					
ANR	2728147	Argument	& image [ 0 ] . pixel		2725153	2					
ANR	2728148	UnaryOperationExpression	& image [ 0 ] . pixel		2725153	0					
ANR	2728149	UnaryOperator	&		2725153	0					
ANR	2728150	MemberAccess	image [ 0 ] . pixel		2725153	1					
ANR	2728151	ArrayIndexing	image [ 0 ]		2725153	0					
ANR	2728152	Identifier	image		2725153	0					
ANR	2728153	PrimaryExpression	0		2725153	1					
ANR	2728154	Identifier	pixel		2725153	1					
ANR	2728155	Argument	pmat		2725153	3					
ANR	2728156	Identifier	pmat		2725153	0					
ANR	2728157	Argument	pgs		2725153	4					
ANR	2728158	Identifier	pgs		2725153	0					
ANR	2728159	Argument	true		2725153	5					
ANR	2728160	Identifier	true		2725153	0					
ANR	2728161	Argument	in_line		2725153	6					
ANR	2728162	Identifier	in_line		2725153	0					
ANR	2728163	Argument	convert_to_process_colors		2725153	7					
ANR	2728164	Identifier	convert_to_process_colors		2725153	0					
ANR	2728165	IfStatement	if ( code < 0 )		2725153	67					
ANR	2728166	Condition	code < 0	1447:8:62382:62389	2725153	0	True				
ANR	2728167	RelationalExpression	code < 0		2725153	0		<			
ANR	2728168	Identifier	code		2725153	0					
ANR	2728169	PrimaryExpression	0		2725153	1					
ANR	2728170	GotoStatement	goto fail_and_fallback ;	1448:8:62400:62422	2725153	1	True				
ANR	2728171	Identifier	fail_and_fallback		2725153	0					
ANR	2728172	IfStatement	if ( ! convert_to_process_colors )		2725153	68					
ANR	2728173	Condition	! convert_to_process_colors	1450:8:62433:62458	2725153	0	True				
ANR	2728174	UnaryOperationExpression	! convert_to_process_colors		2725153	0					
ANR	2728175	UnaryOperator	!		2725153	0					
ANR	2728176	Identifier	convert_to_process_colors		2725153	1					
ANR	2728177	CompoundStatement		484:8:20538:20562	2725153	1					
ANR	2728178	IdentifierDeclStatement	gs_color_space_index csi ;	1452:8:62475:62499	2725153	0	True				
ANR	2728179	IdentifierDecl	csi		2725153	0					
ANR	2728180	IdentifierDeclType	gs_color_space_index		2725153	0					
ANR	2728181	Identifier	csi		2725153	1					
ANR	2728182	IfStatement	if ( pdev -> params . TransferFunctionInfo == tfi_Apply && pdev -> transfer_not_identity && ! is_mask )		2725153	1					
ANR	2728183	Condition	pdev -> params . TransferFunctionInfo == tfi_Apply && pdev -> transfer_not_identity && ! is_mask	1454:12:62514:62602	2725153	0	True				
ANR	2728184	AndExpression	pdev -> params . TransferFunctionInfo == tfi_Apply && pdev -> transfer_not_identity && ! is_mask		2725153	0		&&			
ANR	2728185	EqualityExpression	pdev -> params . TransferFunctionInfo == tfi_Apply		2725153	0		==			
ANR	2728186	MemberAccess	pdev -> params . TransferFunctionInfo		2725153	0					
ANR	2728187	PtrMemberAccess	pdev -> params		2725153	0					
ANR	2728188	Identifier	pdev		2725153	0					
ANR	2728189	Identifier	params		2725153	1					
ANR	2728190	Identifier	TransferFunctionInfo		2725153	1					
ANR	2728191	Identifier	tfi_Apply		2725153	1					
ANR	2728192	AndExpression	pdev -> transfer_not_identity && ! is_mask		2725153	1		&&			
ANR	2728193	PtrMemberAccess	pdev -> transfer_not_identity		2725153	0					
ANR	2728194	Identifier	pdev		2725153	0					
ANR	2728195	Identifier	transfer_not_identity		2725153	1					
ANR	2728196	UnaryOperationExpression	! is_mask		2725153	1					
ANR	2728197	UnaryOperator	!		2725153	0					
ANR	2728198	Identifier	is_mask		2725153	1					
ANR	2728199	CompoundStatement		486:103:20668:20668	2725153	1					
ANR	2728200	ExpressionStatement	pdev -> JPEG_PassThrough = 0	1455:12:62619:62645	2725153	0	True				
ANR	2728201	AssignmentExpression	pdev -> JPEG_PassThrough = 0		2725153	0		=			
ANR	2728202	PtrMemberAccess	pdev -> JPEG_PassThrough		2725153	0					
ANR	2728203	Identifier	pdev		2725153	0					
ANR	2728204	Identifier	JPEG_PassThrough		2725153	1					
ANR	2728205	PrimaryExpression	0		2725153	1					
ANR	2728206	ExpressionStatement	csi = gs_color_space_get_index ( image [ 0 ] . pixel . ColorSpace )	1456:12:62659:62716	2725153	1	True				
ANR	2728207	AssignmentExpression	csi = gs_color_space_get_index ( image [ 0 ] . pixel . ColorSpace )		2725153	0		=			
ANR	2728208	Identifier	csi		2725153	0					
ANR	2728209	CallExpression	gs_color_space_get_index ( image [ 0 ] . pixel . ColorSpace )		2725153	1					
ANR	2728210	Callee	gs_color_space_get_index		2725153	0					
ANR	2728211	Identifier	gs_color_space_get_index		2725153	0					
ANR	2728212	ArgumentList	image [ 0 ] . pixel . ColorSpace		2725153	1					
ANR	2728213	Argument	image [ 0 ] . pixel . ColorSpace		2725153	0					
ANR	2728214	MemberAccess	image [ 0 ] . pixel . ColorSpace		2725153	0					
ANR	2728215	MemberAccess	image [ 0 ] . pixel		2725153	0					
ANR	2728216	ArrayIndexing	image [ 0 ]		2725153	0					
ANR	2728217	Identifier	image		2725153	0					
ANR	2728218	PrimaryExpression	0		2725153	1					
ANR	2728219	Identifier	pixel		2725153	1					
ANR	2728220	Identifier	ColorSpace		2725153	1					
ANR	2728221	IfStatement	if ( csi == gs_color_space_index_Indexed )		2725153	2					
ANR	2728222	Condition	csi == gs_color_space_index_Indexed	1457:16:62734:62768	2725153	0	True				
ANR	2728223	EqualityExpression	csi == gs_color_space_index_Indexed		2725153	0		==			
ANR	2728224	Identifier	csi		2725153	0					
ANR	2728225	Identifier	gs_color_space_index_Indexed		2725153	1					
ANR	2728226	CompoundStatement		489:53:20834:20834	2725153	1					
ANR	2728227	ExpressionStatement	csi = gs_color_space_get_index ( image [ 0 ] . pixel . ColorSpace -> base_space )	1458:16:62789:62858	2725153	0	True				
ANR	2728228	AssignmentExpression	csi = gs_color_space_get_index ( image [ 0 ] . pixel . ColorSpace -> base_space )		2725153	0		=			
ANR	2728229	Identifier	csi		2725153	0					
ANR	2728230	CallExpression	gs_color_space_get_index ( image [ 0 ] . pixel . ColorSpace -> base_space )		2725153	1					
ANR	2728231	Callee	gs_color_space_get_index		2725153	0					
ANR	2728232	Identifier	gs_color_space_get_index		2725153	0					
ANR	2728233	ArgumentList	image [ 0 ] . pixel . ColorSpace -> base_space		2725153	1					
ANR	2728234	Argument	image [ 0 ] . pixel . ColorSpace -> base_space		2725153	0					
ANR	2728235	PtrMemberAccess	image [ 0 ] . pixel . ColorSpace -> base_space		2725153	0					
ANR	2728236	MemberAccess	image [ 0 ] . pixel . ColorSpace		2725153	0					
ANR	2728237	MemberAccess	image [ 0 ] . pixel		2725153	0					
ANR	2728238	ArrayIndexing	image [ 0 ]		2725153	0					
ANR	2728239	Identifier	image		2725153	0					
ANR	2728240	PrimaryExpression	0		2725153	1					
ANR	2728241	Identifier	pixel		2725153	1					
ANR	2728242	Identifier	ColorSpace		2725153	1					
ANR	2728243	Identifier	base_space		2725153	1					
ANR	2728244	IfStatement	if ( csi == gs_color_space_index_ICC )		2725153	1					
ANR	2728245	Condition	csi == gs_color_space_index_ICC	1459:20:62880:62910	2725153	0	True				
ANR	2728246	EqualityExpression	csi == gs_color_space_index_ICC		2725153	0		==			
ANR	2728247	Identifier	csi		2725153	0					
ANR	2728248	Identifier	gs_color_space_index_ICC		2725153	1					
ANR	2728249	CompoundStatement		491:53:20976:20976	2725153	1					
ANR	2728250	ExpressionStatement	csi = gsicc_get_default_type ( image [ 0 ] . pixel . ColorSpace -> base_space -> cmm_icc_profile_data )	1460:20:62935:63024	2725153	0	True				
ANR	2728251	AssignmentExpression	csi = gsicc_get_default_type ( image [ 0 ] . pixel . ColorSpace -> base_space -> cmm_icc_profile_data )		2725153	0		=			
ANR	2728252	Identifier	csi		2725153	0					
ANR	2728253	CallExpression	gsicc_get_default_type ( image [ 0 ] . pixel . ColorSpace -> base_space -> cmm_icc_profile_data )		2725153	1					
ANR	2728254	Callee	gsicc_get_default_type		2725153	0					
ANR	2728255	Identifier	gsicc_get_default_type		2725153	0					
ANR	2728256	ArgumentList	image [ 0 ] . pixel . ColorSpace -> base_space -> cmm_icc_profile_data		2725153	1					
ANR	2728257	Argument	image [ 0 ] . pixel . ColorSpace -> base_space -> cmm_icc_profile_data		2725153	0					
ANR	2728258	PtrMemberAccess	image [ 0 ] . pixel . ColorSpace -> base_space -> cmm_icc_profile_data		2725153	0					
ANR	2728259	PtrMemberAccess	image [ 0 ] . pixel . ColorSpace -> base_space		2725153	0					
ANR	2728260	MemberAccess	image [ 0 ] . pixel . ColorSpace		2725153	0					
ANR	2728261	MemberAccess	image [ 0 ] . pixel		2725153	0					
ANR	2728262	ArrayIndexing	image [ 0 ]		2725153	0					
ANR	2728263	Identifier	image		2725153	0					
ANR	2728264	PrimaryExpression	0		2725153	1					
ANR	2728265	Identifier	pixel		2725153	1					
ANR	2728266	Identifier	ColorSpace		2725153	1					
ANR	2728267	Identifier	base_space		2725153	1					
ANR	2728268	Identifier	cmm_icc_profile_data		2725153	1					
ANR	2728269	ElseStatement	else		2725153	0					
ANR	2728270	CompoundStatement		494:19:21126:21126	2725153	0					
ANR	2728271	IfStatement	if ( csi == gs_color_space_index_ICC )		2725153	0					
ANR	2728272	Condition	csi == gs_color_space_index_ICC	1463:20:63085:63115	2725153	0	True				
ANR	2728273	EqualityExpression	csi == gs_color_space_index_ICC		2725153	0		==			
ANR	2728274	Identifier	csi		2725153	0					
ANR	2728275	Identifier	gs_color_space_index_ICC		2725153	1					
ANR	2728276	CompoundStatement		495:53:21181:21181	2725153	1					
ANR	2728277	ExpressionStatement	csi = gsicc_get_default_type ( image [ 0 ] . pixel . ColorSpace -> cmm_icc_profile_data )	1464:20:63140:63217	2725153	0	True				
ANR	2728278	AssignmentExpression	csi = gsicc_get_default_type ( image [ 0 ] . pixel . ColorSpace -> cmm_icc_profile_data )		2725153	0		=			
ANR	2728279	Identifier	csi		2725153	0					
ANR	2728280	CallExpression	gsicc_get_default_type ( image [ 0 ] . pixel . ColorSpace -> cmm_icc_profile_data )		2725153	1					
ANR	2728281	Callee	gsicc_get_default_type		2725153	0					
ANR	2728282	Identifier	gsicc_get_default_type		2725153	0					
ANR	2728283	ArgumentList	image [ 0 ] . pixel . ColorSpace -> cmm_icc_profile_data		2725153	1					
ANR	2728284	Argument	image [ 0 ] . pixel . ColorSpace -> cmm_icc_profile_data		2725153	0					
ANR	2728285	PtrMemberAccess	image [ 0 ] . pixel . ColorSpace -> cmm_icc_profile_data		2725153	0					
ANR	2728286	MemberAccess	image [ 0 ] . pixel . ColorSpace		2725153	0					
ANR	2728287	MemberAccess	image [ 0 ] . pixel		2725153	0					
ANR	2728288	ArrayIndexing	image [ 0 ]		2725153	0					
ANR	2728289	Identifier	image		2725153	0					
ANR	2728290	PrimaryExpression	0		2725153	1					
ANR	2728291	Identifier	pixel		2725153	1					
ANR	2728292	Identifier	ColorSpace		2725153	1					
ANR	2728293	Identifier	cmm_icc_profile_data		2725153	1					
ANR	2728294	SwitchStatement	switch ( csi )		2725153	3					
ANR	2728295	Condition	csi	1467:19:63270:63272	2725153	0	True				
ANR	2728296	Identifier	csi		2725153	0					
ANR	2728297	CompoundStatement		499:24:21338:21338	2725153	1					
ANR	2728298	Label	case gs_color_space_index_DevicePixel :	1468:16:63293:63330	2725153	0	True				
ANR	2728299	Identifier	gs_color_space_index_DevicePixel		2725153	0					
ANR	2728300	Label	case gs_color_space_index_CIEA :	1469:16:63348:63378	2725153	1	True				
ANR	2728301	Identifier	gs_color_space_index_CIEA		2725153	0					
ANR	2728302	ExpressionStatement	convert_to_process_colors = 1	1470:20:63400:63429	2725153	2	True				
ANR	2728303	AssignmentExpression	convert_to_process_colors = 1		2725153	0		=			
ANR	2728304	Identifier	convert_to_process_colors		2725153	0					
ANR	2728305	PrimaryExpression	1		2725153	1					
ANR	2728306	ExpressionStatement	"pdf_set_process_color_model ( pdev , 0 )"	1471:20:63451:63487	2725153	3	True				
ANR	2728307	CallExpression	"pdf_set_process_color_model ( pdev , 0 )"		2725153	0					
ANR	2728308	Callee	pdf_set_process_color_model		2725153	0					
ANR	2728309	Identifier	pdf_set_process_color_model		2725153	0					
ANR	2728310	ArgumentList	pdev		2725153	1					
ANR	2728311	Argument	pdev		2725153	0					
ANR	2728312	Identifier	pdev		2725153	0					
ANR	2728313	Argument	0		2725153	1					
ANR	2728314	PrimaryExpression	0		2725153	0					
ANR	2728315	BreakStatement	break ;	1472:20:63509:63514	2725153	4	True				
ANR	2728316	Label	case gs_color_space_index_CIEDEF :	1473:16:63532:63564	2725153	5	True				
ANR	2728317	Identifier	gs_color_space_index_CIEDEF		2725153	0					
ANR	2728318	Label	case gs_color_space_index_CIEABC :	1474:16:63582:63614	2725153	6	True				
ANR	2728319	Identifier	gs_color_space_index_CIEABC		2725153	0					
ANR	2728320	Label	case gs_color_space_index_DeviceGray :	1475:16:63632:63668	2725153	7	True				
ANR	2728321	Identifier	gs_color_space_index_DeviceGray		2725153	0					
ANR	2728322	ExpressionStatement	convert_to_process_colors = 1	1476:20:63690:63719	2725153	8	True				
ANR	2728323	AssignmentExpression	convert_to_process_colors = 1		2725153	0		=			
ANR	2728324	Identifier	convert_to_process_colors		2725153	0					
ANR	2728325	PrimaryExpression	1		2725153	1					
ANR	2728326	ExpressionStatement	"pdf_set_process_color_model ( pdev , 0 )"	1477:20:63741:63777	2725153	9	True				
ANR	2728327	CallExpression	"pdf_set_process_color_model ( pdev , 0 )"		2725153	0					
ANR	2728328	Callee	pdf_set_process_color_model		2725153	0					
ANR	2728329	Identifier	pdf_set_process_color_model		2725153	0					
ANR	2728330	ArgumentList	pdev		2725153	1					
ANR	2728331	Argument	pdev		2725153	0					
ANR	2728332	Identifier	pdev		2725153	0					
ANR	2728333	Argument	0		2725153	1					
ANR	2728334	PrimaryExpression	0		2725153	0					
ANR	2728335	BreakStatement	break ;	1478:20:63799:63804	2725153	10	True				
ANR	2728336	Label	case gs_color_space_index_DeviceRGB :	1479:16:63822:63857	2725153	11	True				
ANR	2728337	Identifier	gs_color_space_index_DeviceRGB		2725153	0					
ANR	2728338	ExpressionStatement	convert_to_process_colors = 1	1480:20:63879:63908	2725153	12	True				
ANR	2728339	AssignmentExpression	convert_to_process_colors = 1		2725153	0		=			
ANR	2728340	Identifier	convert_to_process_colors		2725153	0					
ANR	2728341	PrimaryExpression	1		2725153	1					
ANR	2728342	ExpressionStatement	"pdf_set_process_color_model ( pdev , 1 )"	1481:20:63930:63966	2725153	13	True				
ANR	2728343	CallExpression	"pdf_set_process_color_model ( pdev , 1 )"		2725153	0					
ANR	2728344	Callee	pdf_set_process_color_model		2725153	0					
ANR	2728345	Identifier	pdf_set_process_color_model		2725153	0					
ANR	2728346	ArgumentList	pdev		2725153	1					
ANR	2728347	Argument	pdev		2725153	0					
ANR	2728348	Identifier	pdev		2725153	0					
ANR	2728349	Argument	1		2725153	1					
ANR	2728350	PrimaryExpression	1		2725153	0					
ANR	2728351	BreakStatement	break ;	1482:20:63988:63993	2725153	14	True				
ANR	2728352	Label	case gs_color_space_index_CIEDEFG :	1483:16:64011:64044	2725153	15	True				
ANR	2728353	Identifier	gs_color_space_index_CIEDEFG		2725153	0					
ANR	2728354	Label	case gs_color_space_index_DeviceCMYK :	1484:16:64062:64098	2725153	16	True				
ANR	2728355	Identifier	gs_color_space_index_DeviceCMYK		2725153	0					
ANR	2728356	ExpressionStatement	convert_to_process_colors = 1	1485:20:64120:64149	2725153	17	True				
ANR	2728357	AssignmentExpression	convert_to_process_colors = 1		2725153	0		=			
ANR	2728358	Identifier	convert_to_process_colors		2725153	0					
ANR	2728359	PrimaryExpression	1		2725153	1					
ANR	2728360	ExpressionStatement	"pdf_set_process_color_model ( pdev , 2 )"	1486:20:64171:64207	2725153	18	True				
ANR	2728361	CallExpression	"pdf_set_process_color_model ( pdev , 2 )"		2725153	0					
ANR	2728362	Callee	pdf_set_process_color_model		2725153	0					
ANR	2728363	Identifier	pdf_set_process_color_model		2725153	0					
ANR	2728364	ArgumentList	pdev		2725153	1					
ANR	2728365	Argument	pdev		2725153	0					
ANR	2728366	Identifier	pdev		2725153	0					
ANR	2728367	Argument	2		2725153	1					
ANR	2728368	PrimaryExpression	2		2725153	0					
ANR	2728369	BreakStatement	break ;	1487:20:64229:64234	2725153	19	True				
ANR	2728370	Label	default :	1488:16:64252:64259	2725153	20	True				
ANR	2728371	Identifier	default		2725153	0					
ANR	2728372	BreakStatement	break ;	1489:20:64281:64286	2725153	21	True				
ANR	2728373	IfStatement	if ( convert_to_process_colors == 1 )		2725153	4					
ANR	2728374	Condition	convert_to_process_colors == 1	1491:16:64318:64347	2725153	0	True				
ANR	2728375	EqualityExpression	convert_to_process_colors == 1		2725153	0		==			
ANR	2728376	Identifier	convert_to_process_colors		2725153	0					
ANR	2728377	PrimaryExpression	1		2725153	1					
ANR	2728378	CompoundStatement		523:48:22413:22413	2725153	1					
ANR	2728379	ExpressionStatement	pcs_orig = image -> pixel . ColorSpace	1492:16:64368:64402	2725153	0	True				
ANR	2728380	AssignmentExpression	pcs_orig = image -> pixel . ColorSpace		2725153	0		=			
ANR	2728381	Identifier	pcs_orig		2725153	0					
ANR	2728382	MemberAccess	image -> pixel . ColorSpace		2725153	1					
ANR	2728383	PtrMemberAccess	image -> pixel		2725153	0					
ANR	2728384	Identifier	image		2725153	0					
ANR	2728385	Identifier	pixel		2725153	1					
ANR	2728386	Identifier	ColorSpace		2725153	1					
ANR	2728387	ExpressionStatement	"code = make_device_color_space ( pdev , pdev -> pcm_color_info_index , & pcs_device )"	1493:16:64420:64497	2725153	1	True				
ANR	2728388	AssignmentExpression	"code = make_device_color_space ( pdev , pdev -> pcm_color_info_index , & pcs_device )"		2725153	0		=			
ANR	2728389	Identifier	code		2725153	0					
ANR	2728390	CallExpression	"make_device_color_space ( pdev , pdev -> pcm_color_info_index , & pcs_device )"		2725153	1					
ANR	2728391	Callee	make_device_color_space		2725153	0					
ANR	2728392	Identifier	make_device_color_space		2725153	0					
ANR	2728393	ArgumentList	pdev		2725153	1					
ANR	2728394	Argument	pdev		2725153	0					
ANR	2728395	Identifier	pdev		2725153	0					
ANR	2728396	Argument	pdev -> pcm_color_info_index		2725153	1					
ANR	2728397	PtrMemberAccess	pdev -> pcm_color_info_index		2725153	0					
ANR	2728398	Identifier	pdev		2725153	0					
ANR	2728399	Identifier	pcm_color_info_index		2725153	1					
ANR	2728400	Argument	& pcs_device		2725153	2					
ANR	2728401	UnaryOperationExpression	& pcs_device		2725153	0					
ANR	2728402	UnaryOperator	&		2725153	0					
ANR	2728403	Identifier	pcs_device		2725153	1					
ANR	2728404	IfStatement	if ( code < 0 )		2725153	2					
ANR	2728405	Condition	code < 0	1494:20:64519:64526	2725153	0	True				
ANR	2728406	RelationalExpression	code < 0		2725153	0		<			
ANR	2728407	Identifier	code		2725153	0					
ANR	2728408	PrimaryExpression	0		2725153	1					
ANR	2728409	GotoStatement	goto fail_and_fallback ;	1495:20:64549:64571	2725153	1	True				
ANR	2728410	Identifier	fail_and_fallback		2725153	0					
ANR	2728411	ExpressionStatement	image [ 0 ] . pixel . ColorSpace = pcs_device	1496:16:64589:64627	2725153	3	True				
ANR	2728412	AssignmentExpression	image [ 0 ] . pixel . ColorSpace = pcs_device		2725153	0		=			
ANR	2728413	MemberAccess	image [ 0 ] . pixel . ColorSpace		2725153	0					
ANR	2728414	MemberAccess	image [ 0 ] . pixel		2725153	0					
ANR	2728415	ArrayIndexing	image [ 0 ]		2725153	0					
ANR	2728416	Identifier	image		2725153	0					
ANR	2728417	PrimaryExpression	0		2725153	1					
ANR	2728418	Identifier	pixel		2725153	1					
ANR	2728419	Identifier	ColorSpace		2725153	1					
ANR	2728420	Identifier	pcs_device		2725153	1					
ANR	2728421	ExpressionStatement	"code = pdf_color_space_named ( pdev , pgs , & cs_value , & pranges , pcs_device , names , in_line , NULL , 0 , false )"	1497:16:64645:64790	2725153	4	True				
ANR	2728422	AssignmentExpression	"code = pdf_color_space_named ( pdev , pgs , & cs_value , & pranges , pcs_device , names , in_line , NULL , 0 , false )"		2725153	0		=			
ANR	2728423	Identifier	code		2725153	0					
ANR	2728424	CallExpression	"pdf_color_space_named ( pdev , pgs , & cs_value , & pranges , pcs_device , names , in_line , NULL , 0 , false )"		2725153	1					
ANR	2728425	Callee	pdf_color_space_named		2725153	0					
ANR	2728426	Identifier	pdf_color_space_named		2725153	0					
ANR	2728427	ArgumentList	pdev		2725153	1					
ANR	2728428	Argument	pdev		2725153	0					
ANR	2728429	Identifier	pdev		2725153	0					
ANR	2728430	Argument	pgs		2725153	1					
ANR	2728431	Identifier	pgs		2725153	0					
ANR	2728432	Argument	& cs_value		2725153	2					
ANR	2728433	UnaryOperationExpression	& cs_value		2725153	0					
ANR	2728434	UnaryOperator	&		2725153	0					
ANR	2728435	Identifier	cs_value		2725153	1					
ANR	2728436	Argument	& pranges		2725153	3					
ANR	2728437	UnaryOperationExpression	& pranges		2725153	0					
ANR	2728438	UnaryOperator	&		2725153	0					
ANR	2728439	Identifier	pranges		2725153	1					
ANR	2728440	Argument	pcs_device		2725153	4					
ANR	2728441	Identifier	pcs_device		2725153	0					
ANR	2728442	Argument	names		2725153	5					
ANR	2728443	Identifier	names		2725153	0					
ANR	2728444	Argument	in_line		2725153	6					
ANR	2728445	Identifier	in_line		2725153	0					
ANR	2728446	Argument	NULL		2725153	7					
ANR	2728447	Identifier	NULL		2725153	0					
ANR	2728448	Argument	0		2725153	8					
ANR	2728449	PrimaryExpression	0		2725153	0					
ANR	2728450	Argument	false		2725153	9					
ANR	2728451	Identifier	false		2725153	0					
ANR	2728452	IfStatement	if ( code < 0 )		2725153	5					
ANR	2728453	Condition	code < 0	1499:20:64812:64819	2725153	0	True				
ANR	2728454	RelationalExpression	code < 0		2725153	0		<			
ANR	2728455	Identifier	code		2725153	0					
ANR	2728456	PrimaryExpression	0		2725153	1					
ANR	2728457	GotoStatement	goto fail_and_fallback ;	1500:20:64842:64864	2725153	1	True				
ANR	2728458	Identifier	fail_and_fallback		2725153	0					
ANR	2728459	ElseStatement	else		2725153	0					
ANR	2728460	ExpressionStatement	pdev -> JPEG_PassThrough = 0	1506:8:65007:65033	2725153	0	True				
ANR	2728461	AssignmentExpression	pdev -> JPEG_PassThrough = 0		2725153	0		=			
ANR	2728462	PtrMemberAccess	pdev -> JPEG_PassThrough		2725153	0					
ANR	2728463	Identifier	pdev		2725153	0					
ANR	2728464	Identifier	JPEG_PassThrough		2725153	1					
ANR	2728465	PrimaryExpression	0		2725153	1					
ANR	2728466	IfStatement	if ( convert_to_process_colors )		2725153	69					
ANR	2728467	Condition	convert_to_process_colors	1509:8:65045:65069	2725153	0	True				
ANR	2728468	Identifier	convert_to_process_colors		2725153	0					
ANR	2728469	CompoundStatement		541:35:23135:23135	2725153	1					
ANR	2728470	ExpressionStatement	image [ 0 ] . pixel . ColorSpace = pcs_orig	1510:8:65082:65118	2725153	0	True				
ANR	2728471	AssignmentExpression	image [ 0 ] . pixel . ColorSpace = pcs_orig		2725153	0		=			
ANR	2728472	MemberAccess	image [ 0 ] . pixel . ColorSpace		2725153	0					
ANR	2728473	MemberAccess	image [ 0 ] . pixel		2725153	0					
ANR	2728474	ArrayIndexing	image [ 0 ]		2725153	0					
ANR	2728475	Identifier	image		2725153	0					
ANR	2728476	PrimaryExpression	0		2725153	1					
ANR	2728477	Identifier	pixel		2725153	1					
ANR	2728478	Identifier	ColorSpace		2725153	1					
ANR	2728479	Identifier	pcs_orig		2725153	1					
ANR	2728480	ExpressionStatement	"code = psdf_setup_image_colors_filter ( & pie -> writer . binary [ 0 ] , ( gx_device_psdf * ) pdev , & image [ 0 ] . pixel , pgs )"	1511:8:65128:65255	2725153	1	True				
ANR	2728481	AssignmentExpression	"code = psdf_setup_image_colors_filter ( & pie -> writer . binary [ 0 ] , ( gx_device_psdf * ) pdev , & image [ 0 ] . pixel , pgs )"		2725153	0		=			
ANR	2728482	Identifier	code		2725153	0					
ANR	2728483	CallExpression	"psdf_setup_image_colors_filter ( & pie -> writer . binary [ 0 ] , ( gx_device_psdf * ) pdev , & image [ 0 ] . pixel , pgs )"		2725153	1					
ANR	2728484	Callee	psdf_setup_image_colors_filter		2725153	0					
ANR	2728485	Identifier	psdf_setup_image_colors_filter		2725153	0					
ANR	2728486	ArgumentList	& pie -> writer . binary [ 0 ]		2725153	1					
ANR	2728487	Argument	& pie -> writer . binary [ 0 ]		2725153	0					
ANR	2728488	UnaryOperationExpression	& pie -> writer . binary [ 0 ]		2725153	0					
ANR	2728489	UnaryOperator	&		2725153	0					
ANR	2728490	ArrayIndexing	pie -> writer . binary [ 0 ]		2725153	1					
ANR	2728491	MemberAccess	pie -> writer . binary		2725153	0					
ANR	2728492	PtrMemberAccess	pie -> writer		2725153	0					
ANR	2728493	Identifier	pie		2725153	0					
ANR	2728494	Identifier	writer		2725153	1					
ANR	2728495	Identifier	binary		2725153	1					
ANR	2728496	PrimaryExpression	0		2725153	1					
ANR	2728497	Argument	( gx_device_psdf * ) pdev		2725153	1					
ANR	2728498	CastExpression	( gx_device_psdf * ) pdev		2725153	0					
ANR	2728499	CastTarget	gx_device_psdf *		2725153	0					
ANR	2728500	Identifier	pdev		2725153	1					
ANR	2728501	Argument	& image [ 0 ] . pixel		2725153	2					
ANR	2728502	UnaryOperationExpression	& image [ 0 ] . pixel		2725153	0					
ANR	2728503	UnaryOperator	&		2725153	0					
ANR	2728504	MemberAccess	image [ 0 ] . pixel		2725153	1					
ANR	2728505	ArrayIndexing	image [ 0 ]		2725153	0					
ANR	2728506	Identifier	image		2725153	0					
ANR	2728507	PrimaryExpression	0		2725153	1					
ANR	2728508	Identifier	pixel		2725153	1					
ANR	2728509	Argument	pgs		2725153	3					
ANR	2728510	Identifier	pgs		2725153	0					
ANR	2728511	IfStatement	if ( code < 0 )		2725153	2					
ANR	2728512	Condition	code < 0	1513:12:65269:65276	2725153	0	True				
ANR	2728513	RelationalExpression	code < 0		2725153	0		<			
ANR	2728514	Identifier	code		2725153	0					
ANR	2728515	PrimaryExpression	0		2725153	1					
ANR	2728516	GotoStatement	goto fail_and_fallback ;	1514:12:65291:65313	2725153	1	True				
ANR	2728517	Identifier	fail_and_fallback		2725153	0					
ANR	2728518	ExpressionStatement	image [ 0 ] . pixel . ColorSpace = pcs_device	1515:8:65323:65361	2725153	3	True				
ANR	2728519	AssignmentExpression	image [ 0 ] . pixel . ColorSpace = pcs_device		2725153	0		=			
ANR	2728520	MemberAccess	image [ 0 ] . pixel . ColorSpace		2725153	0					
ANR	2728521	MemberAccess	image [ 0 ] . pixel		2725153	0					
ANR	2728522	ArrayIndexing	image [ 0 ]		2725153	0					
ANR	2728523	Identifier	image		2725153	0					
ANR	2728524	PrimaryExpression	0		2725153	1					
ANR	2728525	Identifier	pixel		2725153	1					
ANR	2728526	Identifier	ColorSpace		2725153	1					
ANR	2728527	Identifier	pcs_device		2725153	1					
ANR	2728528	IfStatement	if ( pdev -> JPEG_PassThrough )		2725153	70					
ANR	2728529	Condition	pdev -> JPEG_PassThrough	1518:8:65378:65399	2725153	0	True				
ANR	2728530	PtrMemberAccess	pdev -> JPEG_PassThrough		2725153	0					
ANR	2728531	Identifier	pdev		2725153	0					
ANR	2728532	Identifier	JPEG_PassThrough		2725153	1					
ANR	2728533	CompoundStatement		550:32:23465:23465	2725153	1					
ANR	2728534	ExpressionStatement	pdev -> PassThroughWriter = pie -> writer . binary [ 0 ] . strm	1524:8:65702:65754	2725153	0	True				
ANR	2728535	AssignmentExpression	pdev -> PassThroughWriter = pie -> writer . binary [ 0 ] . strm		2725153	0		=			
ANR	2728536	PtrMemberAccess	pdev -> PassThroughWriter		2725153	0					
ANR	2728537	Identifier	pdev		2725153	0					
ANR	2728538	Identifier	PassThroughWriter		2725153	1					
ANR	2728539	MemberAccess	pie -> writer . binary [ 0 ] . strm		2725153	1					
ANR	2728540	ArrayIndexing	pie -> writer . binary [ 0 ]		2725153	0					
ANR	2728541	MemberAccess	pie -> writer . binary		2725153	0					
ANR	2728542	PtrMemberAccess	pie -> writer		2725153	0					
ANR	2728543	Identifier	pie		2725153	0					
ANR	2728544	Identifier	writer		2725153	1					
ANR	2728545	Identifier	binary		2725153	1					
ANR	2728546	PrimaryExpression	0		2725153	1					
ANR	2728547	Identifier	strm		2725153	1					
ANR	2728548	ExpressionStatement	pie -> writer . alt_writer_count = 1	1525:8:65764:65796	2725153	1	True				
ANR	2728549	AssignmentExpression	pie -> writer . alt_writer_count = 1		2725153	0		=			
ANR	2728550	MemberAccess	pie -> writer . alt_writer_count		2725153	0					
ANR	2728551	PtrMemberAccess	pie -> writer		2725153	0					
ANR	2728552	Identifier	pie		2725153	0					
ANR	2728553	Identifier	writer		2725153	1					
ANR	2728554	Identifier	alt_writer_count		2725153	1					
ANR	2728555	PrimaryExpression	1		2725153	1					
ANR	2728556	ExpressionStatement	pie -> JPEG_PassThrough = pdev -> JPEG_PassThrough	1527:4:65808:65854	2725153	71	True				
ANR	2728557	AssignmentExpression	pie -> JPEG_PassThrough = pdev -> JPEG_PassThrough		2725153	0		=			
ANR	2728558	PtrMemberAccess	pie -> JPEG_PassThrough		2725153	0					
ANR	2728559	Identifier	pie		2725153	0					
ANR	2728560	Identifier	JPEG_PassThrough		2725153	1					
ANR	2728561	PtrMemberAccess	pdev -> JPEG_PassThrough		2725153	1					
ANR	2728562	Identifier	pdev		2725153	0					
ANR	2728563	Identifier	JPEG_PassThrough		2725153	1					
ANR	2728564	IfStatement	if ( pie -> writer . alt_writer_count > 1 )		2725153	72					
ANR	2728565	Condition	pie -> writer . alt_writer_count > 1	1529:8:65865:65896	2725153	0	True				
ANR	2728566	RelationalExpression	pie -> writer . alt_writer_count > 1		2725153	0		>			
ANR	2728567	MemberAccess	pie -> writer . alt_writer_count		2725153	0					
ANR	2728568	PtrMemberAccess	pie -> writer		2725153	0					
ANR	2728569	Identifier	pie		2725153	0					
ANR	2728570	Identifier	writer		2725153	1					
ANR	2728571	Identifier	alt_writer_count		2725153	1					
ANR	2728572	PrimaryExpression	1		2725153	1					
ANR	2728573	CompoundStatement		561:42:23962:23962	2725153	1					
ANR	2728574	ExpressionStatement	"code = pdf_make_alt_stream ( pdev , & pie -> writer . binary [ 1 ] )"	1530:8:65909:65965	2725153	0	True				
ANR	2728575	AssignmentExpression	"code = pdf_make_alt_stream ( pdev , & pie -> writer . binary [ 1 ] )"		2725153	0		=			
ANR	2728576	Identifier	code		2725153	0					
ANR	2728577	CallExpression	"pdf_make_alt_stream ( pdev , & pie -> writer . binary [ 1 ] )"		2725153	1					
ANR	2728578	Callee	pdf_make_alt_stream		2725153	0					
ANR	2728579	Identifier	pdf_make_alt_stream		2725153	0					
ANR	2728580	ArgumentList	pdev		2725153	1					
ANR	2728581	Argument	pdev		2725153	0					
ANR	2728582	Identifier	pdev		2725153	0					
ANR	2728583	Argument	& pie -> writer . binary [ 1 ]		2725153	1					
ANR	2728584	UnaryOperationExpression	& pie -> writer . binary [ 1 ]		2725153	0					
ANR	2728585	UnaryOperator	&		2725153	0					
ANR	2728586	ArrayIndexing	pie -> writer . binary [ 1 ]		2725153	1					
ANR	2728587	MemberAccess	pie -> writer . binary		2725153	0					
ANR	2728588	PtrMemberAccess	pie -> writer		2725153	0					
ANR	2728589	Identifier	pie		2725153	0					
ANR	2728590	Identifier	writer		2725153	1					
ANR	2728591	Identifier	binary		2725153	1					
ANR	2728592	PrimaryExpression	1		2725153	1					
ANR	2728593	IfStatement	if ( code )		2725153	1					
ANR	2728594	Condition	code	1531:12:65979:65982	2725153	0	True				
ANR	2728595	Identifier	code		2725153	0					
ANR	2728596	CompoundStatement		563:18:24048:24048	2725153	1					
ANR	2728597	GotoStatement	goto fail_and_fallback ;	1532:12:65999:66021	2725153	0	True				
ANR	2728598	Identifier	fail_and_fallback		2725153	0					
ANR	2728599	ExpressionStatement	"code = new_setup_image_filters ( ( gx_device_psdf * ) pdev , & pie -> writer . binary [ 1 ] , & image [ 1 ] . pixel , pmat , pgs , force_lossless , in_line , convert_to_process_colors )"	1534:8:66041:66268	2725153	2	True				
ANR	2728600	AssignmentExpression	"code = new_setup_image_filters ( ( gx_device_psdf * ) pdev , & pie -> writer . binary [ 1 ] , & image [ 1 ] . pixel , pmat , pgs , force_lossless , in_line , convert_to_process_colors )"		2725153	0		=			
ANR	2728601	Identifier	code		2725153	0					
ANR	2728602	CallExpression	"new_setup_image_filters ( ( gx_device_psdf * ) pdev , & pie -> writer . binary [ 1 ] , & image [ 1 ] . pixel , pmat , pgs , force_lossless , in_line , convert_to_process_colors )"		2725153	1					
ANR	2728603	Callee	new_setup_image_filters		2725153	0					
ANR	2728604	Identifier	new_setup_image_filters		2725153	0					
ANR	2728605	ArgumentList	( gx_device_psdf * ) pdev		2725153	1					
ANR	2728606	Argument	( gx_device_psdf * ) pdev		2725153	0					
ANR	2728607	CastExpression	( gx_device_psdf * ) pdev		2725153	0					
ANR	2728608	CastTarget	gx_device_psdf *		2725153	0					
ANR	2728609	Identifier	pdev		2725153	1					
ANR	2728610	Argument	& pie -> writer . binary [ 1 ]		2725153	1					
ANR	2728611	UnaryOperationExpression	& pie -> writer . binary [ 1 ]		2725153	0					
ANR	2728612	UnaryOperator	&		2725153	0					
ANR	2728613	ArrayIndexing	pie -> writer . binary [ 1 ]		2725153	1					
ANR	2728614	MemberAccess	pie -> writer . binary		2725153	0					
ANR	2728615	PtrMemberAccess	pie -> writer		2725153	0					
ANR	2728616	Identifier	pie		2725153	0					
ANR	2728617	Identifier	writer		2725153	1					
ANR	2728618	Identifier	binary		2725153	1					
ANR	2728619	PrimaryExpression	1		2725153	1					
ANR	2728620	Argument	& image [ 1 ] . pixel		2725153	2					
ANR	2728621	UnaryOperationExpression	& image [ 1 ] . pixel		2725153	0					
ANR	2728622	UnaryOperator	&		2725153	0					
ANR	2728623	MemberAccess	image [ 1 ] . pixel		2725153	1					
ANR	2728624	ArrayIndexing	image [ 1 ]		2725153	0					
ANR	2728625	Identifier	image		2725153	0					
ANR	2728626	PrimaryExpression	1		2725153	1					
ANR	2728627	Identifier	pixel		2725153	1					
ANR	2728628	Argument	pmat		2725153	3					
ANR	2728629	Identifier	pmat		2725153	0					
ANR	2728630	Argument	pgs		2725153	4					
ANR	2728631	Identifier	pgs		2725153	0					
ANR	2728632	Argument	force_lossless		2725153	5					
ANR	2728633	Identifier	force_lossless		2725153	0					
ANR	2728634	Argument	in_line		2725153	6					
ANR	2728635	Identifier	in_line		2725153	0					
ANR	2728636	Argument	convert_to_process_colors		2725153	7					
ANR	2728637	Identifier	convert_to_process_colors		2725153	0					
ANR	2728638	IfStatement	if ( code == gs_error_rangecheck )		2725153	3					
ANR	2728639	Condition	code == gs_error_rangecheck	1537:12:66282:66308	2725153	0	True				
ANR	2728640	EqualityExpression	code == gs_error_rangecheck		2725153	0		==			
ANR	2728641	Identifier	code		2725153	0					
ANR	2728642	Identifier	gs_error_rangecheck		2725153	1					
ANR	2728643	CompoundStatement		569:41:24374:24374	2725153	1					
ANR	2728644	ForStatement	for ( i = 1 ; i < pie -> writer . alt_writer_count ; i ++ )		2725153	0					
ANR	2728645	ForInit	i = 1 ;	1539:17:66331:66334	2725153	0	True				
ANR	2728646	AssignmentExpression	i = 1		2725153	0		=			
ANR	2728647	Identifier	i		2725153	0					
ANR	2728648	PrimaryExpression	1		2725153	1					
ANR	2728649	Condition	i < pie -> writer . alt_writer_count	1539:21:66335:66366	2725153	1	True				
ANR	2728650	RelationalExpression	i < pie -> writer . alt_writer_count		2725153	0		<			
ANR	2728651	Identifier	i		2725153	0					
ANR	2728652	MemberAccess	pie -> writer . alt_writer_count		2725153	1					
ANR	2728653	PtrMemberAccess	pie -> writer		2725153	0					
ANR	2728654	Identifier	pie		2725153	0					
ANR	2728655	Identifier	writer		2725153	1					
ANR	2728656	Identifier	alt_writer_count		2725153	1					
ANR	2728657	PostIncDecOperationExpression	i ++	1539:55:66369:66371	2725153	2	True				
ANR	2728658	Identifier	i		2725153	0					
ANR	2728659	IncDec	++		2725153	1					
ANR	2728660	CompoundStatement		573:16:24511:24584	2725153	3					
ANR	2728661	IdentifierDeclStatement	stream * s = pie -> writer . binary [ i ] . strm ;	1540:16:66392:66430	2725153	0	True				
ANR	2728662	IdentifierDecl	* s = pie -> writer . binary [ i ] . strm		2725153	0					
ANR	2728663	IdentifierDeclType	stream *		2725153	0					
ANR	2728664	Identifier	s		2725153	1					
ANR	2728665	AssignmentExpression	* s = pie -> writer . binary [ i ] . strm		2725153	2		=			
ANR	2728666	Identifier	s		2725153	0					
ANR	2728667	MemberAccess	pie -> writer . binary [ i ] . strm		2725153	1					
ANR	2728668	ArrayIndexing	pie -> writer . binary [ i ]		2725153	0					
ANR	2728669	MemberAccess	pie -> writer . binary		2725153	0					
ANR	2728670	PtrMemberAccess	pie -> writer		2725153	0					
ANR	2728671	Identifier	pie		2725153	0					
ANR	2728672	Identifier	writer		2725153	1					
ANR	2728673	Identifier	binary		2725153	1					
ANR	2728674	Identifier	i		2725153	1					
ANR	2728675	Identifier	strm		2725153	1					
ANR	2728676	IdentifierDeclStatement	cos_stream_t * pcos = cos_stream_from_pipeline ( pie -> writer . binary [ i ] . strm ) ;	1541:16:66448:66521	2725153	1	True				
ANR	2728677	IdentifierDecl	* pcos = cos_stream_from_pipeline ( pie -> writer . binary [ i ] . strm )		2725153	0					
ANR	2728678	IdentifierDeclType	cos_stream_t *		2725153	0					
ANR	2728679	Identifier	pcos		2725153	1					
ANR	2728680	AssignmentExpression	* pcos = cos_stream_from_pipeline ( pie -> writer . binary [ i ] . strm )		2725153	2		=			
ANR	2728681	Identifier	pcos		2725153	0					
ANR	2728682	CallExpression	cos_stream_from_pipeline ( pie -> writer . binary [ i ] . strm )		2725153	1					
ANR	2728683	Callee	cos_stream_from_pipeline		2725153	0					
ANR	2728684	Identifier	cos_stream_from_pipeline		2725153	0					
ANR	2728685	ArgumentList	pie -> writer . binary [ i ] . strm		2725153	1					
ANR	2728686	Argument	pie -> writer . binary [ i ] . strm		2725153	0					
ANR	2728687	MemberAccess	pie -> writer . binary [ i ] . strm		2725153	0					
ANR	2728688	ArrayIndexing	pie -> writer . binary [ i ]		2725153	0					
ANR	2728689	MemberAccess	pie -> writer . binary		2725153	0					
ANR	2728690	PtrMemberAccess	pie -> writer		2725153	0					
ANR	2728691	Identifier	pie		2725153	0					
ANR	2728692	Identifier	writer		2725153	1					
ANR	2728693	Identifier	binary		2725153	1					
ANR	2728694	Identifier	i		2725153	1					
ANR	2728695	Identifier	strm		2725153	1					
ANR	2728696	ExpressionStatement	"s_close_filters ( & s , NULL )"	1542:16:66539:66564	2725153	2	True				
ANR	2728697	CallExpression	"s_close_filters ( & s , NULL )"		2725153	0					
ANR	2728698	Callee	s_close_filters		2725153	0					
ANR	2728699	Identifier	s_close_filters		2725153	0					
ANR	2728700	ArgumentList	& s		2725153	1					
ANR	2728701	Argument	& s		2725153	0					
ANR	2728702	UnaryOperationExpression	& s		2725153	0					
ANR	2728703	UnaryOperator	&		2725153	0					
ANR	2728704	Identifier	s		2725153	1					
ANR	2728705	Argument	NULL		2725153	1					
ANR	2728706	Identifier	NULL		2725153	0					
ANR	2728707	ExpressionStatement	"gs_free_object ( pdev -> pdf_memory , s , ""compressed image stream"" )"	1543:16:66582:66644	2725153	3	True				
ANR	2728708	CallExpression	"gs_free_object ( pdev -> pdf_memory , s , ""compressed image stream"" )"		2725153	0					
ANR	2728709	Callee	gs_free_object		2725153	0					
ANR	2728710	Identifier	gs_free_object		2725153	0					
ANR	2728711	ArgumentList	pdev -> pdf_memory		2725153	1					
ANR	2728712	Argument	pdev -> pdf_memory		2725153	0					
ANR	2728713	PtrMemberAccess	pdev -> pdf_memory		2725153	0					
ANR	2728714	Identifier	pdev		2725153	0					
ANR	2728715	Identifier	pdf_memory		2725153	1					
ANR	2728716	Argument	s		2725153	1					
ANR	2728717	Identifier	s		2725153	0					
ANR	2728718	Argument	"""compressed image stream"""		2725153	2					
ANR	2728719	PrimaryExpression	"""compressed image stream"""		2725153	0					
ANR	2728720	IfStatement	if ( pcos == 0L )		2725153	4					
ANR	2728721	Condition	pcos == 0L	1544:20:66666:66675	2725153	0	True				
ANR	2728722	EqualityExpression	pcos == 0L		2725153	0		==			
ANR	2728723	Identifier	pcos		2725153	0					
ANR	2728724	PrimaryExpression	0L		2725153	1					
ANR	2728725	ReturnStatement	return gs_note_error ( gs_error_ioerror ) ;	1545:20:66698:66736	2725153	1	True				
ANR	2728726	CallExpression	gs_note_error ( gs_error_ioerror )		2725153	0					
ANR	2728727	Callee	gs_note_error		2725153	0					
ANR	2728728	Identifier	gs_note_error		2725153	0					
ANR	2728729	ArgumentList	gs_error_ioerror		2725153	1					
ANR	2728730	Argument	gs_error_ioerror		2725153	0					
ANR	2728731	Identifier	gs_error_ioerror		2725153	0					
ANR	2728732	ExpressionStatement	"pcos -> cos_procs -> release ( ( cos_object_t * ) pcos , ""pdf_begin_typed_image_impl"" )"	1546:16:66754:66830	2725153	5	True				
ANR	2728733	CallExpression	"pcos -> cos_procs -> release ( ( cos_object_t * ) pcos , ""pdf_begin_typed_image_impl"" )"		2725153	0					
ANR	2728734	Callee	pcos -> cos_procs -> release		2725153	0					
ANR	2728735	PtrMemberAccess	pcos -> cos_procs -> release		2725153	0					
ANR	2728736	PtrMemberAccess	pcos -> cos_procs		2725153	0					
ANR	2728737	Identifier	pcos		2725153	0					
ANR	2728738	Identifier	cos_procs		2725153	1					
ANR	2728739	Identifier	release		2725153	1					
ANR	2728740	ArgumentList	( cos_object_t * ) pcos		2725153	1					
ANR	2728741	Argument	( cos_object_t * ) pcos		2725153	0					
ANR	2728742	CastExpression	( cos_object_t * ) pcos		2725153	0					
ANR	2728743	CastTarget	cos_object_t *		2725153	0					
ANR	2728744	Identifier	pcos		2725153	1					
ANR	2728745	Argument	"""pdf_begin_typed_image_impl"""		2725153	1					
ANR	2728746	PrimaryExpression	"""pdf_begin_typed_image_impl"""		2725153	0					
ANR	2728747	ExpressionStatement	"gs_free_object ( pdev -> pdf_memory , pcos , ""compressed image cos_stream"" )"	1547:16:66848:66917	2725153	6	True				
ANR	2728748	CallExpression	"gs_free_object ( pdev -> pdf_memory , pcos , ""compressed image cos_stream"" )"		2725153	0					
ANR	2728749	Callee	gs_free_object		2725153	0					
ANR	2728750	Identifier	gs_free_object		2725153	0					
ANR	2728751	ArgumentList	pdev -> pdf_memory		2725153	1					
ANR	2728752	Argument	pdev -> pdf_memory		2725153	0					
ANR	2728753	PtrMemberAccess	pdev -> pdf_memory		2725153	0					
ANR	2728754	Identifier	pdev		2725153	0					
ANR	2728755	Identifier	pdf_memory		2725153	1					
ANR	2728756	Argument	pcos		2725153	1					
ANR	2728757	Identifier	pcos		2725153	0					
ANR	2728758	Argument	"""compressed image cos_stream"""		2725153	2					
ANR	2728759	PrimaryExpression	"""compressed image cos_stream"""		2725153	0					
ANR	2728760	ExpressionStatement	pie -> writer . alt_writer_count = 1	1550:12:67025:67057	2725153	1	True				
ANR	2728761	AssignmentExpression	pie -> writer . alt_writer_count = 1		2725153	0		=			
ANR	2728762	MemberAccess	pie -> writer . alt_writer_count		2725153	0					
ANR	2728763	PtrMemberAccess	pie -> writer		2725153	0					
ANR	2728764	Identifier	pie		2725153	0					
ANR	2728765	Identifier	writer		2725153	1					
ANR	2728766	Identifier	alt_writer_count		2725153	1					
ANR	2728767	PrimaryExpression	1		2725153	1					
ANR	2728768	ExpressionStatement	"memset ( pie -> writer . binary + 1 , 0 , sizeof ( pie -> writer . binary [ 1 ] ) )"	1551:12:67071:67135	2725153	2	True				
ANR	2728769	CallExpression	"memset ( pie -> writer . binary + 1 , 0 , sizeof ( pie -> writer . binary [ 1 ] ) )"		2725153	0					
ANR	2728770	Callee	memset		2725153	0					
ANR	2728771	Identifier	memset		2725153	0					
ANR	2728772	ArgumentList	pie -> writer . binary + 1		2725153	1					
ANR	2728773	Argument	pie -> writer . binary + 1		2725153	0					
ANR	2728774	AdditiveExpression	pie -> writer . binary + 1		2725153	0		+			
ANR	2728775	MemberAccess	pie -> writer . binary		2725153	0					
ANR	2728776	PtrMemberAccess	pie -> writer		2725153	0					
ANR	2728777	Identifier	pie		2725153	0					
ANR	2728778	Identifier	writer		2725153	1					
ANR	2728779	Identifier	binary		2725153	1					
ANR	2728780	PrimaryExpression	1		2725153	1					
ANR	2728781	Argument	0		2725153	1					
ANR	2728782	PrimaryExpression	0		2725153	0					
ANR	2728783	Argument	sizeof ( pie -> writer . binary [ 1 ] )		2725153	2					
ANR	2728784	SizeofExpression	sizeof ( pie -> writer . binary [ 1 ] )		2725153	0					
ANR	2728785	Sizeof	sizeof		2725153	0					
ANR	2728786	ArrayIndexing	pie -> writer . binary [ 1 ]		2725153	1					
ANR	2728787	MemberAccess	pie -> writer . binary		2725153	0					
ANR	2728788	PtrMemberAccess	pie -> writer		2725153	0					
ANR	2728789	Identifier	pie		2725153	0					
ANR	2728790	Identifier	writer		2725153	1					
ANR	2728791	Identifier	binary		2725153	1					
ANR	2728792	PrimaryExpression	1		2725153	1					
ANR	2728793	ExpressionStatement	"memset ( pie -> writer . binary + 2 , 0 , sizeof ( pie -> writer . binary [ 1 ] ) )"	1552:12:67149:67213	2725153	3	True				
ANR	2728794	CallExpression	"memset ( pie -> writer . binary + 2 , 0 , sizeof ( pie -> writer . binary [ 1 ] ) )"		2725153	0					
ANR	2728795	Callee	memset		2725153	0					
ANR	2728796	Identifier	memset		2725153	0					
ANR	2728797	ArgumentList	pie -> writer . binary + 2		2725153	1					
ANR	2728798	Argument	pie -> writer . binary + 2		2725153	0					
ANR	2728799	AdditiveExpression	pie -> writer . binary + 2		2725153	0		+			
ANR	2728800	MemberAccess	pie -> writer . binary		2725153	0					
ANR	2728801	PtrMemberAccess	pie -> writer		2725153	0					
ANR	2728802	Identifier	pie		2725153	0					
ANR	2728803	Identifier	writer		2725153	1					
ANR	2728804	Identifier	binary		2725153	1					
ANR	2728805	PrimaryExpression	2		2725153	1					
ANR	2728806	Argument	0		2725153	1					
ANR	2728807	PrimaryExpression	0		2725153	0					
ANR	2728808	Argument	sizeof ( pie -> writer . binary [ 1 ] )		2725153	2					
ANR	2728809	SizeofExpression	sizeof ( pie -> writer . binary [ 1 ] )		2725153	0					
ANR	2728810	Sizeof	sizeof		2725153	0					
ANR	2728811	ArrayIndexing	pie -> writer . binary [ 1 ]		2725153	1					
ANR	2728812	MemberAccess	pie -> writer . binary		2725153	0					
ANR	2728813	PtrMemberAccess	pie -> writer		2725153	0					
ANR	2728814	Identifier	pie		2725153	0					
ANR	2728815	Identifier	writer		2725153	1					
ANR	2728816	Identifier	binary		2725153	1					
ANR	2728817	PrimaryExpression	1		2725153	1					
ANR	2728818	ElseStatement	else		2725153	0					
ANR	2728819	IfStatement	if ( code )		2725153	0					
ANR	2728820	Condition	code	1553:19:67234:67237	2725153	0	True				
ANR	2728821	Identifier	code		2725153	0					
ANR	2728822	CompoundStatement		585:25:25303:25303	2725153	1					
ANR	2728823	GotoStatement	goto fail_and_fallback ;	1554:12:67254:67276	2725153	0	True				
ANR	2728824	Identifier	fail_and_fallback		2725153	0					
ANR	2728825	ElseStatement	else		2725153	0					
ANR	2728826	IfStatement	if ( convert_to_process_colors )		2725153	0					
ANR	2728827	Condition	convert_to_process_colors	1555:19:67297:67321	2725153	0	True				
ANR	2728828	Identifier	convert_to_process_colors		2725153	0					
ANR	2728829	CompoundStatement		587:46:25387:25387	2725153	1					
ANR	2728830	ExpressionStatement	image [ 1 ] . pixel . ColorSpace = pcs_orig	1556:12:67338:67374	2725153	0	True				
ANR	2728831	AssignmentExpression	image [ 1 ] . pixel . ColorSpace = pcs_orig		2725153	0		=			
ANR	2728832	MemberAccess	image [ 1 ] . pixel . ColorSpace		2725153	0					
ANR	2728833	MemberAccess	image [ 1 ] . pixel		2725153	0					
ANR	2728834	ArrayIndexing	image [ 1 ]		2725153	0					
ANR	2728835	Identifier	image		2725153	0					
ANR	2728836	PrimaryExpression	1		2725153	1					
ANR	2728837	Identifier	pixel		2725153	1					
ANR	2728838	Identifier	ColorSpace		2725153	1					
ANR	2728839	Identifier	pcs_orig		2725153	1					
ANR	2728840	ExpressionStatement	"code = psdf_setup_image_colors_filter ( & pie -> writer . binary [ 1 ] , ( gx_device_psdf * ) pdev , & image [ 1 ] . pixel , pgs )"	1557:12:67388:67515	2725153	1	True				
ANR	2728841	AssignmentExpression	"code = psdf_setup_image_colors_filter ( & pie -> writer . binary [ 1 ] , ( gx_device_psdf * ) pdev , & image [ 1 ] . pixel , pgs )"		2725153	0		=			
ANR	2728842	Identifier	code		2725153	0					
ANR	2728843	CallExpression	"psdf_setup_image_colors_filter ( & pie -> writer . binary [ 1 ] , ( gx_device_psdf * ) pdev , & image [ 1 ] . pixel , pgs )"		2725153	1					
ANR	2728844	Callee	psdf_setup_image_colors_filter		2725153	0					
ANR	2728845	Identifier	psdf_setup_image_colors_filter		2725153	0					
ANR	2728846	ArgumentList	& pie -> writer . binary [ 1 ]		2725153	1					
ANR	2728847	Argument	& pie -> writer . binary [ 1 ]		2725153	0					
ANR	2728848	UnaryOperationExpression	& pie -> writer . binary [ 1 ]		2725153	0					
ANR	2728849	UnaryOperator	&		2725153	0					
ANR	2728850	ArrayIndexing	pie -> writer . binary [ 1 ]		2725153	1					
ANR	2728851	MemberAccess	pie -> writer . binary		2725153	0					
ANR	2728852	PtrMemberAccess	pie -> writer		2725153	0					
ANR	2728853	Identifier	pie		2725153	0					
ANR	2728854	Identifier	writer		2725153	1					
ANR	2728855	Identifier	binary		2725153	1					
ANR	2728856	PrimaryExpression	1		2725153	1					
ANR	2728857	Argument	( gx_device_psdf * ) pdev		2725153	1					
ANR	2728858	CastExpression	( gx_device_psdf * ) pdev		2725153	0					
ANR	2728859	CastTarget	gx_device_psdf *		2725153	0					
ANR	2728860	Identifier	pdev		2725153	1					
ANR	2728861	Argument	& image [ 1 ] . pixel		2725153	2					
ANR	2728862	UnaryOperationExpression	& image [ 1 ] . pixel		2725153	0					
ANR	2728863	UnaryOperator	&		2725153	0					
ANR	2728864	MemberAccess	image [ 1 ] . pixel		2725153	1					
ANR	2728865	ArrayIndexing	image [ 1 ]		2725153	0					
ANR	2728866	Identifier	image		2725153	0					
ANR	2728867	PrimaryExpression	1		2725153	1					
ANR	2728868	Identifier	pixel		2725153	1					
ANR	2728869	Argument	pgs		2725153	3					
ANR	2728870	Identifier	pgs		2725153	0					
ANR	2728871	IfStatement	if ( code < 0 )		2725153	2					
ANR	2728872	Condition	code < 0	1559:16:67533:67540	2725153	0	True				
ANR	2728873	RelationalExpression	code < 0		2725153	0		<			
ANR	2728874	Identifier	code		2725153	0					
ANR	2728875	PrimaryExpression	0		2725153	1					
ANR	2728876	CompoundStatement		591:26:25606:25606	2725153	1					
ANR	2728877	GotoStatement	goto fail_and_fallback ;	1560:16:67561:67583	2725153	0	True				
ANR	2728878	Identifier	fail_and_fallback		2725153	0					
ANR	2728879	ExpressionStatement	image [ 1 ] . pixel . ColorSpace = pcs_device	1562:12:67611:67649	2725153	3	True				
ANR	2728880	AssignmentExpression	image [ 1 ] . pixel . ColorSpace = pcs_device		2725153	0		=			
ANR	2728881	MemberAccess	image [ 1 ] . pixel . ColorSpace		2725153	0					
ANR	2728882	MemberAccess	image [ 1 ] . pixel		2725153	0					
ANR	2728883	ArrayIndexing	image [ 1 ]		2725153	0					
ANR	2728884	Identifier	image		2725153	0					
ANR	2728885	PrimaryExpression	1		2725153	1					
ANR	2728886	Identifier	pixel		2725153	1					
ANR	2728887	Identifier	ColorSpace		2725153	1					
ANR	2728888	Identifier	pcs_device		2725153	1					
ANR	2728889	ForStatement	for ( i = 0 ; i < pie -> writer . alt_writer_count ; i ++ )		2725153	73					
ANR	2728890	ForInit	i = 0 ;	1566:9:67677:67682	2725153	0	True				
ANR	2728891	AssignmentExpression	i = 0		2725153	0		=			
ANR	2728892	Identifier	i		2725153	0					
ANR	2728893	PrimaryExpression	0		2725153	1					
ANR	2728894	Condition	i < pie -> writer . alt_writer_count	1566:16:67684:67715	2725153	1	True				
ANR	2728895	RelationalExpression	i < pie -> writer . alt_writer_count		2725153	0		<			
ANR	2728896	Identifier	i		2725153	0					
ANR	2728897	MemberAccess	pie -> writer . alt_writer_count		2725153	1					
ANR	2728898	PtrMemberAccess	pie -> writer		2725153	0					
ANR	2728899	Identifier	pie		2725153	0					
ANR	2728900	Identifier	writer		2725153	1					
ANR	2728901	Identifier	alt_writer_count		2725153	1					
ANR	2728902	PostIncDecOperationExpression	i ++	1566:50:67718:67720	2725153	2	True				
ANR	2728903	Identifier	i		2725153	0					
ANR	2728904	IncDec	++		2725153	1					
ANR	2728905	CompoundStatement		598:55:25786:25786	2725153	3					
ANR	2728906	ExpressionStatement	"code = pdf_begin_image_data_decoded ( pdev , num_components , pranges , i , & image [ i ] . pixel , & cs_value , pie )"	1567:8:67733:67864	2725153	0	True				
ANR	2728907	AssignmentExpression	"code = pdf_begin_image_data_decoded ( pdev , num_components , pranges , i , & image [ i ] . pixel , & cs_value , pie )"		2725153	0		=			
ANR	2728908	Identifier	code		2725153	0					
ANR	2728909	CallExpression	"pdf_begin_image_data_decoded ( pdev , num_components , pranges , i , & image [ i ] . pixel , & cs_value , pie )"		2725153	1					
ANR	2728910	Callee	pdf_begin_image_data_decoded		2725153	0					
ANR	2728911	Identifier	pdf_begin_image_data_decoded		2725153	0					
ANR	2728912	ArgumentList	pdev		2725153	1					
ANR	2728913	Argument	pdev		2725153	0					
ANR	2728914	Identifier	pdev		2725153	0					
ANR	2728915	Argument	num_components		2725153	1					
ANR	2728916	Identifier	num_components		2725153	0					
ANR	2728917	Argument	pranges		2725153	2					
ANR	2728918	Identifier	pranges		2725153	0					
ANR	2728919	Argument	i		2725153	3					
ANR	2728920	Identifier	i		2725153	0					
ANR	2728921	Argument	& image [ i ] . pixel		2725153	4					
ANR	2728922	UnaryOperationExpression	& image [ i ] . pixel		2725153	0					
ANR	2728923	UnaryOperator	&		2725153	0					
ANR	2728924	MemberAccess	image [ i ] . pixel		2725153	1					
ANR	2728925	ArrayIndexing	image [ i ]		2725153	0					
ANR	2728926	Identifier	image		2725153	0					
ANR	2728927	Identifier	i		2725153	1					
ANR	2728928	Identifier	pixel		2725153	1					
ANR	2728929	Argument	& cs_value		2725153	5					
ANR	2728930	UnaryOperationExpression	& cs_value		2725153	0					
ANR	2728931	UnaryOperator	&		2725153	0					
ANR	2728932	Identifier	cs_value		2725153	1					
ANR	2728933	Argument	pie		2725153	6					
ANR	2728934	Identifier	pie		2725153	0					
ANR	2728935	IfStatement	if ( code < 0 )		2725153	1					
ANR	2728936	Condition	code < 0	1569:12:67878:67885	2725153	0	True				
ANR	2728937	RelationalExpression	code < 0		2725153	0		<			
ANR	2728938	Identifier	code		2725153	0					
ANR	2728939	PrimaryExpression	0		2725153	1					
ANR	2728940	GotoStatement	goto fail_and_fallback ;	1570:12:67900:67922	2725153	1	True				
ANR	2728941	Identifier	fail_and_fallback		2725153	0					
ANR	2728942	IfStatement	if ( pie -> writer . alt_writer_count == 2 )		2725153	74					
ANR	2728943	Condition	pie -> writer . alt_writer_count == 2	1572:8:67938:67970	2725153	0	True				
ANR	2728944	EqualityExpression	pie -> writer . alt_writer_count == 2		2725153	0		==			
ANR	2728945	MemberAccess	pie -> writer . alt_writer_count		2725153	0					
ANR	2728946	PtrMemberAccess	pie -> writer		2725153	0					
ANR	2728947	Identifier	pie		2725153	0					
ANR	2728948	Identifier	writer		2725153	1					
ANR	2728949	Identifier	alt_writer_count		2725153	1					
ANR	2728950	PrimaryExpression	2		2725153	1					
ANR	2728951	CompoundStatement		604:43:26036:26036	2725153	1					
ANR	2728952	ExpressionStatement	"psdf_setup_compression_chooser ( & pie -> writer . binary [ 2 ] , ( gx_device_psdf * ) pdev , pim -> Width , pim -> Height , num_components , pim -> BitsPerComponent )"	1573:8:67983:68151	2725153	0	True				
ANR	2728953	CallExpression	"psdf_setup_compression_chooser ( & pie -> writer . binary [ 2 ] , ( gx_device_psdf * ) pdev , pim -> Width , pim -> Height , num_components , pim -> BitsPerComponent )"		2725153	0					
ANR	2728954	Callee	psdf_setup_compression_chooser		2725153	0					
ANR	2728955	Identifier	psdf_setup_compression_chooser		2725153	0					
ANR	2728956	ArgumentList	& pie -> writer . binary [ 2 ]		2725153	1					
ANR	2728957	Argument	& pie -> writer . binary [ 2 ]		2725153	0					
ANR	2728958	UnaryOperationExpression	& pie -> writer . binary [ 2 ]		2725153	0					
ANR	2728959	UnaryOperator	&		2725153	0					
ANR	2728960	ArrayIndexing	pie -> writer . binary [ 2 ]		2725153	1					
ANR	2728961	MemberAccess	pie -> writer . binary		2725153	0					
ANR	2728962	PtrMemberAccess	pie -> writer		2725153	0					
ANR	2728963	Identifier	pie		2725153	0					
ANR	2728964	Identifier	writer		2725153	1					
ANR	2728965	Identifier	binary		2725153	1					
ANR	2728966	PrimaryExpression	2		2725153	1					
ANR	2728967	Argument	( gx_device_psdf * ) pdev		2725153	1					
ANR	2728968	CastExpression	( gx_device_psdf * ) pdev		2725153	0					
ANR	2728969	CastTarget	gx_device_psdf *		2725153	0					
ANR	2728970	Identifier	pdev		2725153	1					
ANR	2728971	Argument	pim -> Width		2725153	2					
ANR	2728972	PtrMemberAccess	pim -> Width		2725153	0					
ANR	2728973	Identifier	pim		2725153	0					
ANR	2728974	Identifier	Width		2725153	1					
ANR	2728975	Argument	pim -> Height		2725153	3					
ANR	2728976	PtrMemberAccess	pim -> Height		2725153	0					
ANR	2728977	Identifier	pim		2725153	0					
ANR	2728978	Identifier	Height		2725153	1					
ANR	2728979	Argument	num_components		2725153	4					
ANR	2728980	Identifier	num_components		2725153	0					
ANR	2728981	Argument	pim -> BitsPerComponent		2725153	5					
ANR	2728982	PtrMemberAccess	pim -> BitsPerComponent		2725153	0					
ANR	2728983	Identifier	pim		2725153	0					
ANR	2728984	Identifier	BitsPerComponent		2725153	1					
ANR	2728985	ExpressionStatement	pie -> writer . alt_writer_count = 3	1576:8:68161:68193	2725153	1	True				
ANR	2728986	AssignmentExpression	pie -> writer . alt_writer_count = 3		2725153	0		=			
ANR	2728987	MemberAccess	pie -> writer . alt_writer_count		2725153	0					
ANR	2728988	PtrMemberAccess	pie -> writer		2725153	0					
ANR	2728989	Identifier	pie		2725153	0					
ANR	2728990	Identifier	writer		2725153	1					
ANR	2728991	Identifier	alt_writer_count		2725153	1					
ANR	2728992	PrimaryExpression	3		2725153	1					
ANR	2728993	IfStatement	if ( pic -> type -> index == 4 && pdev -> CompatibilityLevel < 1.3 )		2725153	75					
ANR	2728994	Condition	pic -> type -> index == 4 && pdev -> CompatibilityLevel < 1.3	1578:8:68209:68263	2725153	0	True				
ANR	2728995	AndExpression	pic -> type -> index == 4 && pdev -> CompatibilityLevel < 1.3		2725153	0		&&			
ANR	2728996	EqualityExpression	pic -> type -> index == 4		2725153	0		==			
ANR	2728997	PtrMemberAccess	pic -> type -> index		2725153	0					
ANR	2728998	PtrMemberAccess	pic -> type		2725153	0					
ANR	2728999	Identifier	pic		2725153	0					
ANR	2729000	Identifier	type		2725153	1					
ANR	2729001	Identifier	index		2725153	1					
ANR	2729002	PrimaryExpression	4		2725153	1					
ANR	2729003	RelationalExpression	pdev -> CompatibilityLevel < 1.3		2725153	1		<			
ANR	2729004	PtrMemberAccess	pdev -> CompatibilityLevel		2725153	0					
ANR	2729005	Identifier	pdev		2725153	0					
ANR	2729006	Identifier	CompatibilityLevel		2725153	1					
ANR	2729007	PrimaryExpression	1.3		2725153	1					
ANR	2729008	CompoundStatement		611:8:26339:26344	2725153	1					
ANR	2729009	IdentifierDeclStatement	int i ;	1579:8:68276:68281	2725153	0	True				
ANR	2729010	IdentifierDecl	i		2725153	0					
ANR	2729011	IdentifierDeclType	int		2725153	0					
ANR	2729012	Identifier	i		2725153	1					
ANR	2729013	ExpressionStatement	i = pie -> writer . alt_writer_count	1582:8:68344:68376	2725153	1	True				
ANR	2729014	AssignmentExpression	i = pie -> writer . alt_writer_count		2725153	0		=			
ANR	2729015	Identifier	i		2725153	0					
ANR	2729016	MemberAccess	pie -> writer . alt_writer_count		2725153	1					
ANR	2729017	PtrMemberAccess	pie -> writer		2725153	0					
ANR	2729018	Identifier	pie		2725153	0					
ANR	2729019	Identifier	writer		2725153	1					
ANR	2729020	Identifier	alt_writer_count		2725153	1					
ANR	2729021	ExpressionStatement	"gs_image_t_init_mask_adjust ( ( gs_image_t * ) & image [ i ] . type1 , true , false )"	1583:8:68386:68457	2725153	2	True				
ANR	2729022	CallExpression	"gs_image_t_init_mask_adjust ( ( gs_image_t * ) & image [ i ] . type1 , true , false )"		2725153	0					
ANR	2729023	Callee	gs_image_t_init_mask_adjust		2725153	0					
ANR	2729024	Identifier	gs_image_t_init_mask_adjust		2725153	0					
ANR	2729025	ArgumentList	( gs_image_t * ) & image [ i ] . type1		2725153	1					
ANR	2729026	Argument	( gs_image_t * ) & image [ i ] . type1		2725153	0					
ANR	2729027	CastExpression	( gs_image_t * ) & image [ i ] . type1		2725153	0					
ANR	2729028	CastTarget	gs_image_t *		2725153	0					
ANR	2729029	UnaryOperationExpression	& image [ i ] . type1		2725153	1					
ANR	2729030	UnaryOperator	&		2725153	0					
ANR	2729031	MemberAccess	image [ i ] . type1		2725153	1					
ANR	2729032	ArrayIndexing	image [ i ]		2725153	0					
ANR	2729033	Identifier	image		2725153	0					
ANR	2729034	Identifier	i		2725153	1					
ANR	2729035	Identifier	type1		2725153	1					
ANR	2729036	Argument	true		2725153	1					
ANR	2729037	Identifier	true		2725153	0					
ANR	2729038	Argument	false		2725153	2					
ANR	2729039	Identifier	false		2725153	0					
ANR	2729040	ExpressionStatement	image [ i ] . type1 . Width = image [ 0 ] . pixel . Width	1584:8:68467:68510	2725153	3	True				
ANR	2729041	AssignmentExpression	image [ i ] . type1 . Width = image [ 0 ] . pixel . Width		2725153	0		=			
ANR	2729042	MemberAccess	image [ i ] . type1 . Width		2725153	0					
ANR	2729043	MemberAccess	image [ i ] . type1		2725153	0					
ANR	2729044	ArrayIndexing	image [ i ]		2725153	0					
ANR	2729045	Identifier	image		2725153	0					
ANR	2729046	Identifier	i		2725153	1					
ANR	2729047	Identifier	type1		2725153	1					
ANR	2729048	Identifier	Width		2725153	1					
ANR	2729049	MemberAccess	image [ 0 ] . pixel . Width		2725153	1					
ANR	2729050	MemberAccess	image [ 0 ] . pixel		2725153	0					
ANR	2729051	ArrayIndexing	image [ 0 ]		2725153	0					
ANR	2729052	Identifier	image		2725153	0					
ANR	2729053	PrimaryExpression	0		2725153	1					
ANR	2729054	Identifier	pixel		2725153	1					
ANR	2729055	Identifier	Width		2725153	1					
ANR	2729056	ExpressionStatement	image [ i ] . type1 . Height = image [ 0 ] . pixel . Height	1585:8:68520:68565	2725153	4	True				
ANR	2729057	AssignmentExpression	image [ i ] . type1 . Height = image [ 0 ] . pixel . Height		2725153	0		=			
ANR	2729058	MemberAccess	image [ i ] . type1 . Height		2725153	0					
ANR	2729059	MemberAccess	image [ i ] . type1		2725153	0					
ANR	2729060	ArrayIndexing	image [ i ]		2725153	0					
ANR	2729061	Identifier	image		2725153	0					
ANR	2729062	Identifier	i		2725153	1					
ANR	2729063	Identifier	type1		2725153	1					
ANR	2729064	Identifier	Height		2725153	1					
ANR	2729065	MemberAccess	image [ 0 ] . pixel . Height		2725153	1					
ANR	2729066	MemberAccess	image [ 0 ] . pixel		2725153	0					
ANR	2729067	ArrayIndexing	image [ 0 ]		2725153	0					
ANR	2729068	Identifier	image		2725153	0					
ANR	2729069	PrimaryExpression	0		2725153	1					
ANR	2729070	Identifier	pixel		2725153	1					
ANR	2729071	Identifier	Height		2725153	1					
ANR	2729072	ExpressionStatement	"code = pdf_begin_write_image ( pdev , & pie -> writer , gs_no_id , width , height , NULL , false )"	1587:8:68609:68715	2725153	5	True				
ANR	2729073	AssignmentExpression	"code = pdf_begin_write_image ( pdev , & pie -> writer , gs_no_id , width , height , NULL , false )"		2725153	0		=			
ANR	2729074	Identifier	code		2725153	0					
ANR	2729075	CallExpression	"pdf_begin_write_image ( pdev , & pie -> writer , gs_no_id , width , height , NULL , false )"		2725153	1					
ANR	2729076	Callee	pdf_begin_write_image		2725153	0					
ANR	2729077	Identifier	pdf_begin_write_image		2725153	0					
ANR	2729078	ArgumentList	pdev		2725153	1					
ANR	2729079	Argument	pdev		2725153	0					
ANR	2729080	Identifier	pdev		2725153	0					
ANR	2729081	Argument	& pie -> writer		2725153	1					
ANR	2729082	UnaryOperationExpression	& pie -> writer		2725153	0					
ANR	2729083	UnaryOperator	&		2725153	0					
ANR	2729084	PtrMemberAccess	pie -> writer		2725153	1					
ANR	2729085	Identifier	pie		2725153	0					
ANR	2729086	Identifier	writer		2725153	1					
ANR	2729087	Argument	gs_no_id		2725153	2					
ANR	2729088	Identifier	gs_no_id		2725153	0					
ANR	2729089	Argument	width		2725153	3					
ANR	2729090	Identifier	width		2725153	0					
ANR	2729091	Argument	height		2725153	4					
ANR	2729092	Identifier	height		2725153	0					
ANR	2729093	Argument	NULL		2725153	5					
ANR	2729094	Identifier	NULL		2725153	0					
ANR	2729095	Argument	false		2725153	6					
ANR	2729096	Identifier	false		2725153	0					
ANR	2729097	IfStatement	if ( code )		2725153	6					
ANR	2729098	Condition	code	1589:12:68729:68732	2725153	0	True				
ANR	2729099	Identifier	code		2725153	0					
ANR	2729100	GotoStatement	goto fail_and_fallback ;	1590:12:68747:68769	2725153	1	True				
ANR	2729101	Identifier	fail_and_fallback		2725153	0					
ANR	2729102	ExpressionStatement	"code = psdf_setup_image_filters ( ( gx_device_psdf * ) pdev , & pie -> writer . binary [ i ] , & image [ i ] . pixel , pmat , pgs , force_lossless , in_line )"	1591:8:68779:68980	2725153	7	True				
ANR	2729103	AssignmentExpression	"code = psdf_setup_image_filters ( ( gx_device_psdf * ) pdev , & pie -> writer . binary [ i ] , & image [ i ] . pixel , pmat , pgs , force_lossless , in_line )"		2725153	0		=			
ANR	2729104	Identifier	code		2725153	0					
ANR	2729105	CallExpression	"psdf_setup_image_filters ( ( gx_device_psdf * ) pdev , & pie -> writer . binary [ i ] , & image [ i ] . pixel , pmat , pgs , force_lossless , in_line )"		2725153	1					
ANR	2729106	Callee	psdf_setup_image_filters		2725153	0					
ANR	2729107	Identifier	psdf_setup_image_filters		2725153	0					
ANR	2729108	ArgumentList	( gx_device_psdf * ) pdev		2725153	1					
ANR	2729109	Argument	( gx_device_psdf * ) pdev		2725153	0					
ANR	2729110	CastExpression	( gx_device_psdf * ) pdev		2725153	0					
ANR	2729111	CastTarget	gx_device_psdf *		2725153	0					
ANR	2729112	Identifier	pdev		2725153	1					
ANR	2729113	Argument	& pie -> writer . binary [ i ]		2725153	1					
ANR	2729114	UnaryOperationExpression	& pie -> writer . binary [ i ]		2725153	0					
ANR	2729115	UnaryOperator	&		2725153	0					
ANR	2729116	ArrayIndexing	pie -> writer . binary [ i ]		2725153	1					
ANR	2729117	MemberAccess	pie -> writer . binary		2725153	0					
ANR	2729118	PtrMemberAccess	pie -> writer		2725153	0					
ANR	2729119	Identifier	pie		2725153	0					
ANR	2729120	Identifier	writer		2725153	1					
ANR	2729121	Identifier	binary		2725153	1					
ANR	2729122	Identifier	i		2725153	1					
ANR	2729123	Argument	& image [ i ] . pixel		2725153	2					
ANR	2729124	UnaryOperationExpression	& image [ i ] . pixel		2725153	0					
ANR	2729125	UnaryOperator	&		2725153	0					
ANR	2729126	MemberAccess	image [ i ] . pixel		2725153	1					
ANR	2729127	ArrayIndexing	image [ i ]		2725153	0					
ANR	2729128	Identifier	image		2725153	0					
ANR	2729129	Identifier	i		2725153	1					
ANR	2729130	Identifier	pixel		2725153	1					
ANR	2729131	Argument	pmat		2725153	3					
ANR	2729132	Identifier	pmat		2725153	0					
ANR	2729133	Argument	pgs		2725153	4					
ANR	2729134	Identifier	pgs		2725153	0					
ANR	2729135	Argument	force_lossless		2725153	5					
ANR	2729136	Identifier	force_lossless		2725153	0					
ANR	2729137	Argument	in_line		2725153	6					
ANR	2729138	Identifier	in_line		2725153	0					
ANR	2729139	IfStatement	if ( code < 0 )		2725153	8					
ANR	2729140	Condition	code < 0	1594:12:68994:69001	2725153	0	True				
ANR	2729141	RelationalExpression	code < 0		2725153	0		<			
ANR	2729142	Identifier	code		2725153	0					
ANR	2729143	PrimaryExpression	0		2725153	1					
ANR	2729144	GotoStatement	goto fail_and_fallback ;	1595:12:69016:69038	2725153	1	True				
ANR	2729145	Identifier	fail_and_fallback		2725153	0					
ANR	2729146	ExpressionStatement	"psdf_setup_image_to_mask_filter ( & pie -> writer . binary [ i ] , ( gx_device_psdf * ) pdev , pim -> Width , pim -> Height , num_components , pim -> BitsPerComponent , image [ i ] . type4 . MaskColor )"	1596:8:69048:69243	2725153	9	True				
ANR	2729147	CallExpression	"psdf_setup_image_to_mask_filter ( & pie -> writer . binary [ i ] , ( gx_device_psdf * ) pdev , pim -> Width , pim -> Height , num_components , pim -> BitsPerComponent , image [ i ] . type4 . MaskColor )"		2725153	0					
ANR	2729148	Callee	psdf_setup_image_to_mask_filter		2725153	0					
ANR	2729149	Identifier	psdf_setup_image_to_mask_filter		2725153	0					
ANR	2729150	ArgumentList	& pie -> writer . binary [ i ]		2725153	1					
ANR	2729151	Argument	& pie -> writer . binary [ i ]		2725153	0					
ANR	2729152	UnaryOperationExpression	& pie -> writer . binary [ i ]		2725153	0					
ANR	2729153	UnaryOperator	&		2725153	0					
ANR	2729154	ArrayIndexing	pie -> writer . binary [ i ]		2725153	1					
ANR	2729155	MemberAccess	pie -> writer . binary		2725153	0					
ANR	2729156	PtrMemberAccess	pie -> writer		2725153	0					
ANR	2729157	Identifier	pie		2725153	0					
ANR	2729158	Identifier	writer		2725153	1					
ANR	2729159	Identifier	binary		2725153	1					
ANR	2729160	Identifier	i		2725153	1					
ANR	2729161	Argument	( gx_device_psdf * ) pdev		2725153	1					
ANR	2729162	CastExpression	( gx_device_psdf * ) pdev		2725153	0					
ANR	2729163	CastTarget	gx_device_psdf *		2725153	0					
ANR	2729164	Identifier	pdev		2725153	1					
ANR	2729165	Argument	pim -> Width		2725153	2					
ANR	2729166	PtrMemberAccess	pim -> Width		2725153	0					
ANR	2729167	Identifier	pim		2725153	0					
ANR	2729168	Identifier	Width		2725153	1					
ANR	2729169	Argument	pim -> Height		2725153	3					
ANR	2729170	PtrMemberAccess	pim -> Height		2725153	0					
ANR	2729171	Identifier	pim		2725153	0					
ANR	2729172	Identifier	Height		2725153	1					
ANR	2729173	Argument	num_components		2725153	4					
ANR	2729174	Identifier	num_components		2725153	0					
ANR	2729175	Argument	pim -> BitsPerComponent		2725153	5					
ANR	2729176	PtrMemberAccess	pim -> BitsPerComponent		2725153	0					
ANR	2729177	Identifier	pim		2725153	0					
ANR	2729178	Identifier	BitsPerComponent		2725153	1					
ANR	2729179	Argument	image [ i ] . type4 . MaskColor		2725153	6					
ANR	2729180	MemberAccess	image [ i ] . type4 . MaskColor		2725153	0					
ANR	2729181	MemberAccess	image [ i ] . type4		2725153	0					
ANR	2729182	ArrayIndexing	image [ i ]		2725153	0					
ANR	2729183	Identifier	image		2725153	0					
ANR	2729184	Identifier	i		2725153	1					
ANR	2729185	Identifier	type4		2725153	1					
ANR	2729186	Identifier	MaskColor		2725153	1					
ANR	2729187	ExpressionStatement	"code = pdf_begin_image_data_decoded ( pdev , num_components , pranges , i , & image [ i ] . pixel , & cs_value , pie )"	1599:8:69253:69384	2725153	10	True				
ANR	2729188	AssignmentExpression	"code = pdf_begin_image_data_decoded ( pdev , num_components , pranges , i , & image [ i ] . pixel , & cs_value , pie )"		2725153	0		=			
ANR	2729189	Identifier	code		2725153	0					
ANR	2729190	CallExpression	"pdf_begin_image_data_decoded ( pdev , num_components , pranges , i , & image [ i ] . pixel , & cs_value , pie )"		2725153	1					
ANR	2729191	Callee	pdf_begin_image_data_decoded		2725153	0					
ANR	2729192	Identifier	pdf_begin_image_data_decoded		2725153	0					
ANR	2729193	ArgumentList	pdev		2725153	1					
ANR	2729194	Argument	pdev		2725153	0					
ANR	2729195	Identifier	pdev		2725153	0					
ANR	2729196	Argument	num_components		2725153	1					
ANR	2729197	Identifier	num_components		2725153	0					
ANR	2729198	Argument	pranges		2725153	2					
ANR	2729199	Identifier	pranges		2725153	0					
ANR	2729200	Argument	i		2725153	3					
ANR	2729201	Identifier	i		2725153	0					
ANR	2729202	Argument	& image [ i ] . pixel		2725153	4					
ANR	2729203	UnaryOperationExpression	& image [ i ] . pixel		2725153	0					
ANR	2729204	UnaryOperator	&		2725153	0					
ANR	2729205	MemberAccess	image [ i ] . pixel		2725153	1					
ANR	2729206	ArrayIndexing	image [ i ]		2725153	0					
ANR	2729207	Identifier	image		2725153	0					
ANR	2729208	Identifier	i		2725153	1					
ANR	2729209	Identifier	pixel		2725153	1					
ANR	2729210	Argument	& cs_value		2725153	5					
ANR	2729211	UnaryOperationExpression	& cs_value		2725153	0					
ANR	2729212	UnaryOperator	&		2725153	0					
ANR	2729213	Identifier	cs_value		2725153	1					
ANR	2729214	Argument	pie		2725153	6					
ANR	2729215	Identifier	pie		2725153	0					
ANR	2729216	IfStatement	if ( code < 0 )		2725153	11					
ANR	2729217	Condition	code < 0	1601:12:69398:69405	2725153	0	True				
ANR	2729218	RelationalExpression	code < 0		2725153	0		<			
ANR	2729219	Identifier	code		2725153	0					
ANR	2729220	PrimaryExpression	0		2725153	1					
ANR	2729221	GotoStatement	goto fail_and_fallback ;	1602:12:69420:69442	2725153	1	True				
ANR	2729222	Identifier	fail_and_fallback		2725153	0					
ANR	2729223	ExpressionStatement	++ pie -> writer . alt_writer_count	1603:8:69452:69482	2725153	12	True				
ANR	2729224	UnaryExpression	++ pie -> writer . alt_writer_count		2725153	0					
ANR	2729225	IncDec	++		2725153	0					
ANR	2729226	MemberAccess	pie -> writer . alt_writer_count		2725153	1					
ANR	2729227	PtrMemberAccess	pie -> writer		2725153	0					
ANR	2729228	Identifier	pie		2725153	0					
ANR	2729229	Identifier	writer		2725153	1					
ANR	2729230	Identifier	alt_writer_count		2725153	1					
ANR	2729231	ExpressionStatement	"gs_free ( mem -> non_gc_memory , image , 4 , sizeof ( image_union_t ) , ""pdf_begin_typed_image(image)"" )"	1606:4:69495:69633	2725153	76	True				
ANR	2729232	CallExpression	"gs_free ( mem -> non_gc_memory , image , 4 , sizeof ( image_union_t ) , ""pdf_begin_typed_image(image)"" )"		2725153	0					
ANR	2729233	Callee	gs_free		2725153	0					
ANR	2729234	Identifier	gs_free		2725153	0					
ANR	2729235	ArgumentList	mem -> non_gc_memory		2725153	1					
ANR	2729236	Argument	mem -> non_gc_memory		2725153	0					
ANR	2729237	PtrMemberAccess	mem -> non_gc_memory		2725153	0					
ANR	2729238	Identifier	mem		2725153	0					
ANR	2729239	Identifier	non_gc_memory		2725153	1					
ANR	2729240	Argument	image		2725153	1					
ANR	2729241	Identifier	image		2725153	0					
ANR	2729242	Argument	4		2725153	2					
ANR	2729243	PrimaryExpression	4		2725153	0					
ANR	2729244	Argument	sizeof ( image_union_t )		2725153	3					
ANR	2729245	SizeofExpression	sizeof ( image_union_t )		2725153	0					
ANR	2729246	Sizeof	sizeof		2725153	0					
ANR	2729247	SizeofOperand	image_union_t		2725153	1					
ANR	2729248	Argument	"""pdf_begin_typed_image(image)"""		2725153	4					
ANR	2729249	PrimaryExpression	"""pdf_begin_typed_image(image)"""		2725153	0					
ANR	2729250	ReturnStatement	return 0 ;	1608:4:69639:69647	2725153	77	True				
ANR	2729251	PrimaryExpression	0		2725153	0					
ANR	2729252	Label	fail_and_fallback :	1610:0:69650:69667	2725153	78	True				
ANR	2729253	Identifier	fail_and_fallback		2725153	0					
ANR	2729254	ExpressionStatement	pdev -> JPEG_PassThrough = 0	1611:4:69673:69699	2725153	79	True				
ANR	2729255	AssignmentExpression	pdev -> JPEG_PassThrough = 0		2725153	0		=			
ANR	2729256	PtrMemberAccess	pdev -> JPEG_PassThrough		2725153	0					
ANR	2729257	Identifier	pdev		2725153	0					
ANR	2729258	Identifier	JPEG_PassThrough		2725153	1					
ANR	2729259	PrimaryExpression	0		2725153	1					
ANR	2729260	ExpressionStatement	"gs_free ( mem -> non_gc_memory , image , 4 , sizeof ( image_union_t ) , ""pdf_begin_typed_image(image)"" )"	1612:4:69705:69835	2725153	80	True				
ANR	2729261	CallExpression	"gs_free ( mem -> non_gc_memory , image , 4 , sizeof ( image_union_t ) , ""pdf_begin_typed_image(image)"" )"		2725153	0					
ANR	2729262	Callee	gs_free		2725153	0					
ANR	2729263	Identifier	gs_free		2725153	0					
ANR	2729264	ArgumentList	mem -> non_gc_memory		2725153	1					
ANR	2729265	Argument	mem -> non_gc_memory		2725153	0					
ANR	2729266	PtrMemberAccess	mem -> non_gc_memory		2725153	0					
ANR	2729267	Identifier	mem		2725153	0					
ANR	2729268	Identifier	non_gc_memory		2725153	1					
ANR	2729269	Argument	image		2725153	1					
ANR	2729270	Identifier	image		2725153	0					
ANR	2729271	Argument	4		2725153	2					
ANR	2729272	PrimaryExpression	4		2725153	0					
ANR	2729273	Argument	sizeof ( image_union_t )		2725153	3					
ANR	2729274	SizeofExpression	sizeof ( image_union_t )		2725153	0					
ANR	2729275	Sizeof	sizeof		2725153	0					
ANR	2729276	SizeofOperand	image_union_t		2725153	1					
ANR	2729277	Argument	"""pdf_begin_typed_image(image)"""		2725153	4					
ANR	2729278	PrimaryExpression	"""pdf_begin_typed_image(image)"""		2725153	0					
ANR	2729279	ExpressionStatement	"gs_free_object ( mem , pie , ""pdf_begin_image"" )"	1614:4:69841:69884	2725153	81	True				
ANR	2729280	CallExpression	"gs_free_object ( mem , pie , ""pdf_begin_image"" )"		2725153	0					
ANR	2729281	Callee	gs_free_object		2725153	0					
ANR	2729282	Identifier	gs_free_object		2725153	0					
ANR	2729283	ArgumentList	mem		2725153	1					
ANR	2729284	Argument	mem		2725153	0					
ANR	2729285	Identifier	mem		2725153	0					
ANR	2729286	Argument	pie		2725153	1					
ANR	2729287	Identifier	pie		2725153	0					
ANR	2729288	Argument	"""pdf_begin_image"""		2725153	2					
ANR	2729289	PrimaryExpression	"""pdf_begin_image"""		2725153	0					
ANR	2729290	ReturnStatement	"return gx_default_begin_typed_image ( ( gx_device * ) pdev , pgs , pmat , pic , prect , pdcolor , pcpath , mem , pinfo ) ;"	1615:4:69890:70013	2725153	82	True				
ANR	2729291	CallExpression	"gx_default_begin_typed_image ( ( gx_device * ) pdev , pgs , pmat , pic , prect , pdcolor , pcpath , mem , pinfo )"		2725153	0					
ANR	2729292	Callee	gx_default_begin_typed_image		2725153	0					
ANR	2729293	Identifier	gx_default_begin_typed_image		2725153	0					
ANR	2729294	ArgumentList	( gx_device * ) pdev		2725153	1					
ANR	2729295	Argument	( gx_device * ) pdev		2725153	0					
ANR	2729296	CastExpression	( gx_device * ) pdev		2725153	0					
ANR	2729297	CastTarget	gx_device *		2725153	0					
ANR	2729298	Identifier	pdev		2725153	1					
ANR	2729299	Argument	pgs		2725153	1					
ANR	2729300	Identifier	pgs		2725153	0					
ANR	2729301	Argument	pmat		2725153	2					
ANR	2729302	Identifier	pmat		2725153	0					
ANR	2729303	Argument	pic		2725153	3					
ANR	2729304	Identifier	pic		2725153	0					
ANR	2729305	Argument	prect		2725153	4					
ANR	2729306	Identifier	prect		2725153	0					
ANR	2729307	Argument	pdcolor		2725153	5					
ANR	2729308	Identifier	pdcolor		2725153	0					
ANR	2729309	Argument	pcpath		2725153	6					
ANR	2729310	Identifier	pcpath		2725153	0					
ANR	2729311	Argument	mem		2725153	7					
ANR	2729312	Identifier	mem		2725153	0					
ANR	2729313	Argument	pinfo		2725153	8					
ANR	2729314	Identifier	pinfo		2725153	0					
ANR	2729315	ReturnType	static int		2725153	1					
ANR	2729316	Identifier	pdf_begin_typed_image		2725153	2					
ANR	2729317	ParameterList	"gx_device_pdf * pdev , const gs_gstate * pgs , const gs_matrix * pmat , const gs_image_common_t * pic , const gs_int_rect * prect , const gx_drawing_color * pdcolor , const gx_clip_path * pcpath , gs_memory_t * mem , gx_image_enum_common_t * * pinfo , pdf_typed_image_context_t context"		2725153	3					
ANR	2729318	Parameter	gx_device_pdf * pdev	962:22:41530:41548	2725153	0	True				
ANR	2729319	ParameterType	gx_device_pdf *		2725153	0					
ANR	2729320	Identifier	pdev		2725153	1					
ANR	2729321	Parameter	const gs_gstate * pgs	962:43:41551:41571	2725153	1	True				
ANR	2729322	ParameterType	const gs_gstate *		2725153	0					
ANR	2729323	Identifier	pgs		2725153	1					
ANR	2729324	Parameter	const gs_matrix * pmat	963:22:41596:41616	2725153	2	True				
ANR	2729325	ParameterType	const gs_matrix *		2725153	0					
ANR	2729326	Identifier	pmat		2725153	1					
ANR	2729327	Parameter	const gs_image_common_t * pic	963:45:41619:41646	2725153	3	True				
ANR	2729328	ParameterType	const gs_image_common_t *		2725153	0					
ANR	2729329	Identifier	pic		2725153	1					
ANR	2729330	Parameter	const gs_int_rect * prect	964:22:41671:41695	2725153	4	True				
ANR	2729331	ParameterType	const gs_int_rect *		2725153	0					
ANR	2729332	Identifier	prect		2725153	1					
ANR	2729333	Parameter	const gx_drawing_color * pdcolor	965:22:41720:41751	2725153	5	True				
ANR	2729334	ParameterType	const gx_drawing_color *		2725153	0					
ANR	2729335	Identifier	pdcolor		2725153	1					
ANR	2729336	Parameter	const gx_clip_path * pcpath	966:22:41776:41802	2725153	6	True				
ANR	2729337	ParameterType	const gx_clip_path *		2725153	0					
ANR	2729338	Identifier	pcpath		2725153	1					
ANR	2729339	Parameter	gs_memory_t * mem	966:51:41805:41821	2725153	7	True				
ANR	2729340	ParameterType	gs_memory_t *		2725153	0					
ANR	2729341	Identifier	mem		2725153	1					
ANR	2729342	Parameter	gx_image_enum_common_t * * pinfo	967:22:41846:41876	2725153	8	True				
ANR	2729343	ParameterType	gx_image_enum_common_t * *		2725153	0					
ANR	2729344	Identifier	pinfo		2725153	1					
ANR	2729345	Parameter	pdf_typed_image_context_t context	968:22:41901:41933	2725153	9	True				
ANR	2729346	ParameterType	pdf_typed_image_context_t		2725153	0					
ANR	2729347	Identifier	context		2725153	1					
ANR	2729348	CFGEntryNode	ENTRY		2725153		True				
ANR	2729349	CFGExitNode	EXIT		2725153		True				
ANR	2729350	Symbol	* pic -> type		2725153						
ANR	2729351	Symbol	setup_image_colorspace		2725153						
ANR	2729352	Symbol	prect -> q . y		2725153						
ANR	2729353	Symbol	prect -> q . x		2725153						
ANR	2729354	Symbol	prect		2725153						
ANR	2729355	Symbol	convert_separation_alternate		2725153						
ANR	2729356	Symbol	image [ 0 ] . type4		2725153						
ANR	2729357	Symbol	pcs_device		2725153						
ANR	2729358	Symbol	pdev -> params . ColorImage		2725153						
ANR	2729359	Symbol	sbox . q . x		2725153						
ANR	2729360	Symbol	sbox . q . y		2725153						
ANR	2729361	Symbol	saved_downsample		2725153						
ANR	2729362	Symbol	pdev -> JPEG_PassThrough		2725153						
ANR	2729363	Symbol	ni_value		2725153						
ANR	2729364	Symbol	pie -> width		2725153						
ANR	2729365	Symbol	* * image [ 0 ] . pixel		2725153						
ANR	2729366	Symbol	cos_stream_from_pipeline		2725153						
ANR	2729367	Symbol	image [ i ] . type1 . Height		2725153						
ANR	2729368	Symbol	pie -> writer . binary [ 0 ] . strm		2725153						
ANR	2729369	Symbol	* prect		2725153						
ANR	2729370	Symbol	height		2725153						
ANR	2729371	Symbol	gs_no_id		2725153						
ANR	2729372	Symbol	& pim -> ImageMatrix		2725153						
ANR	2729373	Symbol	& cs_value		2725153						
ANR	2729374	Symbol	( ( const gs_image3_t * ) pic ) -> Height		2725153						
ANR	2729375	Symbol	image [ 0 ] . pixel . ColorSpace -> type		2725153						
ANR	2729376	Symbol	image [ 1 ] . pixel . ColorSpace		2725153						
ANR	2729377	Symbol	ibox . p . x		2725153						
ANR	2729378	Symbol	ibox . p . y		2725153						
ANR	2729379	Symbol	psdf_setup_image_filters		2725153						
ANR	2729380	Symbol	* ( const gs_image4_t * ) pic		2725153						
ANR	2729381	Symbol	mem -> non_gc_memory		2725153						
ANR	2729382	Symbol	pdf_image3x_make_mid		2725153						
ANR	2729383	Symbol	use_fallback		2725153						
ANR	2729384	Symbol	pdev -> Eps2Write		2725153						
ANR	2729385	Symbol	corners [ 0 ] . x		2725153						
ANR	2729386	Symbol	corners [ 0 ] . y		2725153						
ANR	2729387	Symbol	& pdf_color_space_names_short		2725153						
ANR	2729388	Symbol	& mat		2725153						
ANR	2729389	Symbol	pie -> mat . yx		2725153						
ANR	2729390	Symbol	pie -> mat . yy		2725153						
ANR	2729391	Symbol	& cdev		2725153						
ANR	2729392	Symbol	new_setup_lossless_filters		2725153						
ANR	2729393	Symbol	tfi_Apply		2725153						
ANR	2729394	Symbol	sbox		2725153						
ANR	2729395	Symbol	corners		2725153						
ANR	2729396	Symbol	float2fixed		2725153						
ANR	2729397	Symbol	* image [ 0 ] . pixel . ColorSpace		2725153						
ANR	2729398	Symbol	* * image		2725153						
ANR	2729399	Symbol	& pranges		2725153						
ANR	2729400	Symbol	& pdf_color_space_names		2725153						
ANR	2729401	Symbol	& pcs_orig		2725153						
ANR	2729402	Symbol	* pie -> writer . binary		2725153						
ANR	2729403	Symbol	pdev -> AccumulatingBBox		2725153						
ANR	2729404	Symbol	pim -> CombineWithColor		2725153						
ANR	2729405	Symbol	& pdev -> BBox		2725153						
ANR	2729406	Symbol	ni_value . contents		2725153						
ANR	2729407	Symbol	pcpath		2725153						
ANR	2729408	Symbol	& devc		2725153						
ANR	2729409	Symbol	pdf_prepare_image		2725153						
ANR	2729410	Symbol	pdf_begin_write_image		2725153						
ANR	2729411	Symbol	& image [ i ] . type1		2725153						
ANR	2729412	Symbol	image [ 0 ] . pixel . ColorSpace -> cmm_icc_profile_data		2725153						
ANR	2729413	Symbol	i		2725153						
ANR	2729414	Symbol	dbox . p		2725153						
ANR	2729415	Symbol	dbox . q		2725153						
ANR	2729416	Symbol	& dbox		2725153						
ANR	2729417	Symbol	pdev -> MaxInlineImageSize		2725153						
ANR	2729418	Symbol	image [ i ] . type1		2725153						
ANR	2729419	Symbol	psdf_setup_image_colors_filter		2725153						
ANR	2729420	Symbol	s		2725153						
ANR	2729421	Symbol	* image [ 0 ] . pixel . ColorSpace -> base_space		2725153						
ANR	2729422	Symbol	image [ i ] . type4		2725153						
ANR	2729423	Symbol	& pie -> writer		2725153						
ANR	2729424	Symbol	* pdev		2725153						
ANR	2729425	Symbol	pdf_prepare_imagemask		2725153						
ANR	2729426	Symbol	* image [ 0 ] . pixel . ColorSpace -> type		2725153						
ANR	2729427	Symbol	pdev -> PatternImagemask		2725153						
ANR	2729428	Symbol	gs_error_rangecheck		2725153						
ANR	2729429	Symbol	* corners		2725153						
ANR	2729430	Symbol	& image [ 1 ] . pixel		2725153						
ANR	2729431	Symbol	pdev -> params . ColorImage . DownsampleType		2725153						
ANR	2729432	Symbol	image [ 0 ] . pixel . ColorSpace -> base_space		2725153						
ANR	2729433	Symbol	pdev -> transfer_not_identity		2725153						
ANR	2729434	Symbol	gs_cspace_new_DeviceGray		2725153						
ANR	2729435	Symbol	pdev -> NI_stack		2725153						
ANR	2729436	Symbol	pie -> mat		2725153						
ANR	2729437	Symbol	image -> pixel . ColorSpace		2725153						
ANR	2729438	Symbol	pdev -> HWResolution		2725153						
ANR	2729439	Symbol	pdev -> memory		2725153						
ANR	2729440	Symbol	image -> pixel		2725153						
ANR	2729441	Symbol	bx2		2725153						
ANR	2729442	Symbol	gs_color_space_num_components		2725153						
ANR	2729443	Symbol	pie -> writer . binary [ i ] . strm		2725153						
ANR	2729444	Symbol	force_lossless		2725153						
ANR	2729445	Symbol	image		2725153						
ANR	2729446	Symbol	pdev -> accumulating_charproc		2725153						
ANR	2729447	Symbol	cs_value		2725153						
ANR	2729448	Symbol	& pdf_image_enum_procs		2725153						
ANR	2729449	Symbol	pdf_image3x_make_mcde		2725153						
ANR	2729450	Symbol	image [ 1 ] . pixel		2725153						
ANR	2729451	Symbol	ibox . q . y		2725153						
ANR	2729452	Symbol	image [ i ] . type1 . Width		2725153						
ANR	2729453	Symbol	x0		2725153						
ANR	2729454	Symbol	pim -> Height		2725153						
ANR	2729455	Symbol	x1		2725153						
ANR	2729456	Symbol	by2		2725153						
ANR	2729457	Symbol	pic -> type		2725153						
ANR	2729458	Symbol	ibox . q . x		2725153						
ANR	2729459	Symbol	rect . q		2725153						
ANR	2729460	Symbol	pdf_unclip		2725153						
ANR	2729461	Symbol	* mem		2725153						
ANR	2729462	Symbol	rect . p		2725153						
ANR	2729463	Symbol	pic -> type -> index		2725153						
ANR	2729464	Symbol	devc		2725153						
ANR	2729465	Symbol	pmat		2725153						
ANR	2729466	Symbol	pim -> Width		2725153						
ANR	2729467	Symbol	pdev -> pcm_color_info_index		2725153						
ANR	2729468	Symbol	& st_pdf_image_enum		2725153						
ANR	2729469	Symbol	gs_alloc_struct		2725153						
ANR	2729470	Symbol	image [ 0 ] . pixel . ColorSpace		2725153						
ANR	2729471	Symbol	dbox		2725153						
ANR	2729472	Symbol	gx_cpath_includes_rectangle		2725153						
ANR	2729473	Symbol	pim -> format		2725153						
ANR	2729474	Symbol	image [ 0 ] . pixel . Height		2725153						
ANR	2729475	Symbol	gs_color_space_index_Indexed		2725153						
ANR	2729476	Symbol	( ( const gs_image3x_t * ) pic ) -> Height		2725153						
ANR	2729477	Symbol	y0		2725153						
ANR	2729478	Symbol	y1		2725153						
ANR	2729479	Symbol	gx_begin_image3x_generic		2725153						
ANR	2729480	Symbol	pie -> JPEG_PassThrough		2725153						
ANR	2729481	Symbol	pcs		2725153						
ANR	2729482	Symbol	& sbox		2725153						
ANR	2729483	Symbol	pie -> bits_per_pixel		2725153						
ANR	2729484	Symbol	false		2725153						
ANR	2729485	Symbol	pdev -> params . TransferFunctionInfo		2725153						
ANR	2729486	Symbol	gs_error_ioerror		2725153						
ANR	2729487	Symbol	pdcolor		2725153						
ANR	2729488	Symbol	* Box		2725153						
ANR	2729489	Symbol	* pcos		2725153						
ANR	2729490	Symbol	pdf_color_space_named		2725153						
ANR	2729491	Symbol	gs_error_VMerror		2725153						
ANR	2729492	Symbol	gs_note_error		2725153						
ANR	2729493	Symbol	ibox		2725153						
ANR	2729494	Symbol	* pic		2725153						
ANR	2729495	Symbol	PDF_IMAGE_TYPE3_MASK		2725153						
ANR	2729496	Symbol	* pie		2725153						
ANR	2729497	Symbol	is_mask		2725153						
ANR	2729498	Symbol	& s		2725153						
ANR	2729499	Symbol	cdev		2725153						
ANR	2729500	Symbol	pdev -> ParamCompatibilityLevel		2725153						
ANR	2729501	Symbol	( ( const gs_image3x_t * ) pic ) -> Width		2725153						
ANR	2729502	Symbol	* pim		2725153						
ANR	2729503	Symbol	gx_default_begin_typed_image		2725153						
ANR	2729504	Symbol	pdf_image_enum		2725153						
ANR	2729505	Symbol	sbox . p		2725153						
ANR	2729506	Symbol	sbox . q		2725153						
ANR	2729507	Symbol	rect . q . y		2725153						
ANR	2729508	Symbol	pie -> memory		2725153						
ANR	2729509	Symbol	image [ i ] . type4 . MaskColor		2725153						
ANR	2729510	Symbol	rect . q . x		2725153						
ANR	2729511	Symbol	* pinfo		2725153						
ANR	2729512	Symbol	pdev -> image_mask_is_SMask		2725153						
ANR	2729513	Symbol	pdf_open_page		2725153						
ANR	2729514	Symbol	* * * image		2725153						
ANR	2729515	Symbol	context		2725153						
ANR	2729516	Symbol	pmat1		2725153						
ANR	2729517	Symbol	( ( const gs_image3_t * ) pic ) -> Width		2725153						
ANR	2729518	Symbol	image [ 0 ] . pixel . Width		2725153						
ANR	2729519	Symbol	pdf_check_soft_mask		2725153						
ANR	2729520	Symbol	& pic -> ImageMatrix		2725153						
ANR	2729521	Symbol	pcos		2725153						
ANR	2729522	Symbol	gs_matrix_multiply		2725153						
ANR	2729523	Symbol	corners [ 3 ] . x		2725153						
ANR	2729524	Symbol	pdf_put_clip_path		2725153						
ANR	2729525	Symbol	& pdf_image_object_enum_procs2		2725153						
ANR	2729526	Symbol	PDF_IMAGE_TYPE3_DATA		2725153						
ANR	2729527	Symbol	gs_malloc		2725153						
ANR	2729528	Symbol	ibox . p		2725153						
ANR	2729529	Symbol	pim -> ColorSpace		2725153						
ANR	2729530	Symbol	ibox . q		2725153						
ANR	2729531	Symbol	corners [ 3 ] . y		2725153						
ANR	2729532	Symbol	gs_color_space_get_index		2725153						
ANR	2729533	Symbol	& pcs_device		2725153						
ANR	2729534	Symbol	pinfo		2725153						
ANR	2729535	Symbol	prect -> p		2725153						
ANR	2729536	Symbol	prect -> q		2725153						
ANR	2729537	Symbol	corners [ 2 ] . y		2725153						
ANR	2729538	Symbol	corners [ 2 ] . x		2725153						
ANR	2729539	Symbol	PDF_IN_STREAM		2725153						
ANR	2729540	Symbol	Box -> q . y		2725153						
ANR	2729541	Symbol	pie -> writer		2725153						
ANR	2729542	Symbol	Box -> q . x		2725153						
ANR	2729543	Symbol	pie -> rows_left		2725153						
ANR	2729544	Symbol	image [ 0 ] . pixel . ColorSpace -> type -> index		2725153						
ANR	2729545	Symbol	pgs		2725153						
ANR	2729546	Symbol	in_line		2725153						
ANR	2729547	Symbol	mat		2725153						
ANR	2729548	Symbol	gx_device_black		2725153						
ANR	2729549	Symbol	pdev -> CompatibilityLevel		2725153						
ANR	2729550	Symbol	& pdf_image_object_enum_procs		2725153						
ANR	2729551	Symbol	dbox . q . x		2725153						
ANR	2729552	Symbol	Box -> q		2725153						
ANR	2729553	Symbol	& image [ 0 ] . pixel		2725153						
ANR	2729554	Symbol	dbox . q . y		2725153						
ANR	2729555	Symbol	Box -> p		2725153						
ANR	2729556	Symbol	num_components		2725153						
ANR	2729557	Symbol	( ( const gs_image_t * ) pic ) -> ImageMask		2725153						
ANR	2729558	Symbol	pdev -> PassThroughWriter		2725153						
ANR	2729559	Symbol	convert_type4_image		2725153						
ANR	2729560	Symbol	pcos -> cos_procs		2725153						
ANR	2729561	Symbol	names		2725153						
ANR	2729562	Symbol	* * image [ 0 ] . pixel . ColorSpace		2725153						
ANR	2729563	Symbol	& image [ i ] . pixel		2725153						
ANR	2729564	Symbol	width		2725153						
ANR	2729565	Symbol	pcs_orig		2725153						
ANR	2729566	Symbol	gsicc_get_default_type		2725153						
ANR	2729567	Symbol	pim -> BitsPerComponent		2725153						
ANR	2729568	Symbol	gs_matrix_invert		2725153						
ANR	2729569	Symbol	pie -> initial_colorspace		2725153						
ANR	2729570	Symbol	ds_Subsample		2725153						
ANR	2729571	Symbol	pdev -> pdf_memory		2725153						
ANR	2729572	Symbol	gs_color_space_index_ICC		2725153						
ANR	2729573	Symbol	* pie -> writer		2725153						
ANR	2729574	Symbol	pranges		2725153						
ANR	2729575	Symbol	pic		2725153						
ANR	2729576	Symbol	pie		2725153						
ANR	2729577	Symbol	bmat		2725153						
ANR	2729578	Symbol	pdev		2725153						
ANR	2729579	Symbol	corners [ 1 ] . x		2725153						
ANR	2729580	Symbol	image [ 0 ] . pixel		2725153						
ANR	2729581	Symbol	corners [ 1 ] . y		2725153						
ANR	2729582	Symbol	pnamed		2725153						
ANR	2729583	Symbol	pim		2725153						
ANR	2729584	Symbol	dbox . p . y		2725153						
ANR	2729585	Symbol	prect -> p . x		2725153						
ANR	2729586	Symbol	prect -> p . y		2725153						
ANR	2729587	Symbol	convert_DeviceN_alternate		2725153						
ANR	2729588	Symbol	dbox . p . x		2725153						
ANR	2729589	Symbol	ni_value . contents . object		2725153						
ANR	2729590	Symbol	pie -> mat . xy		2725153						
ANR	2729591	Symbol	sbox . p . x		2725153						
ANR	2729592	Symbol	NULL		2725153						
ANR	2729593	Symbol	sbox . p . y		2725153						
ANR	2729594	Symbol	pie -> mat . xx		2725153						
ANR	2729595	Symbol	format		2725153						
ANR	2729596	Symbol	lop_default		2725153						
ANR	2729597	Symbol	* pdev -> HWResolution		2725153						
ANR	2729598	Symbol	Box		2725153						
ANR	2729599	Symbol	rect . p . x		2725153						
ANR	2729600	Symbol	rect . p . y		2725153						
ANR	2729601	Symbol	& bmat		2725153						
ANR	2729602	Symbol	pie -> writer . binary		2725153						
ANR	2729603	Symbol	& pie -> mat		2725153						
ANR	2729604	Symbol	true		2725153						
ANR	2729605	Symbol	image [ 0 ] . pixel . ColorSpace -> base_space -> cmm_icc_profile_data		2725153						
ANR	2729606	Symbol	pdf_begin_image_data_decoded		2725153						
ANR	2729607	Symbol	setup_type1_image		2725153						
ANR	2729608	Symbol	convert_type4_to_masked_image		2725153						
ANR	2729609	Symbol	* image		2725153						
ANR	2729610	Symbol	& pdev -> charproc_BBox		2725153						
ANR	2729611	Symbol	new_setup_image_filters		2725153						
ANR	2729612	Symbol	code		2725153						
ANR	2729613	Symbol	& ni_value		2725153						
ANR	2729614	Symbol	* * pdev		2725153						
ANR	2729615	Symbol	cos_array_unadd		2725153						
ANR	2729616	Symbol	rect		2725153						
ANR	2729617	Symbol	make_device_color_space		2725153						
ANR	2729618	Symbol	mem		2725153						
ANR	2729619	Symbol	pdev -> image_mask_id		2725153						
ANR	2729620	Symbol	pie -> num_planes		2725153						
ANR	2729621	Symbol	* * pic		2725153						
ANR	2729622	Symbol	Box -> p . x		2725153						
ANR	2729623	Symbol	* * pie		2725153						
ANR	2729624	Symbol	Box -> p . y		2725153						
ANR	2729625	Symbol	convert_to_process_colors		2725153						
ANR	2729626	Symbol	& ctm_only		2725153						
ANR	2729627	Symbol	pie -> writer . alt_writer_count		2725153						
ANR	2729628	Symbol	setup_type3_image		2725153						
ANR	2729629	Symbol	fixed2float		2725153						
ANR	2729630	Symbol	nbytes		2725153						
ANR	2729631	Symbol	pdev -> params		2725153						
ANR	2729632	Symbol	* i		2725153						
ANR	2729633	Symbol	pdf_must_put_clip_path		2725153						
ANR	2729634	Symbol	* image [ 0 ] . pixel		2725153						
ANR	2729635	Symbol	csi		2725153						
ANR	2729636	Symbol	pdf_make_alt_stream		2725153						
ANR	2729637	Function	gdev_pdf_begin_typed_image	1620:0:70018:70614							
ANR	2729638	FunctionDef	"gdev_pdf_begin_typed_image (gx_device * dev , const gs_gstate * pgs , const gs_matrix * pmat , const gs_image_common_t * pic , const gs_int_rect * prect , const gx_drawing_color * pdcolor , const gx_clip_path * pcpath , gs_memory_t * mem , gx_image_enum_common_t * * pinfo)"		2729637	0					
ANR	2729639	CompoundStatement		1627:0:70419:70614	2729637	0					
ANR	2729640	ReturnStatement	"return pdf_begin_typed_image ( ( gx_device_pdf * ) dev , pgs , pmat , pic , prect , pdcolor , pcpath , mem , pinfo , PDF_IMAGE_DEFAULT ) ;"	1628:4:70425:70612	2729637	0	True				
ANR	2729641	CallExpression	"pdf_begin_typed_image ( ( gx_device_pdf * ) dev , pgs , pmat , pic , prect , pdcolor , pcpath , mem , pinfo , PDF_IMAGE_DEFAULT )"		2729637	0					
ANR	2729642	Callee	pdf_begin_typed_image		2729637	0					
ANR	2729643	Identifier	pdf_begin_typed_image		2729637	0					
ANR	2729644	ArgumentList	( gx_device_pdf * ) dev		2729637	1					
ANR	2729645	Argument	( gx_device_pdf * ) dev		2729637	0					
ANR	2729646	CastExpression	( gx_device_pdf * ) dev		2729637	0					
ANR	2729647	CastTarget	gx_device_pdf *		2729637	0					
ANR	2729648	Identifier	dev		2729637	1					
ANR	2729649	Argument	pgs		2729637	1					
ANR	2729650	Identifier	pgs		2729637	0					
ANR	2729651	Argument	pmat		2729637	2					
ANR	2729652	Identifier	pmat		2729637	0					
ANR	2729653	Argument	pic		2729637	3					
ANR	2729654	Identifier	pic		2729637	0					
ANR	2729655	Argument	prect		2729637	4					
ANR	2729656	Identifier	prect		2729637	0					
ANR	2729657	Argument	pdcolor		2729637	5					
ANR	2729658	Identifier	pdcolor		2729637	0					
ANR	2729659	Argument	pcpath		2729637	6					
ANR	2729660	Identifier	pcpath		2729637	0					
ANR	2729661	Argument	mem		2729637	7					
ANR	2729662	Identifier	mem		2729637	0					
ANR	2729663	Argument	pinfo		2729637	8					
ANR	2729664	Identifier	pinfo		2729637	0					
ANR	2729665	Argument	PDF_IMAGE_DEFAULT		2729637	9					
ANR	2729666	Identifier	PDF_IMAGE_DEFAULT		2729637	0					
ANR	2729667	ReturnType	int		2729637	1					
ANR	2729668	Identifier	gdev_pdf_begin_typed_image		2729637	2					
ANR	2729669	ParameterList	"gx_device * dev , const gs_gstate * pgs , const gs_matrix * pmat , const gs_image_common_t * pic , const gs_int_rect * prect , const gx_drawing_color * pdcolor , const gx_clip_path * pcpath , gs_memory_t * mem , gx_image_enum_common_t * * pinfo"		2729637	3					
ANR	2729670	Parameter	gx_device * dev	1621:27:70049:70063	2729637	0	True				
ANR	2729671	ParameterType	gx_device *		2729637	0					
ANR	2729672	Identifier	dev		2729637	1					
ANR	2729673	Parameter	const gs_gstate * pgs	1621:44:70066:70086	2729637	1	True				
ANR	2729674	ParameterType	const gs_gstate *		2729637	0					
ANR	2729675	Identifier	pgs		2729637	1					
ANR	2729676	Parameter	const gs_matrix * pmat	1622:27:70116:70136	2729637	2	True				
ANR	2729677	ParameterType	const gs_matrix *		2729637	0					
ANR	2729678	Identifier	pmat		2729637	1					
ANR	2729679	Parameter	const gs_image_common_t * pic	1622:50:70139:70166	2729637	3	True				
ANR	2729680	ParameterType	const gs_image_common_t *		2729637	0					
ANR	2729681	Identifier	pic		2729637	1					
ANR	2729682	Parameter	const gs_int_rect * prect	1623:27:70196:70220	2729637	4	True				
ANR	2729683	ParameterType	const gs_int_rect *		2729637	0					
ANR	2729684	Identifier	prect		2729637	1					
ANR	2729685	Parameter	const gx_drawing_color * pdcolor	1624:27:70250:70281	2729637	5	True				
ANR	2729686	ParameterType	const gx_drawing_color *		2729637	0					
ANR	2729687	Identifier	pdcolor		2729637	1					
ANR	2729688	Parameter	const gx_clip_path * pcpath	1625:27:70311:70337	2729637	6	True				
ANR	2729689	ParameterType	const gx_clip_path *		2729637	0					
ANR	2729690	Identifier	pcpath		2729637	1					
ANR	2729691	Parameter	gs_memory_t * mem	1625:56:70340:70356	2729637	7	True				
ANR	2729692	ParameterType	gs_memory_t *		2729637	0					
ANR	2729693	Identifier	mem		2729637	1					
ANR	2729694	Parameter	gx_image_enum_common_t * * pinfo	1626:27:70386:70416	2729637	8	True				
ANR	2729695	ParameterType	gx_image_enum_common_t * *		2729637	0					
ANR	2729696	Identifier	pinfo		2729637	1					
ANR	2729697	CFGEntryNode	ENTRY		2729637		True				
ANR	2729698	CFGExitNode	EXIT		2729637		True				
ANR	2729699	Symbol	dev		2729637						
ANR	2729700	Symbol	pmat		2729637						
ANR	2729701	Symbol	mem		2729637						
ANR	2729702	Symbol	pinfo		2729637						
ANR	2729703	Symbol	pdf_begin_typed_image		2729637						
ANR	2729704	Symbol	pdcolor		2729637						
ANR	2729705	Symbol	pic		2729637						
ANR	2729706	Symbol	prect		2729637						
ANR	2729707	Symbol	pgs		2729637						
ANR	2729708	Symbol	PDF_IMAGE_DEFAULT		2729637						
ANR	2729709	Symbol	pcpath		2729637						
ANR	2729710	Function	pdf_image_plane_data_alt	1636:0:70711:73788							
ANR	2729711	FunctionDef	"pdf_image_plane_data_alt (gx_image_enum_common_t * info , const gx_image_plane_t * planes , int height , int * rows_used , int alt_writer_index)"		2729710	0					
ANR	2729712	CompoundStatement		1640:0:70903:73788	2729710	0					
ANR	2729713	IdentifierDeclStatement	pdf_image_enum * pie = ( pdf_image_enum * ) info ;	1641:4:70909:70954	2729710	0	True				
ANR	2729714	IdentifierDecl	* pie = ( pdf_image_enum * ) info		2729710	0					
ANR	2729715	IdentifierDeclType	pdf_image_enum *		2729710	0					
ANR	2729716	Identifier	pie		2729710	1					
ANR	2729717	AssignmentExpression	* pie = ( pdf_image_enum * ) info		2729710	2		=			
ANR	2729718	Identifier	pie		2729710	0					
ANR	2729719	CastExpression	( pdf_image_enum * ) info		2729710	1					
ANR	2729720	CastTarget	pdf_image_enum *		2729710	0					
ANR	2729721	Identifier	info		2729710	1					
ANR	2729722	IdentifierDeclStatement	int h = height ;	1642:4:70960:70974	2729710	1	True				
ANR	2729723	IdentifierDecl	h = height		2729710	0					
ANR	2729724	IdentifierDeclType	int		2729710	0					
ANR	2729725	Identifier	h		2729710	1					
ANR	2729726	AssignmentExpression	h = height		2729710	2		=			
ANR	2729727	Identifier	height		2729710	0					
ANR	2729728	Identifier	height		2729710	1					
ANR	2729729	IdentifierDeclStatement	int y ;	1643:4:70980:70985	2729710	2	True				
ANR	2729730	IdentifierDecl	y		2729710	0					
ANR	2729731	IdentifierDeclType	int		2729710	0					
ANR	2729732	Identifier	y		2729710	1					
ANR	2729733	IdentifierDeclStatement	uint width_bits = pie -> width * pie -> plane_depths [ 0 ] ;	1645:4:71062:71113	2729710	3	True				
ANR	2729734	IdentifierDecl	width_bits = pie -> width * pie -> plane_depths [ 0 ]		2729710	0					
ANR	2729735	IdentifierDeclType	uint		2729710	0					
ANR	2729736	Identifier	width_bits		2729710	1					
ANR	2729737	AssignmentExpression	width_bits = pie -> width * pie -> plane_depths [ 0 ]		2729710	2		=			
ANR	2729738	Identifier	width_bits		2729710	0					
ANR	2729739	MultiplicativeExpression	pie -> width * pie -> plane_depths [ 0 ]		2729710	1		*			
ANR	2729740	PtrMemberAccess	pie -> width		2729710	0					
ANR	2729741	Identifier	pie		2729710	0					
ANR	2729742	Identifier	width		2729710	1					
ANR	2729743	ArrayIndexing	pie -> plane_depths [ 0 ]		2729710	1					
ANR	2729744	PtrMemberAccess	pie -> plane_depths		2729710	0					
ANR	2729745	Identifier	pie		2729710	0					
ANR	2729746	Identifier	plane_depths		2729710	1					
ANR	2729747	PrimaryExpression	0		2729710	1					
ANR	2729748	IdentifierDeclStatement	uint ignore ;	1647:4:71180:71191	2729710	4	True				
ANR	2729749	IdentifierDecl	ignore		2729710	0					
ANR	2729750	IdentifierDeclType	uint		2729710	0					
ANR	2729751	Identifier	ignore		2729710	1					
ANR	2729752	IdentifierDeclStatement	int nplanes = pie -> num_planes ;	1648:4:71197:71226	2729710	5	True				
ANR	2729753	IdentifierDecl	nplanes = pie -> num_planes		2729710	0					
ANR	2729754	IdentifierDeclType	int		2729710	0					
ANR	2729755	Identifier	nplanes		2729710	1					
ANR	2729756	AssignmentExpression	nplanes = pie -> num_planes		2729710	2		=			
ANR	2729757	Identifier	nplanes		2729710	0					
ANR	2729758	PtrMemberAccess	pie -> num_planes		2729710	1					
ANR	2729759	Identifier	pie		2729710	0					
ANR	2729760	Identifier	num_planes		2729710	1					
ANR	2729761	IdentifierDeclStatement	int status = 0 ;	1649:4:71232:71246	2729710	6	True				
ANR	2729762	IdentifierDecl	status = 0		2729710	0					
ANR	2729763	IdentifierDeclType	int		2729710	0					
ANR	2729764	Identifier	status		2729710	1					
ANR	2729765	AssignmentExpression	status = 0		2729710	2		=			
ANR	2729766	Identifier	status		2729710	0					
ANR	2729767	PrimaryExpression	0		2729710	1					
ANR	2729768	IdentifierDeclStatement	uint bcount = ( width_bits + 7 ) >> 3 ;	1650:4:71252:71287	2729710	7	True				
ANR	2729769	IdentifierDecl	bcount = ( width_bits + 7 ) >> 3		2729710	0					
ANR	2729770	IdentifierDeclType	uint		2729710	0					
ANR	2729771	Identifier	bcount		2729710	1					
ANR	2729772	AssignmentExpression	bcount = ( width_bits + 7 ) >> 3		2729710	2		=			
ANR	2729773	Identifier	bcount		2729710	0					
ANR	2729774	ShiftExpression	( width_bits + 7 ) >> 3		2729710	1		>>			
ANR	2729775	AdditiveExpression	width_bits + 7		2729710	0		+			
ANR	2729776	Identifier	width_bits		2729710	0					
ANR	2729777	PrimaryExpression	7		2729710	1					
ANR	2729778	PrimaryExpression	3		2729710	1					
ANR	2729779	IfStatement	if ( h > pie -> rows_left )		2729710	8					
ANR	2729780	Condition	h > pie -> rows_left	1652:8:71298:71315	2729710	0	True				
ANR	2729781	RelationalExpression	h > pie -> rows_left		2729710	0		>			
ANR	2729782	Identifier	h		2729710	0					
ANR	2729783	PtrMemberAccess	pie -> rows_left		2729710	1					
ANR	2729784	Identifier	pie		2729710	0					
ANR	2729785	Identifier	rows_left		2729710	1					
ANR	2729786	ExpressionStatement	h = pie -> rows_left	1653:8:71326:71344	2729710	1	True				
ANR	2729787	AssignmentExpression	h = pie -> rows_left		2729710	0		=			
ANR	2729788	Identifier	h		2729710	0					
ANR	2729789	PtrMemberAccess	pie -> rows_left		2729710	1					
ANR	2729790	Identifier	pie		2729710	0					
ANR	2729791	Identifier	rows_left		2729710	1					
ANR	2729792	ForStatement	for ( y = 0 ; y < h ; ++ y )		2729710	9					
ANR	2729793	ForInit	y = 0 ;	1654:9:71355:71360	2729710	0	True				
ANR	2729794	AssignmentExpression	y = 0		2729710	0		=			
ANR	2729795	Identifier	y		2729710	0					
ANR	2729796	PrimaryExpression	0		2729710	1					
ANR	2729797	Condition	y < h	1654:16:71362:71366	2729710	1	True				
ANR	2729798	RelationalExpression	y < h		2729710	0		<			
ANR	2729799	Identifier	y		2729710	0					
ANR	2729800	Identifier	h		2729710	1					
ANR	2729801	UnaryExpression	++ y	1654:23:71369:71371	2729710	2	True				
ANR	2729802	IncDec	++		2729710	0					
ANR	2729803	Identifier	y		2729710	1					
ANR	2729804	CompoundStatement		15:28:470:470	2729710	3					
ANR	2729805	IfStatement	if ( nplanes > 1 )		2729710	0					
ANR	2729806	Condition	nplanes > 1	1655:12:71388:71398	2729710	0	True				
ANR	2729807	RelationalExpression	nplanes > 1		2729710	0		>			
ANR	2729808	Identifier	nplanes		2729710	0					
ANR	2729809	PrimaryExpression	1		2729710	1					
ANR	2729810	CompoundStatement		32:12:1295:1314	2729710	1					
ANR	2729811	IdentifierDeclStatement	int pi ;	1665:12:71925:71931	2729710	0	True				
ANR	2729812	IdentifierDecl	pi		2729710	0					
ANR	2729813	IdentifierDeclType	int		2729710	0					
ANR	2729814	Identifier	pi		2729710	1					
ANR	2729815	IdentifierDeclStatement	uint count = bcount ;	1666:12:71945:71964	2729710	1	True				
ANR	2729816	IdentifierDecl	count = bcount		2729710	0					
ANR	2729817	IdentifierDeclType	uint		2729710	0					
ANR	2729818	Identifier	count		2729710	1					
ANR	2729819	AssignmentExpression	count = bcount		2729710	2		=			
ANR	2729820	Identifier	bcount		2729710	0					
ANR	2729821	Identifier	bcount		2729710	1					
ANR	2729822	IdentifierDeclStatement	uint offset = 0 ;	1667:12:71978:71993	2729710	2	True				
ANR	2729823	IdentifierDecl	offset = 0		2729710	0					
ANR	2729824	IdentifierDeclType	uint		2729710	0					
ANR	2729825	Identifier	offset		2729710	1					
ANR	2729826	AssignmentExpression	offset = 0		2729710	2		=			
ANR	2729827	Identifier	offset		2729710	0					
ANR	2729828	PrimaryExpression	0		2729710	1					
ANR	2729829	Statement	define	1668:1:71996:72001	2729710	3	True				
ANR	2729830	Statement	ROW_BYTES	1668:8:72003:72011	2729710	4	True				
ANR	2729831	Statement	max	1668:18:72013:72015	2729710	5	True				
ANR	2729832	Statement	(	1668:21:72016:72016	2729710	6	True				
ANR	2729833	Statement	200	1668:22:72017:72019	2729710	7	True				
ANR	2729834	Statement	","	1668:39:72034:72034	2729710	8	True				
ANR	2729835	Statement	3	1668:41:72036:72036	2729710	9	True				
ANR	2729836	Statement	*	1668:43:72038:72038	2729710	10	True				
ANR	2729837	Statement	GS_IMAGE_MAX_COMPONENTS	1668:45:72040:72062	2729710	11	True				
ANR	2729838	Statement	)	1668:68:72063:72063	2729710	12	True				
ANR	2729839	IdentifierDeclStatement	const byte * bit_planes [ GS_IMAGE_MAX_COMPONENTS ] ;	1669:12:72077:72124	2729710	13	True				
ANR	2729840	IdentifierDecl	* bit_planes [ GS_IMAGE_MAX_COMPONENTS ]		2729710	0					
ANR	2729841	IdentifierDeclType	const byte * [ GS_IMAGE_MAX_COMPONENTS ]		2729710	0					
ANR	2729842	Identifier	bit_planes		2729710	1					
ANR	2729843	Identifier	GS_IMAGE_MAX_COMPONENTS		2729710	2					
ANR	2729844	IdentifierDeclStatement	int block_bytes = ROW_BYTES / ( 3 * nplanes ) * 3 ;	1670:12:72138:72185	2729710	14	True				
ANR	2729845	IdentifierDecl	block_bytes = ROW_BYTES / ( 3 * nplanes ) * 3		2729710	0					
ANR	2729846	IdentifierDeclType	int		2729710	0					
ANR	2729847	Identifier	block_bytes		2729710	1					
ANR	2729848	AssignmentExpression	block_bytes = ROW_BYTES / ( 3 * nplanes ) * 3		2729710	2		=			
ANR	2729849	Identifier	block_bytes		2729710	0					
ANR	2729850	MultiplicativeExpression	ROW_BYTES / ( 3 * nplanes ) * 3		2729710	1		/			
ANR	2729851	Identifier	ROW_BYTES		2729710	0					
ANR	2729852	MultiplicativeExpression	( 3 * nplanes ) * 3		2729710	1		*			
ANR	2729853	MultiplicativeExpression	3 * nplanes		2729710	0		*			
ANR	2729854	PrimaryExpression	3		2729710	0					
ANR	2729855	Identifier	nplanes		2729710	1					
ANR	2729856	PrimaryExpression	3		2729710	1					
ANR	2729857	IdentifierDeclStatement	byte row [ ROW_BYTES ] ;	1671:12:72199:72218	2729710	15	True				
ANR	2729858	IdentifierDecl	row [ ROW_BYTES ]		2729710	0					
ANR	2729859	IdentifierDeclType	byte [ ROW_BYTES ]		2729710	0					
ANR	2729860	Identifier	row		2729710	1					
ANR	2729861	Identifier	ROW_BYTES		2729710	2					
ANR	2729862	ForStatement	for ( pi = 0 ; pi < nplanes ; ++ pi )		2729710	16					
ANR	2729863	ForInit	pi = 0 ;	1673:17:72238:72244	2729710	0	True				
ANR	2729864	AssignmentExpression	pi = 0		2729710	0		=			
ANR	2729865	Identifier	pi		2729710	0					
ANR	2729866	PrimaryExpression	0		2729710	1					
ANR	2729867	Condition	pi < nplanes	1673:25:72246:72257	2729710	1	True				
ANR	2729868	RelationalExpression	pi < nplanes		2729710	0		<			
ANR	2729869	Identifier	pi		2729710	0					
ANR	2729870	Identifier	nplanes		2729710	1					
ANR	2729871	UnaryExpression	++ pi	1673:39:72260:72263	2729710	2	True				
ANR	2729872	IncDec	++		2729710	0					
ANR	2729873	Identifier	pi		2729710	1					
ANR	2729874	ExpressionStatement	bit_planes [ pi ] = planes [ pi ] . data + planes [ pi ] . raster * y	1674:16:72282:72338	2729710	3	True				
ANR	2729875	AssignmentExpression	bit_planes [ pi ] = planes [ pi ] . data + planes [ pi ] . raster * y		2729710	0		=			
ANR	2729876	ArrayIndexing	bit_planes [ pi ]		2729710	0					
ANR	2729877	Identifier	bit_planes		2729710	0					
ANR	2729878	Identifier	pi		2729710	1					
ANR	2729879	AdditiveExpression	planes [ pi ] . data + planes [ pi ] . raster * y		2729710	1		+			
ANR	2729880	MemberAccess	planes [ pi ] . data		2729710	0					
ANR	2729881	ArrayIndexing	planes [ pi ]		2729710	0					
ANR	2729882	Identifier	planes		2729710	0					
ANR	2729883	Identifier	pi		2729710	1					
ANR	2729884	Identifier	data		2729710	1					
ANR	2729885	MultiplicativeExpression	planes [ pi ] . raster * y		2729710	1		*			
ANR	2729886	MemberAccess	planes [ pi ] . raster		2729710	0					
ANR	2729887	ArrayIndexing	planes [ pi ]		2729710	0					
ANR	2729888	Identifier	planes		2729710	0					
ANR	2729889	Identifier	pi		2729710	1					
ANR	2729890	Identifier	raster		2729710	1					
ANR	2729891	Identifier	y		2729710	1					
ANR	2729892	WhileStatement	while ( count )		2729710	17					
ANR	2729893	Condition	count	1675:19:72359:72363	2729710	0	True				
ANR	2729894	Identifier	count		2729710	0					
ANR	2729895	CompoundStatement		38:16:1513:1531	2729710	1					
ANR	2729896	IdentifierDeclStatement	uint flip_count ;	1676:16:72384:72399	2729710	0	True				
ANR	2729897	IdentifierDecl	flip_count		2729710	0					
ANR	2729898	IdentifierDeclType	uint		2729710	0					
ANR	2729899	Identifier	flip_count		2729710	1					
ANR	2729900	IdentifierDeclStatement	uint flipped_count ;	1677:16:72417:72435	2729710	1	True				
ANR	2729901	IdentifierDecl	flipped_count		2729710	0					
ANR	2729902	IdentifierDeclType	uint		2729710	0					
ANR	2729903	Identifier	flipped_count		2729710	1					
ANR	2729904	IfStatement	if ( count > block_bytes )		2729710	2					
ANR	2729905	Condition	count > block_bytes	1679:20:72458:72476	2729710	0	True				
ANR	2729906	RelationalExpression	count > block_bytes		2729710	0		>			
ANR	2729907	Identifier	count		2729710	0					
ANR	2729908	Identifier	block_bytes		2729710	1					
ANR	2729909	CompoundStatement		40:41:1575:1575	2729710	1					
ANR	2729910	ExpressionStatement	flip_count = block_bytes	1680:20:72501:72525	2729710	0	True				
ANR	2729911	AssignmentExpression	flip_count = block_bytes		2729710	0		=			
ANR	2729912	Identifier	flip_count		2729710	0					
ANR	2729913	Identifier	block_bytes		2729710	1					
ANR	2729914	ExpressionStatement	flipped_count = block_bytes * nplanes	1681:20:72547:72584	2729710	1	True				
ANR	2729915	AssignmentExpression	flipped_count = block_bytes * nplanes		2729710	0		=			
ANR	2729916	Identifier	flipped_count		2729710	0					
ANR	2729917	MultiplicativeExpression	block_bytes * nplanes		2729710	1		*			
ANR	2729918	Identifier	block_bytes		2729710	0					
ANR	2729919	Identifier	nplanes		2729710	1					
ANR	2729920	ElseStatement	else		2729710	0					
ANR	2729921	CompoundStatement		43:23:1705:1705	2729710	0					
ANR	2729922	ExpressionStatement	flip_count = count	1683:20:72631:72649	2729710	0	True				
ANR	2729923	AssignmentExpression	flip_count = count		2729710	0		=			
ANR	2729924	Identifier	flip_count		2729710	0					
ANR	2729925	Identifier	count		2729710	1					
ANR	2729926	ExpressionStatement	flipped_count = ( width_bits % ( block_bytes * 8 ) * nplanes + 7 ) >> 3	1684:20:72671:72762	2729710	1	True				
ANR	2729927	AssignmentExpression	flipped_count = ( width_bits % ( block_bytes * 8 ) * nplanes + 7 ) >> 3		2729710	0		=			
ANR	2729928	Identifier	flipped_count		2729710	0					
ANR	2729929	ShiftExpression	( width_bits % ( block_bytes * 8 ) * nplanes + 7 ) >> 3		2729710	1		>>			
ANR	2729930	AdditiveExpression	width_bits % ( block_bytes * 8 ) * nplanes + 7		2729710	0		+			
ANR	2729931	MultiplicativeExpression	width_bits % ( block_bytes * 8 ) * nplanes		2729710	0		%			
ANR	2729932	Identifier	width_bits		2729710	0					
ANR	2729933	MultiplicativeExpression	( block_bytes * 8 ) * nplanes		2729710	1		*			
ANR	2729934	MultiplicativeExpression	block_bytes * 8		2729710	0		*			
ANR	2729935	Identifier	block_bytes		2729710	0					
ANR	2729936	PrimaryExpression	8		2729710	1					
ANR	2729937	Identifier	nplanes		2729710	1					
ANR	2729938	PrimaryExpression	7		2729710	1					
ANR	2729939	PrimaryExpression	3		2729710	1					
ANR	2729940	IfStatement	if ( flipped_count == 0 )		2729710	2					
ANR	2729941	Condition	flipped_count == 0	1687:24:72885:72902	2729710	0	True				
ANR	2729942	EqualityExpression	flipped_count == 0		2729710	0		==			
ANR	2729943	Identifier	flipped_count		2729710	0					
ANR	2729944	PrimaryExpression	0		2729710	1					
ANR	2729945	ExpressionStatement	flipped_count = block_bytes * nplanes	1688:24:72929:72966	2729710	1	True				
ANR	2729946	AssignmentExpression	flipped_count = block_bytes * nplanes		2729710	0		=			
ANR	2729947	Identifier	flipped_count		2729710	0					
ANR	2729948	MultiplicativeExpression	block_bytes * nplanes		2729710	1		*			
ANR	2729949	Identifier	block_bytes		2729710	0					
ANR	2729950	Identifier	nplanes		2729710	1					
ANR	2729951	ExpressionStatement	"image_flip_planes ( row , bit_planes , offset , flip_count , nplanes , pie -> plane_depths [ 0 ] )"	1690:16:73002:73121	2729710	3	True				
ANR	2729952	CallExpression	"image_flip_planes ( row , bit_planes , offset , flip_count , nplanes , pie -> plane_depths [ 0 ] )"		2729710	0					
ANR	2729953	Callee	image_flip_planes		2729710	0					
ANR	2729954	Identifier	image_flip_planes		2729710	0					
ANR	2729955	ArgumentList	row		2729710	1					
ANR	2729956	Argument	row		2729710	0					
ANR	2729957	Identifier	row		2729710	0					
ANR	2729958	Argument	bit_planes		2729710	1					
ANR	2729959	Identifier	bit_planes		2729710	0					
ANR	2729960	Argument	offset		2729710	2					
ANR	2729961	Identifier	offset		2729710	0					
ANR	2729962	Argument	flip_count		2729710	3					
ANR	2729963	Identifier	flip_count		2729710	0					
ANR	2729964	Argument	nplanes		2729710	4					
ANR	2729965	Identifier	nplanes		2729710	0					
ANR	2729966	Argument	pie -> plane_depths [ 0 ]		2729710	5					
ANR	2729967	ArrayIndexing	pie -> plane_depths [ 0 ]		2729710	0					
ANR	2729968	PtrMemberAccess	pie -> plane_depths		2729710	0					
ANR	2729969	Identifier	pie		2729710	0					
ANR	2729970	Identifier	plane_depths		2729710	1					
ANR	2729971	PrimaryExpression	0		2729710	1					
ANR	2729972	ExpressionStatement	"status = sputs ( pie -> writer . binary [ alt_writer_index ] . strm , row , flipped_count , & ignore )"	1692:16:73139:73256	2729710	4	True				
ANR	2729973	AssignmentExpression	"status = sputs ( pie -> writer . binary [ alt_writer_index ] . strm , row , flipped_count , & ignore )"		2729710	0		=			
ANR	2729974	Identifier	status		2729710	0					
ANR	2729975	CallExpression	"sputs ( pie -> writer . binary [ alt_writer_index ] . strm , row , flipped_count , & ignore )"		2729710	1					
ANR	2729976	Callee	sputs		2729710	0					
ANR	2729977	Identifier	sputs		2729710	0					
ANR	2729978	ArgumentList	pie -> writer . binary [ alt_writer_index ] . strm		2729710	1					
ANR	2729979	Argument	pie -> writer . binary [ alt_writer_index ] . strm		2729710	0					
ANR	2729980	MemberAccess	pie -> writer . binary [ alt_writer_index ] . strm		2729710	0					
ANR	2729981	ArrayIndexing	pie -> writer . binary [ alt_writer_index ]		2729710	0					
ANR	2729982	MemberAccess	pie -> writer . binary		2729710	0					
ANR	2729983	PtrMemberAccess	pie -> writer		2729710	0					
ANR	2729984	Identifier	pie		2729710	0					
ANR	2729985	Identifier	writer		2729710	1					
ANR	2729986	Identifier	binary		2729710	1					
ANR	2729987	Identifier	alt_writer_index		2729710	1					
ANR	2729988	Identifier	strm		2729710	1					
ANR	2729989	Argument	row		2729710	1					
ANR	2729990	Identifier	row		2729710	0					
ANR	2729991	Argument	flipped_count		2729710	2					
ANR	2729992	Identifier	flipped_count		2729710	0					
ANR	2729993	Argument	& ignore		2729710	3					
ANR	2729994	UnaryOperationExpression	& ignore		2729710	0					
ANR	2729995	UnaryOperator	&		2729710	0					
ANR	2729996	Identifier	ignore		2729710	1					
ANR	2729997	IfStatement	if ( status < 0 )		2729710	5					
ANR	2729998	Condition	status < 0	1694:20:73278:73287	2729710	0	True				
ANR	2729999	RelationalExpression	status < 0		2729710	0		<			
ANR	2730000	Identifier	status		2729710	0					
ANR	2730001	PrimaryExpression	0		2729710	1					
ANR	2730002	BreakStatement	break ;	1695:20:73310:73315	2729710	1	True				
ANR	2730003	ExpressionStatement	offset += flip_count	1696:16:73333:73353	2729710	6	True				
ANR	2730004	AssignmentExpression	offset += flip_count		2729710	0		+=			
ANR	2730005	Identifier	offset		2729710	0					
ANR	2730006	Identifier	flip_count		2729710	1					
ANR	2730007	ExpressionStatement	count -= flip_count	1697:16:73371:73390	2729710	7	True				
ANR	2730008	AssignmentExpression	count -= flip_count		2729710	0		-=			
ANR	2730009	Identifier	count		2729710	0					
ANR	2730010	Identifier	flip_count		2729710	1					
ANR	2730011	ElseStatement	else		2729710	0					
ANR	2730012	CompoundStatement		60:15:2517:2517	2729710	0					
ANR	2730013	ExpressionStatement	"status = sputs ( pie -> writer . binary [ alt_writer_index ] . strm , planes [ 0 ] . data + planes [ 0 ] . raster * y , bcount , & ignore )"	1700:12:73435:73602	2729710	0	True				
ANR	2730014	AssignmentExpression	"status = sputs ( pie -> writer . binary [ alt_writer_index ] . strm , planes [ 0 ] . data + planes [ 0 ] . raster * y , bcount , & ignore )"		2729710	0		=			
ANR	2730015	Identifier	status		2729710	0					
ANR	2730016	CallExpression	"sputs ( pie -> writer . binary [ alt_writer_index ] . strm , planes [ 0 ] . data + planes [ 0 ] . raster * y , bcount , & ignore )"		2729710	1					
ANR	2730017	Callee	sputs		2729710	0					
ANR	2730018	Identifier	sputs		2729710	0					
ANR	2730019	ArgumentList	pie -> writer . binary [ alt_writer_index ] . strm		2729710	1					
ANR	2730020	Argument	pie -> writer . binary [ alt_writer_index ] . strm		2729710	0					
ANR	2730021	MemberAccess	pie -> writer . binary [ alt_writer_index ] . strm		2729710	0					
ANR	2730022	ArrayIndexing	pie -> writer . binary [ alt_writer_index ]		2729710	0					
ANR	2730023	MemberAccess	pie -> writer . binary		2729710	0					
ANR	2730024	PtrMemberAccess	pie -> writer		2729710	0					
ANR	2730025	Identifier	pie		2729710	0					
ANR	2730026	Identifier	writer		2729710	1					
ANR	2730027	Identifier	binary		2729710	1					
ANR	2730028	Identifier	alt_writer_index		2729710	1					
ANR	2730029	Identifier	strm		2729710	1					
ANR	2730030	Argument	planes [ 0 ] . data + planes [ 0 ] . raster * y		2729710	1					
ANR	2730031	AdditiveExpression	planes [ 0 ] . data + planes [ 0 ] . raster * y		2729710	0		+			
ANR	2730032	MemberAccess	planes [ 0 ] . data		2729710	0					
ANR	2730033	ArrayIndexing	planes [ 0 ]		2729710	0					
ANR	2730034	Identifier	planes		2729710	0					
ANR	2730035	PrimaryExpression	0		2729710	1					
ANR	2730036	Identifier	data		2729710	1					
ANR	2730037	MultiplicativeExpression	planes [ 0 ] . raster * y		2729710	1		*			
ANR	2730038	MemberAccess	planes [ 0 ] . raster		2729710	0					
ANR	2730039	ArrayIndexing	planes [ 0 ]		2729710	0					
ANR	2730040	Identifier	planes		2729710	0					
ANR	2730041	PrimaryExpression	0		2729710	1					
ANR	2730042	Identifier	raster		2729710	1					
ANR	2730043	Identifier	y		2729710	1					
ANR	2730044	Argument	bcount		2729710	2					
ANR	2730045	Identifier	bcount		2729710	0					
ANR	2730046	Argument	& ignore		2729710	3					
ANR	2730047	UnaryOperationExpression	& ignore		2729710	0					
ANR	2730048	UnaryOperator	&		2729710	0					
ANR	2730049	Identifier	ignore		2729710	1					
ANR	2730050	IfStatement	if ( status < 0 )		2729710	1					
ANR	2730051	Condition	status < 0	1704:12:73626:73635	2729710	0	True				
ANR	2730052	RelationalExpression	status < 0		2729710	0		<			
ANR	2730053	Identifier	status		2729710	0					
ANR	2730054	PrimaryExpression	0		2729710	1					
ANR	2730055	BreakStatement	break ;	1705:12:73650:73655	2729710	1	True				
ANR	2730056	ExpressionStatement	* rows_used = h	1707:4:73667:73681	2729710	10	True				
ANR	2730057	AssignmentExpression	* rows_used = h		2729710	0		=			
ANR	2730058	UnaryOperationExpression	* rows_used		2729710	0					
ANR	2730059	UnaryOperator	*		2729710	0					
ANR	2730060	Identifier	rows_used		2729710	1					
ANR	2730061	Identifier	h		2729710	1					
ANR	2730062	IfStatement	if ( status < 0 )		2729710	11					
ANR	2730063	Condition	status < 0	1708:8:73691:73700	2729710	0	True				
ANR	2730064	RelationalExpression	status < 0		2729710	0		<			
ANR	2730065	Identifier	status		2729710	0					
ANR	2730066	PrimaryExpression	0		2729710	1					
ANR	2730067	ExpressionStatement	return_error ( gs_error_ioerror )	1709:8:73711:73741	2729710	1	True				
ANR	2730068	CallExpression	return_error ( gs_error_ioerror )		2729710	0					
ANR	2730069	Callee	return_error		2729710	0					
ANR	2730070	Identifier	return_error		2729710	0					
ANR	2730071	ArgumentList	gs_error_ioerror		2729710	1					
ANR	2730072	Argument	gs_error_ioerror		2729710	0					
ANR	2730073	Identifier	gs_error_ioerror		2729710	0					
ANR	2730074	ReturnStatement	return ! pie -> rows_left ;	1710:4:73747:73769	2729710	12	True				
ANR	2730075	UnaryOperationExpression	! pie -> rows_left		2729710	0					
ANR	2730076	UnaryOperator	!		2729710	0					
ANR	2730077	PtrMemberAccess	pie -> rows_left		2729710	1					
ANR	2730078	Identifier	pie		2729710	0					
ANR	2730079	Identifier	rows_left		2729710	1					
ANR	2730080	Statement	undef	1711:1:73772:73776	2729710	13	True				
ANR	2730081	Statement	ROW_BYTES	1711:7:73778:73786	2729710	14	True				
ANR	2730082	ReturnType	static int		2729710	1					
ANR	2730083	Identifier	pdf_image_plane_data_alt		2729710	2					
ANR	2730084	ParameterList	"gx_image_enum_common_t * info , const gx_image_plane_t * planes , int height , int * rows_used , int alt_writer_index"		2729710	3					
ANR	2730085	Parameter	gx_image_enum_common_t * info	1637:25:70747:70775	2729710	0	True				
ANR	2730086	ParameterType	gx_image_enum_common_t *		2729710	0					
ANR	2730087	Identifier	info		2729710	1					
ANR	2730088	Parameter	const gx_image_plane_t * planes	1638:21:70799:70829	2729710	1	True				
ANR	2730089	ParameterType	const gx_image_plane_t *		2729710	0					
ANR	2730090	Identifier	planes		2729710	1					
ANR	2730091	Parameter	int height	1638:54:70832:70841	2729710	2	True				
ANR	2730092	ParameterType	int		2729710	0					
ANR	2730093	Identifier	height		2729710	1					
ANR	2730094	Parameter	int * rows_used	1639:21:70865:70878	2729710	3	True				
ANR	2730095	ParameterType	int *		2729710	0					
ANR	2730096	Identifier	rows_used		2729710	1					
ANR	2730097	Parameter	int alt_writer_index	1639:37:70881:70900	2729710	4	True				
ANR	2730098	ParameterType	int		2729710	0					
ANR	2730099	Identifier	alt_writer_index		2729710	1					
ANR	2730100	CFGEntryNode	ENTRY		2729710		True				
ANR	2730101	CFGExitNode	EXIT		2729710		True				
ANR	2730102	Symbol	width_bits		2729710						
ANR	2730103	Symbol	block_bytes		2729710						
ANR	2730104	Symbol	planes [ 0 ] . raster		2729710						
ANR	2730105	Symbol	flip_count		2729710						
ANR	2730106	Symbol	ROW_BYTES		2729710						
ANR	2730107	Symbol	* pie -> writer		2729710						
ANR	2730108	Symbol	& ignore		2729710						
ANR	2730109	Symbol	pie		2729710						
ANR	2730110	Symbol	bcount		2729710						
ANR	2730111	Symbol	pie -> width		2729710						
ANR	2730112	Symbol	pie -> writer		2729710						
ANR	2730113	Symbol	* pie -> writer . binary		2729710						
ANR	2730114	Symbol	ignore		2729710						
ANR	2730115	Symbol	pie -> rows_left		2729710						
ANR	2730116	Symbol	row		2729710						
ANR	2730117	Symbol	pie -> num_planes		2729710						
ANR	2730118	Symbol	flipped_count		2729710						
ANR	2730119	Symbol	* bit_planes		2729710						
ANR	2730120	Symbol	info		2729710						
ANR	2730121	Symbol	height		2729710						
ANR	2730122	Symbol	* * pie		2729710						
ANR	2730123	Symbol	* pie -> plane_depths		2729710						
ANR	2730124	Symbol	offset		2729710						
ANR	2730125	Symbol	pie -> plane_depths		2729710						
ANR	2730126	Symbol	h		2729710						
ANR	2730127	Symbol	count		2729710						
ANR	2730128	Symbol	planes		2729710						
ANR	2730129	Symbol	gs_error_ioerror		2729710						
ANR	2730130	Symbol	alt_writer_index		2729710						
ANR	2730131	Symbol	planes [ pi ] . data		2729710						
ANR	2730132	Symbol	bit_planes		2729710						
ANR	2730133	Symbol	pie -> writer . binary [ alt_writer_index ] . strm		2729710						
ANR	2730134	Symbol	nplanes		2729710						
ANR	2730135	Symbol	* rows_used		2729710						
ANR	2730136	Symbol	pie -> writer . binary		2729710						
ANR	2730137	Symbol	rows_used		2729710						
ANR	2730138	Symbol	* alt_writer_index		2729710						
ANR	2730139	Symbol	planes [ 0 ] . data		2729710						
ANR	2730140	Symbol	* pie		2729710						
ANR	2730141	Symbol	y		2729710						
ANR	2730142	Symbol	pi		2729710						
ANR	2730143	Symbol	* planes		2729710						
ANR	2730144	Symbol	* pi		2729710						
ANR	2730145	Symbol	planes [ pi ] . raster		2729710						
ANR	2730146	Symbol	sputs		2729710						
ANR	2730147	Symbol	status		2729710						
ANR	2730148	Function	pdf_image_plane_data	1714:0:73791:74488							
ANR	2730149	FunctionDef	"pdf_image_plane_data (gx_image_enum_common_t * info , const gx_image_plane_t * planes , int height , int * rows_used)"		2730148	0					
ANR	2730150	CompoundStatement		1718:0:73957:74488	2730148	0					
ANR	2730151	IdentifierDeclStatement	pdf_image_enum * pie = ( pdf_image_enum * ) info ;	1719:4:73963:74008	2730148	0	True				
ANR	2730152	IdentifierDecl	* pie = ( pdf_image_enum * ) info		2730148	0					
ANR	2730153	IdentifierDeclType	pdf_image_enum *		2730148	0					
ANR	2730154	Identifier	pie		2730148	1					
ANR	2730155	AssignmentExpression	* pie = ( pdf_image_enum * ) info		2730148	2		=			
ANR	2730156	Identifier	pie		2730148	0					
ANR	2730157	CastExpression	( pdf_image_enum * ) info		2730148	1					
ANR	2730158	CastTarget	pdf_image_enum *		2730148	0					
ANR	2730159	Identifier	info		2730148	1					
ANR	2730160	IdentifierDeclStatement	int i ;	1720:4:74014:74019	2730148	1	True				
ANR	2730161	IdentifierDecl	i		2730148	0					
ANR	2730162	IdentifierDeclType	int		2730148	0					
ANR	2730163	Identifier	i		2730148	1					
ANR	2730164	IfStatement	if ( pie -> JPEG_PassThrough )		2730148	2					
ANR	2730165	Condition	pie -> JPEG_PassThrough	1722:8:74030:74050	2730148	0	True				
ANR	2730166	PtrMemberAccess	pie -> JPEG_PassThrough		2730148	0					
ANR	2730167	Identifier	pie		2730148	0					
ANR	2730168	Identifier	JPEG_PassThrough		2730148	1					
ANR	2730169	CompoundStatement		5:31:95:95	2730148	1					
ANR	2730170	ExpressionStatement	pie -> rows_left -= height	1723:8:74063:74087	2730148	0	True				
ANR	2730171	AssignmentExpression	pie -> rows_left -= height		2730148	0		-=			
ANR	2730172	PtrMemberAccess	pie -> rows_left		2730148	0					
ANR	2730173	Identifier	pie		2730148	0					
ANR	2730174	Identifier	rows_left		2730148	1					
ANR	2730175	Identifier	height		2730148	1					
ANR	2730176	ExpressionStatement	* rows_used = height	1724:8:74097:74116	2730148	1	True				
ANR	2730177	AssignmentExpression	* rows_used = height		2730148	0		=			
ANR	2730178	UnaryOperationExpression	* rows_used		2730148	0					
ANR	2730179	UnaryOperator	*		2730148	0					
ANR	2730180	Identifier	rows_used		2730148	1					
ANR	2730181	Identifier	height		2730148	1					
ANR	2730182	ReturnStatement	return 0 ;	1725:8:74126:74134	2730148	2	True				
ANR	2730183	PrimaryExpression	0		2730148	0					
ANR	2730184	ForStatement	for ( i = 0 ; i < pie -> writer . alt_writer_count ; i ++ )		2730148	3					
ANR	2730185	ForInit	i = 0 ;	1728:9:74152:74157	2730148	0	True				
ANR	2730186	AssignmentExpression	i = 0		2730148	0		=			
ANR	2730187	Identifier	i		2730148	0					
ANR	2730188	PrimaryExpression	0		2730148	1					
ANR	2730189	Condition	i < pie -> writer . alt_writer_count	1728:16:74159:74190	2730148	1	True				
ANR	2730190	RelationalExpression	i < pie -> writer . alt_writer_count		2730148	0		<			
ANR	2730191	Identifier	i		2730148	0					
ANR	2730192	MemberAccess	pie -> writer . alt_writer_count		2730148	1					
ANR	2730193	PtrMemberAccess	pie -> writer		2730148	0					
ANR	2730194	Identifier	pie		2730148	0					
ANR	2730195	Identifier	writer		2730148	1					
ANR	2730196	Identifier	alt_writer_count		2730148	1					
ANR	2730197	PostIncDecOperationExpression	i ++	1728:50:74193:74195	2730148	2	True				
ANR	2730198	Identifier	i		2730148	0					
ANR	2730199	IncDec	++		2730148	1					
ANR	2730200	CompoundStatement		12:8:250:321	2730148	3					
ANR	2730201	IdentifierDeclStatement	"int code = pdf_image_plane_data_alt ( info , planes , height , rows_used , i ) ;"	1729:8:74208:74279	2730148	0	True				
ANR	2730202	IdentifierDecl	"code = pdf_image_plane_data_alt ( info , planes , height , rows_used , i )"		2730148	0					
ANR	2730203	IdentifierDeclType	int		2730148	0					
ANR	2730204	Identifier	code		2730148	1					
ANR	2730205	AssignmentExpression	"code = pdf_image_plane_data_alt ( info , planes , height , rows_used , i )"		2730148	2		=			
ANR	2730206	Identifier	code		2730148	0					
ANR	2730207	CallExpression	"pdf_image_plane_data_alt ( info , planes , height , rows_used , i )"		2730148	1					
ANR	2730208	Callee	pdf_image_plane_data_alt		2730148	0					
ANR	2730209	Identifier	pdf_image_plane_data_alt		2730148	0					
ANR	2730210	ArgumentList	info		2730148	1					
ANR	2730211	Argument	info		2730148	0					
ANR	2730212	Identifier	info		2730148	0					
ANR	2730213	Argument	planes		2730148	1					
ANR	2730214	Identifier	planes		2730148	0					
ANR	2730215	Argument	height		2730148	2					
ANR	2730216	Identifier	height		2730148	0					
ANR	2730217	Argument	rows_used		2730148	3					
ANR	2730218	Identifier	rows_used		2730148	0					
ANR	2730219	Argument	i		2730148	4					
ANR	2730220	Identifier	i		2730148	0					
ANR	2730221	IfStatement	if ( code )		2730148	1					
ANR	2730222	Condition	code	1730:12:74293:74296	2730148	0	True				
ANR	2730223	Identifier	code		2730148	0					
ANR	2730224	ReturnStatement	return code ;	1731:12:74311:74322	2730148	1	True				
ANR	2730225	Identifier	code		2730148	0					
ANR	2730226	ExpressionStatement	pie -> rows_left -= * rows_used	1733:4:74334:74362	2730148	4	True				
ANR	2730227	AssignmentExpression	pie -> rows_left -= * rows_used		2730148	0		-=			
ANR	2730228	PtrMemberAccess	pie -> rows_left		2730148	0					
ANR	2730229	Identifier	pie		2730148	0					
ANR	2730230	Identifier	rows_left		2730148	1					
ANR	2730231	UnaryOperationExpression	* rows_used		2730148	1					
ANR	2730232	UnaryOperator	*		2730148	0					
ANR	2730233	Identifier	rows_used		2730148	1					
ANR	2730234	IfStatement	if ( pie -> writer . alt_writer_count > 2 )		2730148	5					
ANR	2730235	Condition	pie -> writer . alt_writer_count > 2	1734:8:74372:74403	2730148	0	True				
ANR	2730236	RelationalExpression	pie -> writer . alt_writer_count > 2		2730148	0		>			
ANR	2730237	MemberAccess	pie -> writer . alt_writer_count		2730148	0					
ANR	2730238	PtrMemberAccess	pie -> writer		2730148	0					
ANR	2730239	Identifier	pie		2730148	0					
ANR	2730240	Identifier	writer		2730148	1					
ANR	2730241	Identifier	alt_writer_count		2730148	1					
ANR	2730242	PrimaryExpression	2		2730148	1					
ANR	2730243	ExpressionStatement	"pdf_choose_compression ( & pie -> writer , false )"	1735:8:74414:74457	2730148	1	True				
ANR	2730244	CallExpression	"pdf_choose_compression ( & pie -> writer , false )"		2730148	0					
ANR	2730245	Callee	pdf_choose_compression		2730148	0					
ANR	2730246	Identifier	pdf_choose_compression		2730148	0					
ANR	2730247	ArgumentList	& pie -> writer		2730148	1					
ANR	2730248	Argument	& pie -> writer		2730148	0					
ANR	2730249	UnaryOperationExpression	& pie -> writer		2730148	0					
ANR	2730250	UnaryOperator	&		2730148	0					
ANR	2730251	PtrMemberAccess	pie -> writer		2730148	1					
ANR	2730252	Identifier	pie		2730148	0					
ANR	2730253	Identifier	writer		2730148	1					
ANR	2730254	Argument	false		2730148	1					
ANR	2730255	Identifier	false		2730148	0					
ANR	2730256	ReturnStatement	return ! pie -> rows_left ;	1737:4:74464:74486	2730148	6	True				
ANR	2730257	UnaryOperationExpression	! pie -> rows_left		2730148	0					
ANR	2730258	UnaryOperator	!		2730148	0					
ANR	2730259	PtrMemberAccess	pie -> rows_left		2730148	1					
ANR	2730260	Identifier	pie		2730148	0					
ANR	2730261	Identifier	rows_left		2730148	1					
ANR	2730262	ReturnType	static int		2730148	1					
ANR	2730263	Identifier	pdf_image_plane_data		2730148	2					
ANR	2730264	ParameterList	"gx_image_enum_common_t * info , const gx_image_plane_t * planes , int height , int * rows_used"		2730148	3					
ANR	2730265	Parameter	gx_image_enum_common_t * info	1715:21:73823:73851	2730148	0	True				
ANR	2730266	ParameterType	gx_image_enum_common_t *		2730148	0					
ANR	2730267	Identifier	info		2730148	1					
ANR	2730268	Parameter	const gx_image_plane_t * planes	1716:21:73875:73905	2730148	1	True				
ANR	2730269	ParameterType	const gx_image_plane_t *		2730148	0					
ANR	2730270	Identifier	planes		2730148	1					
ANR	2730271	Parameter	int height	1716:54:73908:73917	2730148	2	True				
ANR	2730272	ParameterType	int		2730148	0					
ANR	2730273	Identifier	height		2730148	1					
ANR	2730274	Parameter	int * rows_used	1717:21:73941:73954	2730148	3	True				
ANR	2730275	ParameterType	int *		2730148	0					
ANR	2730276	Identifier	rows_used		2730148	1					
ANR	2730277	CFGEntryNode	ENTRY		2730148		True				
ANR	2730278	CFGExitNode	EXIT		2730148		True				
ANR	2730279	Symbol	pie -> JPEG_PassThrough		2730148						
ANR	2730280	Symbol	pdf_image_plane_data_alt		2730148						
ANR	2730281	Symbol	pie -> writer . alt_writer_count		2730148						
ANR	2730282	Symbol	code		2730148						
ANR	2730283	Symbol	false		2730148						
ANR	2730284	Symbol	planes		2730148						
ANR	2730285	Symbol	i		2730148						
ANR	2730286	Symbol	pie		2730148						
ANR	2730287	Symbol	* rows_used		2730148						
ANR	2730288	Symbol	rows_used		2730148						
ANR	2730289	Symbol	* pie		2730148						
ANR	2730290	Symbol	pie -> writer		2730148						
ANR	2730291	Symbol	& pie -> writer		2730148						
ANR	2730292	Symbol	pie -> rows_left		2730148						
ANR	2730293	Symbol	info		2730148						
ANR	2730294	Symbol	height		2730148						
ANR	2730295	Function	use_image_as_pattern	1740:0:74491:77160							
ANR	2730296	FunctionDef	"use_image_as_pattern (gx_device_pdf * pdev , pdf_resource_t * pres1 , const gs_matrix * pmat , gs_id id)"		2730295	0					
ANR	2730297	CompoundStatement		1743:0:74621:77160	2730295	0					
ANR	2730298	IdentifierDeclStatement	gs_gstate s ;	1744:4:74671:74682	2730295	0	True				
ANR	2730299	IdentifierDecl	s		2730295	0					
ANR	2730300	IdentifierDeclType	gs_gstate		2730295	0					
ANR	2730301	Identifier	s		2730295	1					
ANR	2730302	IdentifierDeclStatement	gs_pattern1_instance_t inst ;	1745:4:74688:74715	2730295	1	True				
ANR	2730303	IdentifierDecl	inst		2730295	0					
ANR	2730304	IdentifierDeclType	gs_pattern1_instance_t		2730295	0					
ANR	2730305	Identifier	inst		2730295	1					
ANR	2730306	IdentifierDeclStatement	cos_value_t v ;	1746:4:74721:74734	2730295	2	True				
ANR	2730307	IdentifierDecl	v		2730295	0					
ANR	2730308	IdentifierDeclType	cos_value_t		2730295	0					
ANR	2730309	Identifier	v		2730295	1					
ANR	2730310	IdentifierDeclStatement	const pdf_resource_t * pres ;	1747:4:74740:74766	2730295	3	True				
ANR	2730311	IdentifierDecl	* pres		2730295	0					
ANR	2730312	IdentifierDeclType	const pdf_resource_t *		2730295	0					
ANR	2730313	Identifier	pres		2730295	1					
ANR	2730314	IdentifierDeclStatement	int code ;	1748:4:74772:74780	2730295	4	True				
ANR	2730315	IdentifierDecl	code		2730295	0					
ANR	2730316	IdentifierDeclType	int		2730295	0					
ANR	2730317	Identifier	code		2730295	1					
ANR	2730318	ExpressionStatement	"memset ( & s , 0 , sizeof ( s ) )"	1750:4:74787:74811	2730295	5	True				
ANR	2730319	CallExpression	"memset ( & s , 0 , sizeof ( s ) )"		2730295	0					
ANR	2730320	Callee	memset		2730295	0					
ANR	2730321	Identifier	memset		2730295	0					
ANR	2730322	ArgumentList	& s		2730295	1					
ANR	2730323	Argument	& s		2730295	0					
ANR	2730324	UnaryOperationExpression	& s		2730295	0					
ANR	2730325	UnaryOperator	&		2730295	0					
ANR	2730326	Identifier	s		2730295	1					
ANR	2730327	Argument	0		2730295	1					
ANR	2730328	PrimaryExpression	0		2730295	0					
ANR	2730329	Argument	sizeof ( s )		2730295	2					
ANR	2730330	SizeofExpression	sizeof ( s )		2730295	0					
ANR	2730331	Sizeof	sizeof		2730295	0					
ANR	2730332	SizeofOperand	s		2730295	1					
ANR	2730333	ExpressionStatement	s . ctm . xx = pmat -> xx	1751:4:74817:74836	2730295	6	True				
ANR	2730334	AssignmentExpression	s . ctm . xx = pmat -> xx		2730295	0		=			
ANR	2730335	MemberAccess	s . ctm . xx		2730295	0					
ANR	2730336	MemberAccess	s . ctm		2730295	0					
ANR	2730337	Identifier	s		2730295	0					
ANR	2730338	Identifier	ctm		2730295	1					
ANR	2730339	Identifier	xx		2730295	1					
ANR	2730340	PtrMemberAccess	pmat -> xx		2730295	1					
ANR	2730341	Identifier	pmat		2730295	0					
ANR	2730342	Identifier	xx		2730295	1					
ANR	2730343	ExpressionStatement	s . ctm . xy = pmat -> xy	1752:4:74842:74861	2730295	7	True				
ANR	2730344	AssignmentExpression	s . ctm . xy = pmat -> xy		2730295	0		=			
ANR	2730345	MemberAccess	s . ctm . xy		2730295	0					
ANR	2730346	MemberAccess	s . ctm		2730295	0					
ANR	2730347	Identifier	s		2730295	0					
ANR	2730348	Identifier	ctm		2730295	1					
ANR	2730349	Identifier	xy		2730295	1					
ANR	2730350	PtrMemberAccess	pmat -> xy		2730295	1					
ANR	2730351	Identifier	pmat		2730295	0					
ANR	2730352	Identifier	xy		2730295	1					
ANR	2730353	ExpressionStatement	s . ctm . yx = pmat -> yx	1753:4:74867:74886	2730295	8	True				
ANR	2730354	AssignmentExpression	s . ctm . yx = pmat -> yx		2730295	0		=			
ANR	2730355	MemberAccess	s . ctm . yx		2730295	0					
ANR	2730356	MemberAccess	s . ctm		2730295	0					
ANR	2730357	Identifier	s		2730295	0					
ANR	2730358	Identifier	ctm		2730295	1					
ANR	2730359	Identifier	yx		2730295	1					
ANR	2730360	PtrMemberAccess	pmat -> yx		2730295	1					
ANR	2730361	Identifier	pmat		2730295	0					
ANR	2730362	Identifier	yx		2730295	1					
ANR	2730363	ExpressionStatement	s . ctm . yy = pmat -> yy	1754:4:74892:74911	2730295	9	True				
ANR	2730364	AssignmentExpression	s . ctm . yy = pmat -> yy		2730295	0		=			
ANR	2730365	MemberAccess	s . ctm . yy		2730295	0					
ANR	2730366	MemberAccess	s . ctm		2730295	0					
ANR	2730367	Identifier	s		2730295	0					
ANR	2730368	Identifier	ctm		2730295	1					
ANR	2730369	Identifier	yy		2730295	1					
ANR	2730370	PtrMemberAccess	pmat -> yy		2730295	1					
ANR	2730371	Identifier	pmat		2730295	0					
ANR	2730372	Identifier	yy		2730295	1					
ANR	2730373	ExpressionStatement	s . ctm . tx = pmat -> tx	1755:4:74917:74936	2730295	10	True				
ANR	2730374	AssignmentExpression	s . ctm . tx = pmat -> tx		2730295	0		=			
ANR	2730375	MemberAccess	s . ctm . tx		2730295	0					
ANR	2730376	MemberAccess	s . ctm		2730295	0					
ANR	2730377	Identifier	s		2730295	0					
ANR	2730378	Identifier	ctm		2730295	1					
ANR	2730379	Identifier	tx		2730295	1					
ANR	2730380	PtrMemberAccess	pmat -> tx		2730295	1					
ANR	2730381	Identifier	pmat		2730295	0					
ANR	2730382	Identifier	tx		2730295	1					
ANR	2730383	ExpressionStatement	s . ctm . ty = pmat -> ty	1756:4:74942:74961	2730295	11	True				
ANR	2730384	AssignmentExpression	s . ctm . ty = pmat -> ty		2730295	0		=			
ANR	2730385	MemberAccess	s . ctm . ty		2730295	0					
ANR	2730386	MemberAccess	s . ctm		2730295	0					
ANR	2730387	Identifier	s		2730295	0					
ANR	2730388	Identifier	ctm		2730295	1					
ANR	2730389	Identifier	ty		2730295	1					
ANR	2730390	PtrMemberAccess	pmat -> ty		2730295	1					
ANR	2730391	Identifier	pmat		2730295	0					
ANR	2730392	Identifier	ty		2730295	1					
ANR	2730393	ExpressionStatement	"memset ( & inst , 0 , sizeof ( inst ) )"	1757:4:74967:74997	2730295	12	True				
ANR	2730394	CallExpression	"memset ( & inst , 0 , sizeof ( inst ) )"		2730295	0					
ANR	2730395	Callee	memset		2730295	0					
ANR	2730396	Identifier	memset		2730295	0					
ANR	2730397	ArgumentList	& inst		2730295	1					
ANR	2730398	Argument	& inst		2730295	0					
ANR	2730399	UnaryOperationExpression	& inst		2730295	0					
ANR	2730400	UnaryOperator	&		2730295	0					
ANR	2730401	Identifier	inst		2730295	1					
ANR	2730402	Argument	0		2730295	1					
ANR	2730403	PrimaryExpression	0		2730295	0					
ANR	2730404	Argument	sizeof ( inst )		2730295	2					
ANR	2730405	SizeofExpression	sizeof ( inst )		2730295	0					
ANR	2730406	Sizeof	sizeof		2730295	0					
ANR	2730407	SizeofOperand	inst		2730295	1					
ANR	2730408	ExpressionStatement	inst . saved = ( gs_gstate * ) & s	1758:4:75003:75031	2730295	13	True				
ANR	2730409	AssignmentExpression	inst . saved = ( gs_gstate * ) & s		2730295	0		=			
ANR	2730410	MemberAccess	inst . saved		2730295	0					
ANR	2730411	Identifier	inst		2730295	0					
ANR	2730412	Identifier	saved		2730295	1					
ANR	2730413	CastExpression	( gs_gstate * ) & s		2730295	1					
ANR	2730414	CastTarget	gs_gstate *		2730295	0					
ANR	2730415	UnaryOperationExpression	& s		2730295	1					
ANR	2730416	UnaryOperator	&		2730295	0					
ANR	2730417	Identifier	s		2730295	1					
ANR	2730418	ExpressionStatement	inst . templat . PaintType = 1	1759:4:75071:75097	2730295	14	True				
ANR	2730419	AssignmentExpression	inst . templat . PaintType = 1		2730295	0		=			
ANR	2730420	MemberAccess	inst . templat . PaintType		2730295	0					
ANR	2730421	MemberAccess	inst . templat		2730295	0					
ANR	2730422	Identifier	inst		2730295	0					
ANR	2730423	Identifier	templat		2730295	1					
ANR	2730424	Identifier	PaintType		2730295	1					
ANR	2730425	PrimaryExpression	1		2730295	1					
ANR	2730426	ExpressionStatement	inst . templat . TilingType = 1	1760:4:75103:75130	2730295	15	True				
ANR	2730427	AssignmentExpression	inst . templat . TilingType = 1		2730295	0		=			
ANR	2730428	MemberAccess	inst . templat . TilingType		2730295	0					
ANR	2730429	MemberAccess	inst . templat		2730295	0					
ANR	2730430	Identifier	inst		2730295	0					
ANR	2730431	Identifier	templat		2730295	1					
ANR	2730432	Identifier	TilingType		2730295	1					
ANR	2730433	PrimaryExpression	1		2730295	1					
ANR	2730434	ExpressionStatement	inst . templat . BBox . p . x = inst . templat . BBox . p . y = 0	1761:4:75136:75185	2730295	16	True				
ANR	2730435	AssignmentExpression	inst . templat . BBox . p . x = inst . templat . BBox . p . y = 0		2730295	0		=			
ANR	2730436	MemberAccess	inst . templat . BBox . p . x		2730295	0					
ANR	2730437	MemberAccess	inst . templat . BBox . p		2730295	0					
ANR	2730438	MemberAccess	inst . templat . BBox		2730295	0					
ANR	2730439	MemberAccess	inst . templat		2730295	0					
ANR	2730440	Identifier	inst		2730295	0					
ANR	2730441	Identifier	templat		2730295	1					
ANR	2730442	Identifier	BBox		2730295	1					
ANR	2730443	Identifier	p		2730295	1					
ANR	2730444	Identifier	x		2730295	1					
ANR	2730445	AssignmentExpression	inst . templat . BBox . p . y = 0		2730295	1		=			
ANR	2730446	MemberAccess	inst . templat . BBox . p . y		2730295	0					
ANR	2730447	MemberAccess	inst . templat . BBox . p		2730295	0					
ANR	2730448	MemberAccess	inst . templat . BBox		2730295	0					
ANR	2730449	MemberAccess	inst . templat		2730295	0					
ANR	2730450	Identifier	inst		2730295	0					
ANR	2730451	Identifier	templat		2730295	1					
ANR	2730452	Identifier	BBox		2730295	1					
ANR	2730453	Identifier	p		2730295	1					
ANR	2730454	Identifier	y		2730295	1					
ANR	2730455	PrimaryExpression	0		2730295	1					
ANR	2730456	ExpressionStatement	inst . templat . BBox . q . x = 1	1762:4:75191:75216	2730295	17	True				
ANR	2730457	AssignmentExpression	inst . templat . BBox . q . x = 1		2730295	0		=			
ANR	2730458	MemberAccess	inst . templat . BBox . q . x		2730295	0					
ANR	2730459	MemberAccess	inst . templat . BBox . q		2730295	0					
ANR	2730460	MemberAccess	inst . templat . BBox		2730295	0					
ANR	2730461	MemberAccess	inst . templat		2730295	0					
ANR	2730462	Identifier	inst		2730295	0					
ANR	2730463	Identifier	templat		2730295	1					
ANR	2730464	Identifier	BBox		2730295	1					
ANR	2730465	Identifier	q		2730295	1					
ANR	2730466	Identifier	x		2730295	1					
ANR	2730467	PrimaryExpression	1		2730295	1					
ANR	2730468	ExpressionStatement	inst . templat . BBox . q . y = 1	1763:4:75222:75247	2730295	18	True				
ANR	2730469	AssignmentExpression	inst . templat . BBox . q . y = 1		2730295	0		=			
ANR	2730470	MemberAccess	inst . templat . BBox . q . y		2730295	0					
ANR	2730471	MemberAccess	inst . templat . BBox . q		2730295	0					
ANR	2730472	MemberAccess	inst . templat . BBox		2730295	0					
ANR	2730473	MemberAccess	inst . templat		2730295	0					
ANR	2730474	Identifier	inst		2730295	0					
ANR	2730475	Identifier	templat		2730295	1					
ANR	2730476	Identifier	BBox		2730295	1					
ANR	2730477	Identifier	q		2730295	1					
ANR	2730478	Identifier	y		2730295	1					
ANR	2730479	PrimaryExpression	1		2730295	1					
ANR	2730480	ExpressionStatement	inst . templat . XStep = 2	1764:4:75253:75275	2730295	19	True				
ANR	2730481	AssignmentExpression	inst . templat . XStep = 2		2730295	0		=			
ANR	2730482	MemberAccess	inst . templat . XStep		2730295	0					
ANR	2730483	MemberAccess	inst . templat		2730295	0					
ANR	2730484	Identifier	inst		2730295	0					
ANR	2730485	Identifier	templat		2730295	1					
ANR	2730486	Identifier	XStep		2730295	1					
ANR	2730487	PrimaryExpression	2		2730295	1					
ANR	2730488	ExpressionStatement	inst . templat . YStep = 2	1765:4:75330:75352	2730295	20	True				
ANR	2730489	AssignmentExpression	inst . templat . YStep = 2		2730295	0		=			
ANR	2730490	MemberAccess	inst . templat . YStep		2730295	0					
ANR	2730491	MemberAccess	inst . templat		2730295	0					
ANR	2730492	Identifier	inst		2730295	0					
ANR	2730493	Identifier	templat		2730295	1					
ANR	2730494	Identifier	YStep		2730295	1					
ANR	2730495	PrimaryExpression	2		2730295	1					
ANR	2730496	CompoundStatement		26:8:747:774	2730295	21					
ANR	2730497	IdentifierDeclStatement	pattern_accum_param_s param ;	1768:8:75369:75396	2730295	0	True				
ANR	2730498	IdentifierDecl	param		2730295	0					
ANR	2730499	IdentifierDeclType	pattern_accum_param_s		2730295	0					
ANR	2730500	Identifier	param		2730295	1					
ANR	2730501	ExpressionStatement	param . pinst = ( void * ) & inst	1769:8:75406:75433	2730295	1	True				
ANR	2730502	AssignmentExpression	param . pinst = ( void * ) & inst		2730295	0		=			
ANR	2730503	MemberAccess	param . pinst		2730295	0					
ANR	2730504	Identifier	param		2730295	0					
ANR	2730505	Identifier	pinst		2730295	1					
ANR	2730506	CastExpression	( void * ) & inst		2730295	1					
ANR	2730507	CastTarget	void *		2730295	0					
ANR	2730508	UnaryOperationExpression	& inst		2730295	1					
ANR	2730509	UnaryOperator	&		2730295	0					
ANR	2730510	Identifier	inst		2730295	1					
ANR	2730511	ExpressionStatement	param . graphics_state = ( void * ) & s	1770:8:75443:75476	2730295	2	True				
ANR	2730512	AssignmentExpression	param . graphics_state = ( void * ) & s		2730295	0		=			
ANR	2730513	MemberAccess	param . graphics_state		2730295	0					
ANR	2730514	Identifier	param		2730295	0					
ANR	2730515	Identifier	graphics_state		2730295	1					
ANR	2730516	CastExpression	( void * ) & s		2730295	1					
ANR	2730517	CastTarget	void *		2730295	0					
ANR	2730518	UnaryOperationExpression	& s		2730295	1					
ANR	2730519	UnaryOperator	&		2730295	0					
ANR	2730520	Identifier	s		2730295	1					
ANR	2730521	ExpressionStatement	param . pinst_id = inst . id	1771:8:75486:75510	2730295	3	True				
ANR	2730522	AssignmentExpression	param . pinst_id = inst . id		2730295	0		=			
ANR	2730523	MemberAccess	param . pinst_id		2730295	0					
ANR	2730524	Identifier	param		2730295	0					
ANR	2730525	Identifier	pinst_id		2730295	1					
ANR	2730526	MemberAccess	inst . id		2730295	1					
ANR	2730527	Identifier	inst		2730295	0					
ANR	2730528	Identifier	id		2730295	1					
ANR	2730529	ExpressionStatement	"code = ( * dev_proc ( pdev , dev_spec_op ) ) ( ( gx_device * ) pdev , gxdso_pattern_start_accum , & param , sizeof ( pattern_accum_param_s ) )"	1773:8:75521:75655	2730295	4	True				
ANR	2730530	AssignmentExpression	"code = ( * dev_proc ( pdev , dev_spec_op ) ) ( ( gx_device * ) pdev , gxdso_pattern_start_accum , & param , sizeof ( pattern_accum_param_s ) )"		2730295	0		=			
ANR	2730531	Identifier	code		2730295	0					
ANR	2730532	CallExpression	"( * dev_proc ( pdev , dev_spec_op ) ) ( ( gx_device * ) pdev , gxdso_pattern_start_accum , & param , sizeof ( pattern_accum_param_s ) )"		2730295	1					
ANR	2730533	Callee	"* dev_proc ( pdev , dev_spec_op )"		2730295	0					
ANR	2730534	UnaryOperationExpression	"* dev_proc ( pdev , dev_spec_op )"		2730295	0					
ANR	2730535	UnaryOperator	*		2730295	0					
ANR	2730536	CallExpression	"dev_proc ( pdev , dev_spec_op )"		2730295	1					
ANR	2730537	Callee	dev_proc		2730295	0					
ANR	2730538	Identifier	dev_proc		2730295	0					
ANR	2730539	ArgumentList	pdev		2730295	1					
ANR	2730540	Argument	pdev		2730295	0					
ANR	2730541	Identifier	pdev		2730295	0					
ANR	2730542	Argument	dev_spec_op		2730295	1					
ANR	2730543	Identifier	dev_spec_op		2730295	0					
ANR	2730544	ArgumentList	( gx_device * ) pdev		2730295	1					
ANR	2730545	Argument	( gx_device * ) pdev		2730295	0					
ANR	2730546	CastExpression	( gx_device * ) pdev		2730295	0					
ANR	2730547	CastTarget	gx_device *		2730295	0					
ANR	2730548	Identifier	pdev		2730295	1					
ANR	2730549	Argument	gxdso_pattern_start_accum		2730295	1					
ANR	2730550	Identifier	gxdso_pattern_start_accum		2730295	0					
ANR	2730551	Argument	& param		2730295	2					
ANR	2730552	UnaryOperationExpression	& param		2730295	0					
ANR	2730553	UnaryOperator	&		2730295	0					
ANR	2730554	Identifier	param		2730295	1					
ANR	2730555	Argument	sizeof ( pattern_accum_param_s )		2730295	3					
ANR	2730556	SizeofExpression	sizeof ( pattern_accum_param_s )		2730295	0					
ANR	2730557	Sizeof	sizeof		2730295	0					
ANR	2730558	SizeofOperand	pattern_accum_param_s		2730295	1					
ANR	2730559	IfStatement	if ( code >= 0 )		2730295	22					
ANR	2730560	Condition	code >= 0	1777:8:75672:75680	2730295	0	True				
ANR	2730561	RelationalExpression	code >= 0		2730295	0		>=			
ANR	2730562	Identifier	code		2730295	0					
ANR	2730563	PrimaryExpression	0		2730295	1					
ANR	2730564	ExpressionStatement	"pprintld1 ( pdev -> strm , ""/R%ld Do\\n"" , pdf_resource_id ( pres1 ) )"	1778:8:75691:75750	2730295	1	True				
ANR	2730565	CallExpression	"pprintld1 ( pdev -> strm , ""/R%ld Do\\n"" , pdf_resource_id ( pres1 ) )"		2730295	0					
ANR	2730566	Callee	pprintld1		2730295	0					
ANR	2730567	Identifier	pprintld1		2730295	0					
ANR	2730568	ArgumentList	pdev -> strm		2730295	1					
ANR	2730569	Argument	pdev -> strm		2730295	0					
ANR	2730570	PtrMemberAccess	pdev -> strm		2730295	0					
ANR	2730571	Identifier	pdev		2730295	0					
ANR	2730572	Identifier	strm		2730295	1					
ANR	2730573	Argument	"""/R%ld Do\\n"""		2730295	1					
ANR	2730574	PrimaryExpression	"""/R%ld Do\\n"""		2730295	0					
ANR	2730575	Argument	pdf_resource_id ( pres1 )		2730295	2					
ANR	2730576	CallExpression	pdf_resource_id ( pres1 )		2730295	0					
ANR	2730577	Callee	pdf_resource_id		2730295	0					
ANR	2730578	Identifier	pdf_resource_id		2730295	0					
ANR	2730579	ArgumentList	pres1		2730295	1					
ANR	2730580	Argument	pres1		2730295	0					
ANR	2730581	Identifier	pres1		2730295	0					
ANR	2730582	ExpressionStatement	pres = pdev -> accumulating_substream_resource	1779:4:75756:75800	2730295	23	True				
ANR	2730583	AssignmentExpression	pres = pdev -> accumulating_substream_resource		2730295	0		=			
ANR	2730584	Identifier	pres		2730295	0					
ANR	2730585	PtrMemberAccess	pdev -> accumulating_substream_resource		2730295	1					
ANR	2730586	Identifier	pdev		2730295	0					
ANR	2730587	Identifier	accumulating_substream_resource		2730295	1					
ANR	2730588	IfStatement	if ( code >= 0 )		2730295	24					
ANR	2730589	Condition	code >= 0	1780:8:75810:75818	2730295	0	True				
ANR	2730590	RelationalExpression	code >= 0		2730295	0		>=			
ANR	2730591	Identifier	code		2730295	0					
ANR	2730592	PrimaryExpression	0		2730295	1					
ANR	2730593	ExpressionStatement	"code = pdf_add_resource ( pdev , pdev -> substream_Resources , ""/XObject"" , pres1 )"	1781:8:75829:75904	2730295	1	True				
ANR	2730594	AssignmentExpression	"code = pdf_add_resource ( pdev , pdev -> substream_Resources , ""/XObject"" , pres1 )"		2730295	0		=			
ANR	2730595	Identifier	code		2730295	0					
ANR	2730596	CallExpression	"pdf_add_resource ( pdev , pdev -> substream_Resources , ""/XObject"" , pres1 )"		2730295	1					
ANR	2730597	Callee	pdf_add_resource		2730295	0					
ANR	2730598	Identifier	pdf_add_resource		2730295	0					
ANR	2730599	ArgumentList	pdev		2730295	1					
ANR	2730600	Argument	pdev		2730295	0					
ANR	2730601	Identifier	pdev		2730295	0					
ANR	2730602	Argument	pdev -> substream_Resources		2730295	1					
ANR	2730603	PtrMemberAccess	pdev -> substream_Resources		2730295	0					
ANR	2730604	Identifier	pdev		2730295	0					
ANR	2730605	Identifier	substream_Resources		2730295	1					
ANR	2730606	Argument	"""/XObject"""		2730295	2					
ANR	2730607	PrimaryExpression	"""/XObject"""		2730295	0					
ANR	2730608	Argument	pres1		2730295	3					
ANR	2730609	Identifier	pres1		2730295	0					
ANR	2730610	IfStatement	if ( code >= 0 )		2730295	25					
ANR	2730611	Condition	code >= 0	1782:8:75914:75922	2730295	0	True				
ANR	2730612	RelationalExpression	code >= 0		2730295	0		>=			
ANR	2730613	Identifier	code		2730295	0					
ANR	2730614	PrimaryExpression	0		2730295	1					
ANR	2730615	CompoundStatement		41:8:1313:1340	2730295	1					
ANR	2730616	IdentifierDeclStatement	pattern_accum_param_s param ;	1783:8:75935:75962	2730295	0	True				
ANR	2730617	IdentifierDecl	param		2730295	0					
ANR	2730618	IdentifierDeclType	pattern_accum_param_s		2730295	0					
ANR	2730619	Identifier	param		2730295	1					
ANR	2730620	ExpressionStatement	param . pinst = ( void * ) & inst	1784:8:75972:75999	2730295	1	True				
ANR	2730621	AssignmentExpression	param . pinst = ( void * ) & inst		2730295	0		=			
ANR	2730622	MemberAccess	param . pinst		2730295	0					
ANR	2730623	Identifier	param		2730295	0					
ANR	2730624	Identifier	pinst		2730295	1					
ANR	2730625	CastExpression	( void * ) & inst		2730295	1					
ANR	2730626	CastTarget	void *		2730295	0					
ANR	2730627	UnaryOperationExpression	& inst		2730295	1					
ANR	2730628	UnaryOperator	&		2730295	0					
ANR	2730629	Identifier	inst		2730295	1					
ANR	2730630	ExpressionStatement	param . graphics_state = ( void * ) & s	1785:8:76009:76042	2730295	2	True				
ANR	2730631	AssignmentExpression	param . graphics_state = ( void * ) & s		2730295	0		=			
ANR	2730632	MemberAccess	param . graphics_state		2730295	0					
ANR	2730633	Identifier	param		2730295	0					
ANR	2730634	Identifier	graphics_state		2730295	1					
ANR	2730635	CastExpression	( void * ) & s		2730295	1					
ANR	2730636	CastTarget	void *		2730295	0					
ANR	2730637	UnaryOperationExpression	& s		2730295	1					
ANR	2730638	UnaryOperator	&		2730295	0					
ANR	2730639	Identifier	s		2730295	1					
ANR	2730640	ExpressionStatement	param . pinst_id = inst . id	1786:8:76052:76076	2730295	3	True				
ANR	2730641	AssignmentExpression	param . pinst_id = inst . id		2730295	0		=			
ANR	2730642	MemberAccess	param . pinst_id		2730295	0					
ANR	2730643	Identifier	param		2730295	0					
ANR	2730644	Identifier	pinst_id		2730295	1					
ANR	2730645	MemberAccess	inst . id		2730295	1					
ANR	2730646	Identifier	inst		2730295	0					
ANR	2730647	Identifier	id		2730295	1					
ANR	2730648	ExpressionStatement	"code = ( * dev_proc ( pdev , dev_spec_op ) ) ( ( gx_device * ) pdev , gxdso_pattern_finish_accum , & param , id )"	1788:8:76087:76195	2730295	4	True				
ANR	2730649	AssignmentExpression	"code = ( * dev_proc ( pdev , dev_spec_op ) ) ( ( gx_device * ) pdev , gxdso_pattern_finish_accum , & param , id )"		2730295	0		=			
ANR	2730650	Identifier	code		2730295	0					
ANR	2730651	CallExpression	"( * dev_proc ( pdev , dev_spec_op ) ) ( ( gx_device * ) pdev , gxdso_pattern_finish_accum , & param , id )"		2730295	1					
ANR	2730652	Callee	"* dev_proc ( pdev , dev_spec_op )"		2730295	0					
ANR	2730653	UnaryOperationExpression	"* dev_proc ( pdev , dev_spec_op )"		2730295	0					
ANR	2730654	UnaryOperator	*		2730295	0					
ANR	2730655	CallExpression	"dev_proc ( pdev , dev_spec_op )"		2730295	1					
ANR	2730656	Callee	dev_proc		2730295	0					
ANR	2730657	Identifier	dev_proc		2730295	0					
ANR	2730658	ArgumentList	pdev		2730295	1					
ANR	2730659	Argument	pdev		2730295	0					
ANR	2730660	Identifier	pdev		2730295	0					
ANR	2730661	Argument	dev_spec_op		2730295	1					
ANR	2730662	Identifier	dev_spec_op		2730295	0					
ANR	2730663	ArgumentList	( gx_device * ) pdev		2730295	1					
ANR	2730664	Argument	( gx_device * ) pdev		2730295	0					
ANR	2730665	CastExpression	( gx_device * ) pdev		2730295	0					
ANR	2730666	CastTarget	gx_device *		2730295	0					
ANR	2730667	Identifier	pdev		2730295	1					
ANR	2730668	Argument	gxdso_pattern_finish_accum		2730295	1					
ANR	2730669	Identifier	gxdso_pattern_finish_accum		2730295	0					
ANR	2730670	Argument	& param		2730295	2					
ANR	2730671	UnaryOperationExpression	& param		2730295	0					
ANR	2730672	UnaryOperator	&		2730295	0					
ANR	2730673	Identifier	param		2730295	1					
ANR	2730674	Argument	id		2730295	3					
ANR	2730675	Identifier	id		2730295	0					
ANR	2730676	IfStatement	if ( code >= 0 )		2730295	26					
ANR	2730677	Condition	code >= 0	1791:8:76211:76219	2730295	0	True				
ANR	2730678	RelationalExpression	code >= 0		2730295	0		>=			
ANR	2730679	Identifier	code		2730295	0					
ANR	2730680	PrimaryExpression	0		2730295	1					
ANR	2730681	ExpressionStatement	"code = ( * dev_proc ( pdev , dev_spec_op ) ) ( ( gx_device * ) pdev , gxdso_pattern_load , & inst , id )"	1792:8:76230:76329	2730295	1	True				
ANR	2730682	AssignmentExpression	"code = ( * dev_proc ( pdev , dev_spec_op ) ) ( ( gx_device * ) pdev , gxdso_pattern_load , & inst , id )"		2730295	0		=			
ANR	2730683	Identifier	code		2730295	0					
ANR	2730684	CallExpression	"( * dev_proc ( pdev , dev_spec_op ) ) ( ( gx_device * ) pdev , gxdso_pattern_load , & inst , id )"		2730295	1					
ANR	2730685	Callee	"* dev_proc ( pdev , dev_spec_op )"		2730295	0					
ANR	2730686	UnaryOperationExpression	"* dev_proc ( pdev , dev_spec_op )"		2730295	0					
ANR	2730687	UnaryOperator	*		2730295	0					
ANR	2730688	CallExpression	"dev_proc ( pdev , dev_spec_op )"		2730295	1					
ANR	2730689	Callee	dev_proc		2730295	0					
ANR	2730690	Identifier	dev_proc		2730295	0					
ANR	2730691	ArgumentList	pdev		2730295	1					
ANR	2730692	Argument	pdev		2730295	0					
ANR	2730693	Identifier	pdev		2730295	0					
ANR	2730694	Argument	dev_spec_op		2730295	1					
ANR	2730695	Identifier	dev_spec_op		2730295	0					
ANR	2730696	ArgumentList	( gx_device * ) pdev		2730295	1					
ANR	2730697	Argument	( gx_device * ) pdev		2730295	0					
ANR	2730698	CastExpression	( gx_device * ) pdev		2730295	0					
ANR	2730699	CastTarget	gx_device *		2730295	0					
ANR	2730700	Identifier	pdev		2730295	1					
ANR	2730701	Argument	gxdso_pattern_load		2730295	1					
ANR	2730702	Identifier	gxdso_pattern_load		2730295	0					
ANR	2730703	Argument	& inst		2730295	2					
ANR	2730704	UnaryOperationExpression	& inst		2730295	0					
ANR	2730705	UnaryOperator	&		2730295	0					
ANR	2730706	Identifier	inst		2730295	1					
ANR	2730707	Argument	id		2730295	3					
ANR	2730708	Identifier	id		2730295	0					
ANR	2730709	IfStatement	if ( code >= 0 )		2730295	27					
ANR	2730710	Condition	code >= 0	1794:8:76339:76347	2730295	0	True				
ANR	2730711	RelationalExpression	code >= 0		2730295	0		>=			
ANR	2730712	Identifier	code		2730295	0					
ANR	2730713	PrimaryExpression	0		2730295	1					
ANR	2730714	CompoundStatement		52:19:1728:1728	2730295	1					
ANR	2730715	ExpressionStatement	"stream_puts ( pdev -> strm , ""q "" )"	1795:8:76360:76389	2730295	0	True				
ANR	2730716	CallExpression	"stream_puts ( pdev -> strm , ""q "" )"		2730295	0					
ANR	2730717	Callee	stream_puts		2730295	0					
ANR	2730718	Identifier	stream_puts		2730295	0					
ANR	2730719	ArgumentList	pdev -> strm		2730295	1					
ANR	2730720	Argument	pdev -> strm		2730295	0					
ANR	2730721	PtrMemberAccess	pdev -> strm		2730295	0					
ANR	2730722	Identifier	pdev		2730295	0					
ANR	2730723	Identifier	strm		2730295	1					
ANR	2730724	Argument	"""q """		2730295	1					
ANR	2730725	PrimaryExpression	"""q """		2730295	0					
ANR	2730726	ExpressionStatement	"code = pdf_cs_Pattern_colored ( pdev , & v )"	1796:8:76399:76438	2730295	1	True				
ANR	2730727	AssignmentExpression	"code = pdf_cs_Pattern_colored ( pdev , & v )"		2730295	0		=			
ANR	2730728	Identifier	code		2730295	0					
ANR	2730729	CallExpression	"pdf_cs_Pattern_colored ( pdev , & v )"		2730295	1					
ANR	2730730	Callee	pdf_cs_Pattern_colored		2730295	0					
ANR	2730731	Identifier	pdf_cs_Pattern_colored		2730295	0					
ANR	2730732	ArgumentList	pdev		2730295	1					
ANR	2730733	Argument	pdev		2730295	0					
ANR	2730734	Identifier	pdev		2730295	0					
ANR	2730735	Argument	& v		2730295	1					
ANR	2730736	UnaryOperationExpression	& v		2730295	0					
ANR	2730737	UnaryOperator	&		2730295	0					
ANR	2730738	Identifier	v		2730295	1					
ANR	2730739	IfStatement	if ( code >= 0 )		2730295	28					
ANR	2730740	Condition	code >= 0	1798:8:76454:76462	2730295	0	True				
ANR	2730741	RelationalExpression	code >= 0		2730295	0		>=			
ANR	2730742	Identifier	code		2730295	0					
ANR	2730743	PrimaryExpression	0		2730295	1					
ANR	2730744	CompoundStatement		56:19:1843:1843	2730295	1					
ANR	2730745	ExpressionStatement	"cos_value_write ( & v , pdev )"	1799:8:76475:76500	2730295	0	True				
ANR	2730746	CallExpression	"cos_value_write ( & v , pdev )"		2730295	0					
ANR	2730747	Callee	cos_value_write		2730295	0					
ANR	2730748	Identifier	cos_value_write		2730295	0					
ANR	2730749	ArgumentList	& v		2730295	1					
ANR	2730750	Argument	& v		2730295	0					
ANR	2730751	UnaryOperationExpression	& v		2730295	0					
ANR	2730752	UnaryOperator	&		2730295	0					
ANR	2730753	Identifier	v		2730295	1					
ANR	2730754	Argument	pdev		2730295	1					
ANR	2730755	Identifier	pdev		2730295	0					
ANR	2730756	ExpressionStatement	"pprintld1 ( pdev -> strm , "" cs /R%ld scn "" , pdf_resource_id ( pres ) )"	1800:8:76510:76572	2730295	1	True				
ANR	2730757	CallExpression	"pprintld1 ( pdev -> strm , "" cs /R%ld scn "" , pdf_resource_id ( pres ) )"		2730295	0					
ANR	2730758	Callee	pprintld1		2730295	0					
ANR	2730759	Identifier	pprintld1		2730295	0					
ANR	2730760	ArgumentList	pdev -> strm		2730295	1					
ANR	2730761	Argument	pdev -> strm		2730295	0					
ANR	2730762	PtrMemberAccess	pdev -> strm		2730295	0					
ANR	2730763	Identifier	pdev		2730295	0					
ANR	2730764	Identifier	strm		2730295	1					
ANR	2730765	Argument	""" cs /R%ld scn """		2730295	1					
ANR	2730766	PrimaryExpression	""" cs /R%ld scn """		2730295	0					
ANR	2730767	Argument	pdf_resource_id ( pres )		2730295	2					
ANR	2730768	CallExpression	pdf_resource_id ( pres )		2730295	0					
ANR	2730769	Callee	pdf_resource_id		2730295	0					
ANR	2730770	Identifier	pdf_resource_id		2730295	0					
ANR	2730771	ArgumentList	pres		2730295	1					
ANR	2730772	Argument	pres		2730295	0					
ANR	2730773	Identifier	pres		2730295	0					
ANR	2730774	IfStatement	if ( code >= 0 )		2730295	29					
ANR	2730775	Condition	code >= 0	1802:8:76588:76596	2730295	0	True				
ANR	2730776	RelationalExpression	code >= 0		2730295	0		>=			
ANR	2730777	Identifier	code		2730295	0					
ANR	2730778	PrimaryExpression	0		2730295	1					
ANR	2730779	CompoundStatement		66:8:2270:2313	2730295	1					
ANR	2730780	IdentifierDeclStatement	gs_matrix m = pdev -> converting_image_matrix ;	1808:8:76892:76935	2730295	0	True				
ANR	2730781	IdentifierDecl	m = pdev -> converting_image_matrix		2730295	0					
ANR	2730782	IdentifierDeclType	gs_matrix		2730295	0					
ANR	2730783	Identifier	m		2730295	1					
ANR	2730784	AssignmentExpression	m = pdev -> converting_image_matrix		2730295	2		=			
ANR	2730785	Identifier	m		2730295	0					
ANR	2730786	PtrMemberAccess	pdev -> converting_image_matrix		2730295	1					
ANR	2730787	Identifier	pdev		2730295	0					
ANR	2730788	Identifier	converting_image_matrix		2730295	1					
ANR	2730789	ExpressionStatement	m . tx = pmat -> tx	1810:8:76946:76961	2730295	1	True				
ANR	2730790	AssignmentExpression	m . tx = pmat -> tx		2730295	0		=			
ANR	2730791	MemberAccess	m . tx		2730295	0					
ANR	2730792	Identifier	m		2730295	0					
ANR	2730793	Identifier	tx		2730295	1					
ANR	2730794	PtrMemberAccess	pmat -> tx		2730295	1					
ANR	2730795	Identifier	pmat		2730295	0					
ANR	2730796	Identifier	tx		2730295	1					
ANR	2730797	ExpressionStatement	m . ty = pmat -> ty	1811:8:76971:76986	2730295	2	True				
ANR	2730798	AssignmentExpression	m . ty = pmat -> ty		2730295	0		=			
ANR	2730799	MemberAccess	m . ty		2730295	0					
ANR	2730800	Identifier	m		2730295	0					
ANR	2730801	Identifier	ty		2730295	1					
ANR	2730802	PtrMemberAccess	pmat -> ty		2730295	1					
ANR	2730803	Identifier	pmat		2730295	0					
ANR	2730804	Identifier	ty		2730295	1					
ANR	2730805	ExpressionStatement	"code = pdf_do_image_by_id ( pdev , pdev -> image_mask_scale , & m , true , pdev -> image_mask_id )"	1812:8:76996:77095	2730295	3	True				
ANR	2730806	AssignmentExpression	"code = pdf_do_image_by_id ( pdev , pdev -> image_mask_scale , & m , true , pdev -> image_mask_id )"		2730295	0		=			
ANR	2730807	Identifier	code		2730295	0					
ANR	2730808	CallExpression	"pdf_do_image_by_id ( pdev , pdev -> image_mask_scale , & m , true , pdev -> image_mask_id )"		2730295	1					
ANR	2730809	Callee	pdf_do_image_by_id		2730295	0					
ANR	2730810	Identifier	pdf_do_image_by_id		2730295	0					
ANR	2730811	ArgumentList	pdev		2730295	1					
ANR	2730812	Argument	pdev		2730295	0					
ANR	2730813	Identifier	pdev		2730295	0					
ANR	2730814	Argument	pdev -> image_mask_scale		2730295	1					
ANR	2730815	PtrMemberAccess	pdev -> image_mask_scale		2730295	0					
ANR	2730816	Identifier	pdev		2730295	0					
ANR	2730817	Identifier	image_mask_scale		2730295	1					
ANR	2730818	Argument	& m		2730295	2					
ANR	2730819	UnaryOperationExpression	& m		2730295	0					
ANR	2730820	UnaryOperator	&		2730295	0					
ANR	2730821	Identifier	m		2730295	1					
ANR	2730822	Argument	true		2730295	3					
ANR	2730823	Identifier	true		2730295	0					
ANR	2730824	Argument	pdev -> image_mask_id		2730295	4					
ANR	2730825	PtrMemberAccess	pdev -> image_mask_id		2730295	0					
ANR	2730826	Identifier	pdev		2730295	0					
ANR	2730827	Identifier	image_mask_id		2730295	1					
ANR	2730828	ExpressionStatement	"stream_puts ( pdev -> strm , ""Q\\n"" )"	1814:8:77105:77135	2730295	4	True				
ANR	2730829	CallExpression	"stream_puts ( pdev -> strm , ""Q\\n"" )"		2730295	0					
ANR	2730830	Callee	stream_puts		2730295	0					
ANR	2730831	Identifier	stream_puts		2730295	0					
ANR	2730832	ArgumentList	pdev -> strm		2730295	1					
ANR	2730833	Argument	pdev -> strm		2730295	0					
ANR	2730834	PtrMemberAccess	pdev -> strm		2730295	0					
ANR	2730835	Identifier	pdev		2730295	0					
ANR	2730836	Identifier	strm		2730295	1					
ANR	2730837	Argument	"""Q\\n"""		2730295	1					
ANR	2730838	PrimaryExpression	"""Q\\n"""		2730295	0					
ANR	2730839	ReturnStatement	return code ;	1816:4:77147:77158	2730295	30	True				
ANR	2730840	Identifier	code		2730295	0					
ANR	2730841	ReturnType	static int		2730295	1					
ANR	2730842	Identifier	use_image_as_pattern		2730295	2					
ANR	2730843	ParameterList	"gx_device_pdf * pdev , pdf_resource_t * pres1 , const gs_matrix * pmat , gs_id id"		2730295	3					
ANR	2730844	Parameter	gx_device_pdf * pdev	1741:21:74523:74541	2730295	0	True				
ANR	2730845	ParameterType	gx_device_pdf *		2730295	0					
ANR	2730846	Identifier	pdev		2730295	1					
ANR	2730847	Parameter	pdf_resource_t * pres1	1741:42:74544:74564	2730295	1	True				
ANR	2730848	ParameterType	pdf_resource_t *		2730295	0					
ANR	2730849	Identifier	pres1		2730295	1					
ANR	2730850	Parameter	const gs_matrix * pmat	1742:21:74588:74608	2730295	2	True				
ANR	2730851	ParameterType	const gs_matrix *		2730295	0					
ANR	2730852	Identifier	pmat		2730295	1					
ANR	2730853	Parameter	gs_id id	1742:44:74611:74618	2730295	3	True				
ANR	2730854	ParameterType	gs_id		2730295	0					
ANR	2730855	Identifier	id		2730295	1					
ANR	2730856	CFGEntryNode	ENTRY		2730295		True				
ANR	2730857	CFGExitNode	EXIT		2730295		True				
ANR	2730858	Symbol	pres		2730295						
ANR	2730859	Symbol	pmat -> xx		2730295						
ANR	2730860	Symbol	* pmat		2730295						
ANR	2730861	Symbol	pdev -> strm		2730295						
ANR	2730862	Symbol	dev_spec_op		2730295						
ANR	2730863	Symbol	& param		2730295						
ANR	2730864	Symbol	pdev		2730295						
ANR	2730865	Symbol	pdev -> image_mask_scale		2730295						
ANR	2730866	Symbol	inst . templat . TilingType		2730295						
ANR	2730867	Symbol	gxdso_pattern_load		2730295						
ANR	2730868	Symbol	pdf_do_image_by_id		2730295						
ANR	2730869	Symbol	id		2730295						
ANR	2730870	Symbol	s . ctm		2730295						
ANR	2730871	Symbol	pdev -> accumulating_substream_resource		2730295						
ANR	2730872	Symbol	pmat -> yy		2730295						
ANR	2730873	Symbol	pmat -> yx		2730295						
ANR	2730874	Symbol	s . ctm . yy		2730295						
ANR	2730875	Symbol	s . ctm . yx		2730295						
ANR	2730876	Symbol	pmat -> tx		2730295						
ANR	2730877	Symbol	true		2730295						
ANR	2730878	Symbol	inst . templat . PaintType		2730295						
ANR	2730879	Symbol	pmat -> xy		2730295						
ANR	2730880	Symbol	pmat -> ty		2730295						
ANR	2730881	Symbol	inst . templat . BBox . q . y		2730295						
ANR	2730882	Symbol	pdev -> substream_Resources		2730295						
ANR	2730883	Symbol	code		2730295						
ANR	2730884	Symbol	inst . templat . BBox . q . x		2730295						
ANR	2730885	Symbol	pmat		2730295						
ANR	2730886	Symbol	* dev_proc		2730295						
ANR	2730887	Symbol	pdf_resource_id		2730295						
ANR	2730888	Symbol	& inst		2730295						
ANR	2730889	Symbol	inst . templat		2730295						
ANR	2730890	Symbol	m . tx		2730295						
ANR	2730891	Symbol	m . ty		2730295						
ANR	2730892	Symbol	s . ctm . xy		2730295						
ANR	2730893	Symbol	param		2730295						
ANR	2730894	Symbol	s . ctm . xx		2730295						
ANR	2730895	Symbol	dev_proc		2730295						
ANR	2730896	Symbol	inst . templat . YStep		2730295						
ANR	2730897	Symbol	param . graphics_state		2730295						
ANR	2730898	Symbol	gxdso_pattern_finish_accum		2730295						
ANR	2730899	Symbol	pdf_cs_Pattern_colored		2730295						
ANR	2730900	Symbol	s . ctm . ty		2730295						
ANR	2730901	Symbol	pdev -> image_mask_id		2730295						
ANR	2730902	Symbol	s . ctm . tx		2730295						
ANR	2730903	Symbol	inst . templat . BBox		2730295						
ANR	2730904	Symbol	param . pinst		2730295						
ANR	2730905	Symbol	pres1		2730295						
ANR	2730906	Symbol	"* dev_proc ( pdev , dev_spec_op )"		2730295						
ANR	2730907	Symbol	param . pinst_id		2730295						
ANR	2730908	Symbol	inst . templat . BBox . p		2730295						
ANR	2730909	Symbol	inst . templat . XStep		2730295						
ANR	2730910	Symbol	inst . templat . BBox . q		2730295						
ANR	2730911	Symbol	gxdso_pattern_start_accum		2730295						
ANR	2730912	Symbol	pdev -> converting_image_matrix		2730295						
ANR	2730913	Symbol	m		2730295						
ANR	2730914	Symbol	inst . id		2730295						
ANR	2730915	Symbol	s		2730295						
ANR	2730916	Symbol	pdf_add_resource		2730295						
ANR	2730917	Symbol	& m		2730295						
ANR	2730918	Symbol	inst . templat . BBox . p . x		2730295						
ANR	2730919	Symbol	inst . templat . BBox . p . y		2730295						
ANR	2730920	Symbol	v		2730295						
ANR	2730921	Symbol	inst		2730295						
ANR	2730922	Symbol	inst . saved		2730295						
ANR	2730923	Symbol	& s		2730295						
ANR	2730924	Symbol	* pdev		2730295						
ANR	2730925	Symbol	& v		2730295						
ANR	2730926	ClassDef	<unnamed>	1819:8:77171:77251							
ANR	2730927	DeclStmt									
ANR	2730928	Decl									pdf_image_usage_t
ANR	2730929	Function	pdf_end_and_do_image	1826:0:77287:78897							
ANR	2730930	FunctionDef	"pdf_end_and_do_image (gx_device_pdf * pdev , pdf_image_writer * piw , const gs_matrix * mat , gs_id ps_bitmap_id , pdf_image_usage_t do_image)"		2730929	0					
ANR	2730931	CompoundStatement		1829:0:77454:78897	2730929	0					
ANR	2730932	IdentifierDeclStatement	"int code = pdf_end_write_image ( pdev , piw ) ;"	1830:4:77460:77501	2730929	0	True				
ANR	2730933	IdentifierDecl	"code = pdf_end_write_image ( pdev , piw )"		2730929	0					
ANR	2730934	IdentifierDeclType	int		2730929	0					
ANR	2730935	Identifier	code		2730929	1					
ANR	2730936	AssignmentExpression	"code = pdf_end_write_image ( pdev , piw )"		2730929	2		=			
ANR	2730937	Identifier	code		2730929	0					
ANR	2730938	CallExpression	"pdf_end_write_image ( pdev , piw )"		2730929	1					
ANR	2730939	Callee	pdf_end_write_image		2730929	0					
ANR	2730940	Identifier	pdf_end_write_image		2730929	0					
ANR	2730941	ArgumentList	pdev		2730929	1					
ANR	2730942	Argument	pdev		2730929	0					
ANR	2730943	Identifier	pdev		2730929	0					
ANR	2730944	Argument	piw		2730929	1					
ANR	2730945	Identifier	piw		2730929	0					
ANR	2730946	IdentifierDeclStatement	pdf_resource_t * pres = piw -> pres ;	1831:4:77507:77539	2730929	1	True				
ANR	2730947	IdentifierDecl	* pres = piw -> pres		2730929	0					
ANR	2730948	IdentifierDeclType	pdf_resource_t *		2730929	0					
ANR	2730949	Identifier	pres		2730929	1					
ANR	2730950	AssignmentExpression	* pres = piw -> pres		2730929	2		=			
ANR	2730951	Identifier	pres		2730929	0					
ANR	2730952	PtrMemberAccess	piw -> pres		2730929	1					
ANR	2730953	Identifier	piw		2730929	0					
ANR	2730954	Identifier	pres		2730929	1					
ANR	2730955	SwitchStatement	switch ( code )		2730929	2					
ANR	2730956	Condition	code	1833:12:77554:77557	2730929	0	True				
ANR	2730957	Identifier	code		2730929	0					
ANR	2730958	CompoundStatement		5:18:105:105	2730929	1					
ANR	2730959	Label	default :	1834:4:77566:77573	2730929	0	True				
ANR	2730960	Identifier	default		2730929	0					
ANR	2730961	ReturnStatement	return code ;	1835:8:77583:77594	2730929	1	True				
ANR	2730962	Identifier	code		2730929	0					
ANR	2730963	Label	case 1 :	1836:4:77612:77618	2730929	2	True				
ANR	2730964	ExpressionStatement	code = 0	1837:8:77628:77636	2730929	3	True				
ANR	2730965	AssignmentExpression	code = 0		2730929	0		=			
ANR	2730966	Identifier	code		2730929	0					
ANR	2730967	PrimaryExpression	0		2730929	1					
ANR	2730968	BreakStatement	break ;	1838:8:77646:77651	2730929	4	True				
ANR	2730969	Label	case 0 :	1839:4:77657:77663	2730929	5	True				
ANR	2730970	IfStatement	if ( do_image == USE_AS_IMAGE )		2730929	6					
ANR	2730971	Condition	do_image == USE_AS_IMAGE	1840:12:77677:77700	2730929	0	True				
ANR	2730972	EqualityExpression	do_image == USE_AS_IMAGE		2730929	0		==			
ANR	2730973	Identifier	do_image		2730929	0					
ANR	2730974	Identifier	USE_AS_IMAGE		2730929	1					
ANR	2730975	CompoundStatement		12:38:248:248	2730929	1					
ANR	2730976	IfStatement	if ( pdev -> image_mask_id != gs_no_id )		2730929	0					
ANR	2730977	Condition	pdev -> image_mask_id != gs_no_id	1841:16:77721:77751	2730929	0	True				
ANR	2730978	EqualityExpression	pdev -> image_mask_id != gs_no_id		2730929	0		!=			
ANR	2730979	PtrMemberAccess	pdev -> image_mask_id		2730929	0					
ANR	2730980	Identifier	pdev		2730929	0					
ANR	2730981	Identifier	image_mask_id		2730929	1					
ANR	2730982	Identifier	gs_no_id		2730929	1					
ANR	2730983	CompoundStatement		14:16:317:329	2730929	1					
ANR	2730984	IdentifierDeclStatement	char buf [ 20 ] ;	1842:16:77772:77784	2730929	0	True				
ANR	2730985	IdentifierDecl	buf [ 20 ]		2730929	0					
ANR	2730986	IdentifierDeclType	char [ 20 ]		2730929	0					
ANR	2730987	Identifier	buf		2730929	1					
ANR	2730988	PrimaryExpression	20		2730929	2					
ANR	2730989	ExpressionStatement	"gs_sprintf ( buf , ""%ld 0 R"" , pdev -> image_mask_id )"	1844:16:77803:77850	2730929	1	True				
ANR	2730990	CallExpression	"gs_sprintf ( buf , ""%ld 0 R"" , pdev -> image_mask_id )"		2730929	0					
ANR	2730991	Callee	gs_sprintf		2730929	0					
ANR	2730992	Identifier	gs_sprintf		2730929	0					
ANR	2730993	ArgumentList	buf		2730929	1					
ANR	2730994	Argument	buf		2730929	0					
ANR	2730995	Identifier	buf		2730929	0					
ANR	2730996	Argument	"""%ld 0 R"""		2730929	1					
ANR	2730997	PrimaryExpression	"""%ld 0 R"""		2730929	0					
ANR	2730998	Argument	pdev -> image_mask_id		2730929	2					
ANR	2730999	PtrMemberAccess	pdev -> image_mask_id		2730929	0					
ANR	2731000	Identifier	pdev		2730929	0					
ANR	2731001	Identifier	image_mask_id		2730929	1					
ANR	2731002	ExpressionStatement	"code = cos_dict_put_string_copy ( ( cos_dict_t * ) pres -> object , pdev -> image_mask_is_SMask ? ""/SMask"" : ""/Mask"" , buf )"	1845:16:77868:78004	2730929	2	True				
ANR	2731003	AssignmentExpression	"code = cos_dict_put_string_copy ( ( cos_dict_t * ) pres -> object , pdev -> image_mask_is_SMask ? ""/SMask"" : ""/Mask"" , buf )"		2730929	0		=			
ANR	2731004	Identifier	code		2730929	0					
ANR	2731005	CallExpression	"cos_dict_put_string_copy ( ( cos_dict_t * ) pres -> object , pdev -> image_mask_is_SMask ? ""/SMask"" : ""/Mask"" , buf )"		2730929	1					
ANR	2731006	Callee	cos_dict_put_string_copy		2730929	0					
ANR	2731007	Identifier	cos_dict_put_string_copy		2730929	0					
ANR	2731008	ArgumentList	( cos_dict_t * ) pres -> object		2730929	1					
ANR	2731009	Argument	( cos_dict_t * ) pres -> object		2730929	0					
ANR	2731010	CastExpression	( cos_dict_t * ) pres -> object		2730929	0					
ANR	2731011	CastTarget	cos_dict_t *		2730929	0					
ANR	2731012	PtrMemberAccess	pres -> object		2730929	1					
ANR	2731013	Identifier	pres		2730929	0					
ANR	2731014	Identifier	object		2730929	1					
ANR	2731015	Argument	"pdev -> image_mask_is_SMask ? ""/SMask"" : ""/Mask"""		2730929	1					
ANR	2731016	ConditionalExpression	"pdev -> image_mask_is_SMask ? ""/SMask"" : ""/Mask"""		2730929	0					
ANR	2731017	Condition	pdev -> image_mask_is_SMask		2730929	0					
ANR	2731018	PtrMemberAccess	pdev -> image_mask_is_SMask		2730929	0					
ANR	2731019	Identifier	pdev		2730929	0					
ANR	2731020	Identifier	image_mask_is_SMask		2730929	1					
ANR	2731021	PrimaryExpression	"""/SMask"""		2730929	1					
ANR	2731022	PrimaryExpression	"""/Mask"""		2730929	2					
ANR	2731023	Argument	buf		2730929	2					
ANR	2731024	Identifier	buf		2730929	0					
ANR	2731025	IfStatement	if ( code < 0 )		2730929	3					
ANR	2731026	Condition	code < 0	1847:20:78026:78033	2730929	0	True				
ANR	2731027	RelationalExpression	code < 0		2730929	0		<			
ANR	2731028	Identifier	code		2730929	0					
ANR	2731029	PrimaryExpression	0		2730929	1					
ANR	2731030	ReturnStatement	return code ;	1848:20:78056:78067	2730929	1	True				
ANR	2731031	Identifier	code		2730929	0					
ANR	2731032	IfStatement	if ( pdev -> image_mask_skip )		2730929	1					
ANR	2731033	Condition	pdev -> image_mask_skip	1850:16:78099:78119	2730929	0	True				
ANR	2731034	PtrMemberAccess	pdev -> image_mask_skip		2730929	0					
ANR	2731035	Identifier	pdev		2730929	0					
ANR	2731036	Identifier	image_mask_skip		2730929	1					
ANR	2731037	ExpressionStatement	code = 0	1851:16:78138:78146	2730929	1	True				
ANR	2731038	AssignmentExpression	code = 0		2730929	0		=			
ANR	2731039	Identifier	code		2730929	0					
ANR	2731040	PrimaryExpression	0		2730929	1					
ANR	2731041	ElseStatement	else		2730929	0					
ANR	2731042	ExpressionStatement	"code = pdf_do_image ( pdev , pres , mat , true )"	1853:16:78181:78223	2730929	0	True				
ANR	2731043	AssignmentExpression	"code = pdf_do_image ( pdev , pres , mat , true )"		2730929	0		=			
ANR	2731044	Identifier	code		2730929	0					
ANR	2731045	CallExpression	"pdf_do_image ( pdev , pres , mat , true )"		2730929	1					
ANR	2731046	Callee	pdf_do_image		2730929	0					
ANR	2731047	Identifier	pdf_do_image		2730929	0					
ANR	2731048	ArgumentList	pdev		2730929	1					
ANR	2731049	Argument	pdev		2730929	0					
ANR	2731050	Identifier	pdev		2730929	0					
ANR	2731051	Argument	pres		2730929	1					
ANR	2731052	Identifier	pres		2730929	0					
ANR	2731053	Argument	mat		2730929	2					
ANR	2731054	Identifier	mat		2730929	0					
ANR	2731055	Argument	true		2730929	3					
ANR	2731056	Identifier	true		2730929	0					
ANR	2731057	ElseStatement	else		2730929	0					
ANR	2731058	IfStatement	if ( do_image == USE_AS_MASK )		2730929	0					
ANR	2731059	Condition	do_image == USE_AS_MASK	1854:19:78244:78266	2730929	0	True				
ANR	2731060	EqualityExpression	do_image == USE_AS_MASK		2730929	0		==			
ANR	2731061	Identifier	do_image		2730929	0					
ANR	2731062	Identifier	USE_AS_MASK		2730929	1					
ANR	2731063	CompoundStatement		26:44:814:814	2730929	1					
ANR	2731064	Statement	const	1858:12:78506:78510	2730929	0	True				
ANR	2731065	Statement	pdf_x_object_t	1858:18:78512:78525	2730929	1	True				
ANR	2731066	Statement	*	1858:33:78527:78527	2730929	2	True				
ANR	2731067	Statement	const	1858:34:78528:78532	2730929	3	True				
ANR	2731068	ExpressionStatement	pxo = ( const pdf_x_object_t * ) pres	1858:40:78534:78568	2730929	4	True				
ANR	2731069	AssignmentExpression	pxo = ( const pdf_x_object_t * ) pres		2730929	0		=			
ANR	2731070	Identifier	pxo		2730929	0					
ANR	2731071	CastExpression	( const pdf_x_object_t * ) pres		2730929	1					
ANR	2731072	CastTarget	const pdf_x_object_t *		2730929	0					
ANR	2731073	Identifier	pres		2730929	1					
ANR	2731074	ExpressionStatement	pdev -> image_mask_scale = ( double ) pxo -> data_height / pxo -> height	1860:12:78583:78646	2730929	5	True				
ANR	2731075	AssignmentExpression	pdev -> image_mask_scale = ( double ) pxo -> data_height / pxo -> height		2730929	0		=			
ANR	2731076	PtrMemberAccess	pdev -> image_mask_scale		2730929	0					
ANR	2731077	Identifier	pdev		2730929	0					
ANR	2731078	Identifier	image_mask_scale		2730929	1					
ANR	2731079	MultiplicativeExpression	( double ) pxo -> data_height / pxo -> height		2730929	1		/			
ANR	2731080	CastExpression	( double ) pxo -> data_height		2730929	0					
ANR	2731081	CastTarget	double		2730929	0					
ANR	2731082	PtrMemberAccess	pxo -> data_height		2730929	1					
ANR	2731083	Identifier	pxo		2730929	0					
ANR	2731084	Identifier	data_height		2730929	1					
ANR	2731085	PtrMemberAccess	pxo -> height		2730929	1					
ANR	2731086	Identifier	pxo		2730929	0					
ANR	2731087	Identifier	height		2730929	1					
ANR	2731088	ExpressionStatement	pdev -> image_mask_id = pdf_resource_id ( pres )	1861:12:78660:78703	2730929	6	True				
ANR	2731089	AssignmentExpression	pdev -> image_mask_id = pdf_resource_id ( pres )		2730929	0		=			
ANR	2731090	PtrMemberAccess	pdev -> image_mask_id		2730929	0					
ANR	2731091	Identifier	pdev		2730929	0					
ANR	2731092	Identifier	image_mask_id		2730929	1					
ANR	2731093	CallExpression	pdf_resource_id ( pres )		2730929	1					
ANR	2731094	Callee	pdf_resource_id		2730929	0					
ANR	2731095	Identifier	pdf_resource_id		2730929	0					
ANR	2731096	ArgumentList	pres		2730929	1					
ANR	2731097	Argument	pres		2730929	0					
ANR	2731098	Identifier	pres		2730929	0					
ANR	2731099	ExpressionStatement	pdev -> converting_image_matrix = * mat	1862:12:78717:78753	2730929	7	True				
ANR	2731100	AssignmentExpression	pdev -> converting_image_matrix = * mat		2730929	0		=			
ANR	2731101	PtrMemberAccess	pdev -> converting_image_matrix		2730929	0					
ANR	2731102	Identifier	pdev		2730929	0					
ANR	2731103	Identifier	converting_image_matrix		2730929	1					
ANR	2731104	UnaryOperationExpression	* mat		2730929	1					
ANR	2731105	UnaryOperator	*		2730929	0					
ANR	2731106	Identifier	mat		2730929	1					
ANR	2731107	ElseStatement	else		2730929	0					
ANR	2731108	IfStatement	if ( do_image == USE_AS_PATTERN )		2730929	0					
ANR	2731109	Condition	do_image == USE_AS_PATTERN	1863:19:78774:78799	2730929	0	True				
ANR	2731110	EqualityExpression	do_image == USE_AS_PATTERN		2730929	0		==			
ANR	2731111	Identifier	do_image		2730929	0					
ANR	2731112	Identifier	USE_AS_PATTERN		2730929	1					
ANR	2731113	ExpressionStatement	"code = use_image_as_pattern ( pdev , pres , mat , ps_bitmap_id )"	1864:12:78814:78872	2730929	1	True				
ANR	2731114	AssignmentExpression	"code = use_image_as_pattern ( pdev , pres , mat , ps_bitmap_id )"		2730929	0		=			
ANR	2731115	Identifier	code		2730929	0					
ANR	2731116	CallExpression	"use_image_as_pattern ( pdev , pres , mat , ps_bitmap_id )"		2730929	1					
ANR	2731117	Callee	use_image_as_pattern		2730929	0					
ANR	2731118	Identifier	use_image_as_pattern		2730929	0					
ANR	2731119	ArgumentList	pdev		2730929	1					
ANR	2731120	Argument	pdev		2730929	0					
ANR	2731121	Identifier	pdev		2730929	0					
ANR	2731122	Argument	pres		2730929	1					
ANR	2731123	Identifier	pres		2730929	0					
ANR	2731124	Argument	mat		2730929	2					
ANR	2731125	Identifier	mat		2730929	0					
ANR	2731126	Argument	ps_bitmap_id		2730929	3					
ANR	2731127	Identifier	ps_bitmap_id		2730929	0					
ANR	2731128	ReturnStatement	return code ;	1866:4:78884:78895	2730929	3	True				
ANR	2731129	Identifier	code		2730929	0					
ANR	2731130	ReturnType	static int		2730929	1					
ANR	2731131	Identifier	pdf_end_and_do_image		2730929	2					
ANR	2731132	ParameterList	"gx_device_pdf * pdev , pdf_image_writer * piw , const gs_matrix * mat , gs_id ps_bitmap_id , pdf_image_usage_t do_image"		2730929	3					
ANR	2731133	Parameter	gx_device_pdf * pdev	1827:21:77319:77337	2730929	0	True				
ANR	2731134	ParameterType	gx_device_pdf *		2730929	0					
ANR	2731135	Identifier	pdev		2730929	1					
ANR	2731136	Parameter	pdf_image_writer * piw	1827:42:77340:77360	2730929	1	True				
ANR	2731137	ParameterType	pdf_image_writer *		2730929	0					
ANR	2731138	Identifier	piw		2730929	1					
ANR	2731139	Parameter	const gs_matrix * mat	1828:21:77384:77403	2730929	2	True				
ANR	2731140	ParameterType	const gs_matrix *		2730929	0					
ANR	2731141	Identifier	mat		2730929	1					
ANR	2731142	Parameter	gs_id ps_bitmap_id	1828:43:77406:77423	2730929	3	True				
ANR	2731143	ParameterType	gs_id		2730929	0					
ANR	2731144	Identifier	ps_bitmap_id		2730929	1					
ANR	2731145	Parameter	pdf_image_usage_t do_image	1828:63:77426:77451	2730929	4	True				
ANR	2731146	ParameterType	pdf_image_usage_t		2730929	0					
ANR	2731147	Identifier	do_image		2730929	1					
ANR	2731148	CFGEntryNode	ENTRY		2730929		True				
ANR	2731149	CFGExitNode	EXIT		2730929		True				
ANR	2731150	Symbol	pdf_do_image		2730929						
ANR	2731151	Symbol	code		2730929						
ANR	2731152	Symbol	pres		2730929						
ANR	2731153	Symbol	* pres		2730929						
ANR	2731154	Symbol	do_image		2730929						
ANR	2731155	Symbol	* piw		2730929						
ANR	2731156	Symbol	pdf_resource_id		2730929						
ANR	2731157	Symbol	* mat		2730929						
ANR	2731158	Symbol	cos_dict_put_string_copy		2730929						
ANR	2731159	Symbol	ps_bitmap_id		2730929						
ANR	2731160	Symbol	pdev		2730929						
ANR	2731161	Symbol	* pxo		2730929						
ANR	2731162	Symbol	pdf_end_write_image		2730929						
ANR	2731163	Symbol	USE_AS_PATTERN		2730929						
ANR	2731164	Symbol	pdev -> image_mask_scale		2730929						
ANR	2731165	Symbol	pdev -> image_mask_is_SMask		2730929						
ANR	2731166	Symbol	use_image_as_pattern		2730929						
ANR	2731167	Symbol	pdev -> image_mask_id		2730929						
ANR	2731168	Symbol	pdev -> image_mask_skip		2730929						
ANR	2731169	Symbol	piw		2730929						
ANR	2731170	Symbol	mat		2730929						
ANR	2731171	Symbol	piw -> pres		2730929						
ANR	2731172	Symbol	gs_no_id		2730929						
ANR	2731173	Symbol	pres -> object		2730929						
ANR	2731174	Symbol	pxo		2730929						
ANR	2731175	Symbol	pdev -> converting_image_matrix		2730929						
ANR	2731176	Symbol	USE_AS_IMAGE		2730929						
ANR	2731177	Symbol	buf		2730929						
ANR	2731178	Symbol	pxo -> data_height		2730929						
ANR	2731179	Symbol	USE_AS_MASK		2730929						
ANR	2731180	Symbol	true		2730929						
ANR	2731181	Symbol	* pdev		2730929						
ANR	2731182	Symbol	pxo -> height		2730929						
ANR	2731183	Function	pdf_image_end_image_data	1870:0:78941:81264							
ANR	2731184	FunctionDef	"pdf_image_end_image_data (gx_image_enum_common_t * info , bool draw_last , pdf_image_usage_t do_image)"		2731183	0					
ANR	2731185	CompoundStatement		1873:0:79077:81264	2731183	0					
ANR	2731186	IdentifierDeclStatement	gx_device_pdf * pdev = ( gx_device_pdf * ) info -> dev ;	1874:4:79083:79131	2731183	0	True				
ANR	2731187	IdentifierDecl	* pdev = ( gx_device_pdf * ) info -> dev		2731183	0					
ANR	2731188	IdentifierDeclType	gx_device_pdf *		2731183	0					
ANR	2731189	Identifier	pdev		2731183	1					
ANR	2731190	AssignmentExpression	* pdev = ( gx_device_pdf * ) info -> dev		2731183	2		=			
ANR	2731191	Identifier	pdev		2731183	0					
ANR	2731192	CastExpression	( gx_device_pdf * ) info -> dev		2731183	1					
ANR	2731193	CastTarget	gx_device_pdf *		2731183	0					
ANR	2731194	PtrMemberAccess	info -> dev		2731183	1					
ANR	2731195	Identifier	info		2731183	0					
ANR	2731196	Identifier	dev		2731183	1					
ANR	2731197	IdentifierDeclStatement	pdf_image_enum * pie = ( pdf_image_enum * ) info ;	1875:4:79137:79181	2731183	1	True				
ANR	2731198	IdentifierDecl	* pie = ( pdf_image_enum * ) info		2731183	0					
ANR	2731199	IdentifierDeclType	pdf_image_enum *		2731183	0					
ANR	2731200	Identifier	pie		2731183	1					
ANR	2731201	AssignmentExpression	* pie = ( pdf_image_enum * ) info		2731183	2		=			
ANR	2731202	Identifier	pie		2731183	0					
ANR	2731203	CastExpression	( pdf_image_enum * ) info		2731183	1					
ANR	2731204	CastTarget	pdf_image_enum *		2731183	0					
ANR	2731205	Identifier	info		2731183	1					
ANR	2731206	IdentifierDeclStatement	int height = pie -> writer . height ;	1876:4:79187:79218	2731183	2	True				
ANR	2731207	IdentifierDecl	height = pie -> writer . height		2731183	0					
ANR	2731208	IdentifierDeclType	int		2731183	0					
ANR	2731209	Identifier	height		2731183	1					
ANR	2731210	AssignmentExpression	height = pie -> writer . height		2731183	2		=			
ANR	2731211	Identifier	height		2731183	0					
ANR	2731212	MemberAccess	pie -> writer . height		2731183	1					
ANR	2731213	PtrMemberAccess	pie -> writer		2731183	0					
ANR	2731214	Identifier	pie		2731183	0					
ANR	2731215	Identifier	writer		2731183	1					
ANR	2731216	Identifier	height		2731183	1					
ANR	2731217	IdentifierDeclStatement	int data_height = height - pie -> rows_left ;	1877:4:79224:79265	2731183	3	True				
ANR	2731218	IdentifierDecl	data_height = height - pie -> rows_left		2731183	0					
ANR	2731219	IdentifierDeclType	int		2731183	0					
ANR	2731220	Identifier	data_height		2731183	1					
ANR	2731221	AssignmentExpression	data_height = height - pie -> rows_left		2731183	2		=			
ANR	2731222	Identifier	data_height		2731183	0					
ANR	2731223	AdditiveExpression	height - pie -> rows_left		2731183	1		-			
ANR	2731224	Identifier	height		2731183	0					
ANR	2731225	PtrMemberAccess	pie -> rows_left		2731183	1					
ANR	2731226	Identifier	pie		2731183	0					
ANR	2731227	Identifier	rows_left		2731183	1					
ANR	2731228	IdentifierDeclStatement	int code = 0 ;	1878:4:79271:79283	2731183	4	True				
ANR	2731229	IdentifierDecl	code = 0		2731183	0					
ANR	2731230	IdentifierDeclType	int		2731183	0					
ANR	2731231	Identifier	code		2731183	1					
ANR	2731232	AssignmentExpression	code = 0		2731183	2		=			
ANR	2731233	Identifier	code		2731183	0					
ANR	2731234	PrimaryExpression	0		2731183	1					
ANR	2731235	IfStatement	if ( pie -> writer . pres )		2731183	5					
ANR	2731236	Condition	pie -> writer . pres	1880:8:79294:79309	2731183	0	True				
ANR	2731237	MemberAccess	pie -> writer . pres		2731183	0					
ANR	2731238	PtrMemberAccess	pie -> writer		2731183	0					
ANR	2731239	Identifier	pie		2731183	0					
ANR	2731240	Identifier	writer		2731183	1					
ANR	2731241	Identifier	pres		2731183	1					
ANR	2731242	ExpressionStatement	( ( pdf_x_object_t * ) pie -> writer . pres ) -> data_height = data_height	1881:8:79320:79383	2731183	1	True				
ANR	2731243	AssignmentExpression	( ( pdf_x_object_t * ) pie -> writer . pres ) -> data_height = data_height		2731183	0		=			
ANR	2731244	PtrMemberAccess	( ( pdf_x_object_t * ) pie -> writer . pres ) -> data_height		2731183	0					
ANR	2731245	CastExpression	( pdf_x_object_t * ) pie -> writer . pres		2731183	0					
ANR	2731246	CastTarget	pdf_x_object_t *		2731183	0					
ANR	2731247	MemberAccess	pie -> writer . pres		2731183	1					
ANR	2731248	PtrMemberAccess	pie -> writer		2731183	0					
ANR	2731249	Identifier	pie		2731183	0					
ANR	2731250	Identifier	writer		2731183	1					
ANR	2731251	Identifier	pres		2731183	1					
ANR	2731252	Identifier	data_height		2731183	1					
ANR	2731253	Identifier	data_height		2731183	1					
ANR	2731254	ElseStatement	else		2731183	0					
ANR	2731255	IfStatement	if ( data_height > 0 )		2731183	0					
ANR	2731256	Condition	data_height > 0	1882:13:79398:79412	2731183	0	True				
ANR	2731257	RelationalExpression	data_height > 0		2731183	0		>			
ANR	2731258	Identifier	data_height		2731183	0					
ANR	2731259	PrimaryExpression	0		2731183	1					
ANR	2731260	ExpressionStatement	"pdf_put_image_matrix ( pdev , & pie -> mat , ( double ) data_height / height )"	1883:8:79423:79490	2731183	1	True				
ANR	2731261	CallExpression	"pdf_put_image_matrix ( pdev , & pie -> mat , ( double ) data_height / height )"		2731183	0					
ANR	2731262	Callee	pdf_put_image_matrix		2731183	0					
ANR	2731263	Identifier	pdf_put_image_matrix		2731183	0					
ANR	2731264	ArgumentList	pdev		2731183	1					
ANR	2731265	Argument	pdev		2731183	0					
ANR	2731266	Identifier	pdev		2731183	0					
ANR	2731267	Argument	& pie -> mat		2731183	1					
ANR	2731268	UnaryOperationExpression	& pie -> mat		2731183	0					
ANR	2731269	UnaryOperator	&		2731183	0					
ANR	2731270	PtrMemberAccess	pie -> mat		2731183	1					
ANR	2731271	Identifier	pie		2731183	0					
ANR	2731272	Identifier	mat		2731183	1					
ANR	2731273	Argument	( double ) data_height / height		2731183	2					
ANR	2731274	MultiplicativeExpression	( double ) data_height / height		2731183	0		/			
ANR	2731275	CastExpression	( double ) data_height		2731183	0					
ANR	2731276	CastTarget	double		2731183	0					
ANR	2731277	Identifier	data_height		2731183	1					
ANR	2731278	Identifier	height		2731183	1					
ANR	2731279	IfStatement	if ( data_height > 0 )		2731183	6					
ANR	2731280	Condition	data_height > 0	1884:8:79500:79514	2731183	0	True				
ANR	2731281	RelationalExpression	data_height > 0		2731183	0		>			
ANR	2731282	Identifier	data_height		2731183	0					
ANR	2731283	PrimaryExpression	0		2731183	1					
ANR	2731284	CompoundStatement		12:25:439:439	2731183	1					
ANR	2731285	IfStatement	if ( pie -> writer . pres )		2731183	0					
ANR	2731286	Condition	pie -> writer . pres	1885:12:79531:79546	2731183	0	True				
ANR	2731287	MemberAccess	pie -> writer . pres		2731183	0					
ANR	2731288	PtrMemberAccess	pie -> writer		2731183	0					
ANR	2731289	Identifier	pie		2731183	0					
ANR	2731290	Identifier	writer		2731183	1					
ANR	2731291	Identifier	pres		2731183	1					
ANR	2731292	CompoundStatement		13:30:471:471	2731183	1					
ANR	2731293	ExpressionStatement	"code = pdf_complete_image_data ( pdev , & pie -> writer , data_height , pie -> width , pie -> bits_per_pixel )"	1886:12:79563:79683	2731183	0	True				
ANR	2731294	AssignmentExpression	"code = pdf_complete_image_data ( pdev , & pie -> writer , data_height , pie -> width , pie -> bits_per_pixel )"		2731183	0		=			
ANR	2731295	Identifier	code		2731183	0					
ANR	2731296	CallExpression	"pdf_complete_image_data ( pdev , & pie -> writer , data_height , pie -> width , pie -> bits_per_pixel )"		2731183	1					
ANR	2731297	Callee	pdf_complete_image_data		2731183	0					
ANR	2731298	Identifier	pdf_complete_image_data		2731183	0					
ANR	2731299	ArgumentList	pdev		2731183	1					
ANR	2731300	Argument	pdev		2731183	0					
ANR	2731301	Identifier	pdev		2731183	0					
ANR	2731302	Argument	& pie -> writer		2731183	1					
ANR	2731303	UnaryOperationExpression	& pie -> writer		2731183	0					
ANR	2731304	UnaryOperator	&		2731183	0					
ANR	2731305	PtrMemberAccess	pie -> writer		2731183	1					
ANR	2731306	Identifier	pie		2731183	0					
ANR	2731307	Identifier	writer		2731183	1					
ANR	2731308	Argument	data_height		2731183	2					
ANR	2731309	Identifier	data_height		2731183	0					
ANR	2731310	Argument	pie -> width		2731183	3					
ANR	2731311	PtrMemberAccess	pie -> width		2731183	0					
ANR	2731312	Identifier	pie		2731183	0					
ANR	2731313	Identifier	width		2731183	1					
ANR	2731314	Argument	pie -> bits_per_pixel		2731183	4					
ANR	2731315	PtrMemberAccess	pie -> bits_per_pixel		2731183	0					
ANR	2731316	Identifier	pie		2731183	0					
ANR	2731317	Identifier	bits_per_pixel		2731183	1					
ANR	2731318	IfStatement	if ( code < 0 )		2731183	1					
ANR	2731319	Condition	code < 0	1888:16:79701:79708	2731183	0	True				
ANR	2731320	RelationalExpression	code < 0		2731183	0		<			
ANR	2731321	Identifier	code		2731183	0					
ANR	2731322	PrimaryExpression	0		2731183	1					
ANR	2731323	ReturnStatement	return code ;	1889:16:79727:79738	2731183	1	True				
ANR	2731324	Identifier	code		2731183	0					
ANR	2731325	ExpressionStatement	"code = pdf_end_image_binary ( pdev , & pie -> writer , data_height )"	1891:8:79758:79818	2731183	1	True				
ANR	2731326	AssignmentExpression	"code = pdf_end_image_binary ( pdev , & pie -> writer , data_height )"		2731183	0		=			
ANR	2731327	Identifier	code		2731183	0					
ANR	2731328	CallExpression	"pdf_end_image_binary ( pdev , & pie -> writer , data_height )"		2731183	1					
ANR	2731329	Callee	pdf_end_image_binary		2731183	0					
ANR	2731330	Identifier	pdf_end_image_binary		2731183	0					
ANR	2731331	ArgumentList	pdev		2731183	1					
ANR	2731332	Argument	pdev		2731183	0					
ANR	2731333	Identifier	pdev		2731183	0					
ANR	2731334	Argument	& pie -> writer		2731183	1					
ANR	2731335	UnaryOperationExpression	& pie -> writer		2731183	0					
ANR	2731336	UnaryOperator	&		2731183	0					
ANR	2731337	PtrMemberAccess	pie -> writer		2731183	1					
ANR	2731338	Identifier	pie		2731183	0					
ANR	2731339	Identifier	writer		2731183	1					
ANR	2731340	Argument	data_height		2731183	2					
ANR	2731341	Identifier	data_height		2731183	0					
ANR	2731342	IfStatement	if ( code < 0 )		2731183	2					
ANR	2731343	Condition	code < 0	1893:12:79915:79922	2731183	0	True				
ANR	2731344	RelationalExpression	code < 0		2731183	0		<			
ANR	2731345	Identifier	code		2731183	0					
ANR	2731346	PrimaryExpression	0		2731183	1					
ANR	2731347	ReturnStatement	return code ;	1894:12:79937:79948	2731183	1	True				
ANR	2731348	Identifier	code		2731183	0					
ANR	2731349	IfStatement	if ( pie -> writer . alt_writer_count == 2 )		2731183	3					
ANR	2731350	Condition	pie -> writer . alt_writer_count == 2	1895:12:79962:79994	2731183	0	True				
ANR	2731351	EqualityExpression	pie -> writer . alt_writer_count == 2		2731183	0		==			
ANR	2731352	MemberAccess	pie -> writer . alt_writer_count		2731183	0					
ANR	2731353	PtrMemberAccess	pie -> writer		2731183	0					
ANR	2731354	Identifier	pie		2731183	0					
ANR	2731355	Identifier	writer		2731183	1					
ANR	2731356	Identifier	alt_writer_count		2731183	1					
ANR	2731357	PrimaryExpression	2		2731183	1					
ANR	2731358	CompoundStatement		26:12:1099:1136	2731183	1					
ANR	2731359	IdentifierDeclStatement	pdf_image_writer writer = pie -> writer ;	1898:12:80177:80214	2731183	0	True				
ANR	2731360	IdentifierDecl	writer = pie -> writer		2731183	0					
ANR	2731361	IdentifierDeclType	pdf_image_writer		2731183	0					
ANR	2731362	Identifier	writer		2731183	1					
ANR	2731363	AssignmentExpression	writer = pie -> writer		2731183	2		=			
ANR	2731364	Identifier	writer		2731183	0					
ANR	2731365	PtrMemberAccess	pie -> writer		2731183	1					
ANR	2731366	Identifier	pie		2731183	0					
ANR	2731367	Identifier	writer		2731183	1					
ANR	2731368	ExpressionStatement	writer . binary [ 0 ] = pie -> writer . binary [ 1 ]	1900:12:80229:80269	2731183	1	True				
ANR	2731369	AssignmentExpression	writer . binary [ 0 ] = pie -> writer . binary [ 1 ]		2731183	0		=			
ANR	2731370	ArrayIndexing	writer . binary [ 0 ]		2731183	0					
ANR	2731371	MemberAccess	writer . binary		2731183	0					
ANR	2731372	Identifier	writer		2731183	0					
ANR	2731373	Identifier	binary		2731183	1					
ANR	2731374	PrimaryExpression	0		2731183	1					
ANR	2731375	ArrayIndexing	pie -> writer . binary [ 1 ]		2731183	1					
ANR	2731376	MemberAccess	pie -> writer . binary		2731183	0					
ANR	2731377	PtrMemberAccess	pie -> writer		2731183	0					
ANR	2731378	Identifier	pie		2731183	0					
ANR	2731379	Identifier	writer		2731183	1					
ANR	2731380	Identifier	binary		2731183	1					
ANR	2731381	PrimaryExpression	1		2731183	1					
ANR	2731382	ExpressionStatement	writer . pres = pie -> writer . pres_mask	1901:12:80283:80318	2731183	2	True				
ANR	2731383	AssignmentExpression	writer . pres = pie -> writer . pres_mask		2731183	0		=			
ANR	2731384	MemberAccess	writer . pres		2731183	0					
ANR	2731385	Identifier	writer		2731183	0					
ANR	2731386	Identifier	pres		2731183	1					
ANR	2731387	MemberAccess	pie -> writer . pres_mask		2731183	1					
ANR	2731388	PtrMemberAccess	pie -> writer		2731183	0					
ANR	2731389	Identifier	pie		2731183	0					
ANR	2731390	Identifier	writer		2731183	1					
ANR	2731391	Identifier	pres_mask		2731183	1					
ANR	2731392	ExpressionStatement	writer . alt_writer_count = 1	1902:12:80332:80359	2731183	3	True				
ANR	2731393	AssignmentExpression	writer . alt_writer_count = 1		2731183	0		=			
ANR	2731394	MemberAccess	writer . alt_writer_count		2731183	0					
ANR	2731395	Identifier	writer		2731183	0					
ANR	2731396	Identifier	alt_writer_count		2731183	1					
ANR	2731397	PrimaryExpression	1		2731183	1					
ANR	2731398	ExpressionStatement	"memset ( & pie -> writer . binary [ 1 ] , 0 , sizeof ( pie -> writer . binary [ 1 ] ) )"	1903:12:80373:80437	2731183	4	True				
ANR	2731399	CallExpression	"memset ( & pie -> writer . binary [ 1 ] , 0 , sizeof ( pie -> writer . binary [ 1 ] ) )"		2731183	0					
ANR	2731400	Callee	memset		2731183	0					
ANR	2731401	Identifier	memset		2731183	0					
ANR	2731402	ArgumentList	& pie -> writer . binary [ 1 ]		2731183	1					
ANR	2731403	Argument	& pie -> writer . binary [ 1 ]		2731183	0					
ANR	2731404	UnaryOperationExpression	& pie -> writer . binary [ 1 ]		2731183	0					
ANR	2731405	UnaryOperator	&		2731183	0					
ANR	2731406	ArrayIndexing	pie -> writer . binary [ 1 ]		2731183	1					
ANR	2731407	MemberAccess	pie -> writer . binary		2731183	0					
ANR	2731408	PtrMemberAccess	pie -> writer		2731183	0					
ANR	2731409	Identifier	pie		2731183	0					
ANR	2731410	Identifier	writer		2731183	1					
ANR	2731411	Identifier	binary		2731183	1					
ANR	2731412	PrimaryExpression	1		2731183	1					
ANR	2731413	Argument	0		2731183	1					
ANR	2731414	PrimaryExpression	0		2731183	0					
ANR	2731415	Argument	sizeof ( pie -> writer . binary [ 1 ] )		2731183	2					
ANR	2731416	SizeofExpression	sizeof ( pie -> writer . binary [ 1 ] )		2731183	0					
ANR	2731417	Sizeof	sizeof		2731183	0					
ANR	2731418	ArrayIndexing	pie -> writer . binary [ 1 ]		2731183	1					
ANR	2731419	MemberAccess	pie -> writer . binary		2731183	0					
ANR	2731420	PtrMemberAccess	pie -> writer		2731183	0					
ANR	2731421	Identifier	pie		2731183	0					
ANR	2731422	Identifier	writer		2731183	1					
ANR	2731423	Identifier	binary		2731183	1					
ANR	2731424	PrimaryExpression	1		2731183	1					
ANR	2731425	ExpressionStatement	pie -> writer . alt_writer_count --	1904:12:80451:80481	2731183	5	True				
ANR	2731426	PostIncDecOperationExpression	pie -> writer . alt_writer_count --		2731183	0					
ANR	2731427	MemberAccess	pie -> writer . alt_writer_count		2731183	0					
ANR	2731428	PtrMemberAccess	pie -> writer		2731183	0					
ANR	2731429	Identifier	pie		2731183	0					
ANR	2731430	Identifier	writer		2731183	1					
ANR	2731431	Identifier	alt_writer_count		2731183	1					
ANR	2731432	IncDec	--		2731183	1					
ANR	2731433	ExpressionStatement	pie -> writer . pres_mask = 0	1905:12:80509:80534	2731183	6	True				
ANR	2731434	AssignmentExpression	pie -> writer . pres_mask = 0		2731183	0		=			
ANR	2731435	MemberAccess	pie -> writer . pres_mask		2731183	0					
ANR	2731436	PtrMemberAccess	pie -> writer		2731183	0					
ANR	2731437	Identifier	pie		2731183	0					
ANR	2731438	Identifier	writer		2731183	1					
ANR	2731439	Identifier	pres_mask		2731183	1					
ANR	2731440	PrimaryExpression	0		2731183	1					
ANR	2731441	ExpressionStatement	"code = pdf_end_image_binary ( pdev , & writer , data_height )"	1906:12:80562:80617	2731183	7	True				
ANR	2731442	AssignmentExpression	"code = pdf_end_image_binary ( pdev , & writer , data_height )"		2731183	0		=			
ANR	2731443	Identifier	code		2731183	0					
ANR	2731444	CallExpression	"pdf_end_image_binary ( pdev , & writer , data_height )"		2731183	1					
ANR	2731445	Callee	pdf_end_image_binary		2731183	0					
ANR	2731446	Identifier	pdf_end_image_binary		2731183	0					
ANR	2731447	ArgumentList	pdev		2731183	1					
ANR	2731448	Argument	pdev		2731183	0					
ANR	2731449	Identifier	pdev		2731183	0					
ANR	2731450	Argument	& writer		2731183	1					
ANR	2731451	UnaryOperationExpression	& writer		2731183	0					
ANR	2731452	UnaryOperator	&		2731183	0					
ANR	2731453	Identifier	writer		2731183	1					
ANR	2731454	Argument	data_height		2731183	2					
ANR	2731455	Identifier	data_height		2731183	0					
ANR	2731456	IfStatement	if ( code < 0 )		2731183	8					
ANR	2731457	Condition	code < 0	1907:16:80635:80642	2731183	0	True				
ANR	2731458	RelationalExpression	code < 0		2731183	0		<			
ANR	2731459	Identifier	code		2731183	0					
ANR	2731460	PrimaryExpression	0		2731183	1					
ANR	2731461	ReturnStatement	return code ;	1908:16:80661:80672	2731183	1	True				
ANR	2731462	Identifier	code		2731183	0					
ANR	2731463	ExpressionStatement	"code = pdf_end_and_do_image ( pdev , & writer , & pie -> mat , info -> id , USE_AS_MASK )"	1909:12:80686:80762	2731183	9	True				
ANR	2731464	AssignmentExpression	"code = pdf_end_and_do_image ( pdev , & writer , & pie -> mat , info -> id , USE_AS_MASK )"		2731183	0		=			
ANR	2731465	Identifier	code		2731183	0					
ANR	2731466	CallExpression	"pdf_end_and_do_image ( pdev , & writer , & pie -> mat , info -> id , USE_AS_MASK )"		2731183	1					
ANR	2731467	Callee	pdf_end_and_do_image		2731183	0					
ANR	2731468	Identifier	pdf_end_and_do_image		2731183	0					
ANR	2731469	ArgumentList	pdev		2731183	1					
ANR	2731470	Argument	pdev		2731183	0					
ANR	2731471	Identifier	pdev		2731183	0					
ANR	2731472	Argument	& writer		2731183	1					
ANR	2731473	UnaryOperationExpression	& writer		2731183	0					
ANR	2731474	UnaryOperator	&		2731183	0					
ANR	2731475	Identifier	writer		2731183	1					
ANR	2731476	Argument	& pie -> mat		2731183	2					
ANR	2731477	UnaryOperationExpression	& pie -> mat		2731183	0					
ANR	2731478	UnaryOperator	&		2731183	0					
ANR	2731479	PtrMemberAccess	pie -> mat		2731183	1					
ANR	2731480	Identifier	pie		2731183	0					
ANR	2731481	Identifier	mat		2731183	1					
ANR	2731482	Argument	info -> id		2731183	3					
ANR	2731483	PtrMemberAccess	info -> id		2731183	0					
ANR	2731484	Identifier	info		2731183	0					
ANR	2731485	Identifier	id		2731183	1					
ANR	2731486	Argument	USE_AS_MASK		2731183	4					
ANR	2731487	Identifier	USE_AS_MASK		2731183	0					
ANR	2731488	IfStatement	if ( code < 0 )		2731183	10					
ANR	2731489	Condition	code < 0	1910:16:80780:80787	2731183	0	True				
ANR	2731490	RelationalExpression	code < 0		2731183	0		<			
ANR	2731491	Identifier	code		2731183	0					
ANR	2731492	PrimaryExpression	0		2731183	1					
ANR	2731493	ReturnStatement	return code ;	1911:16:80806:80817	2731183	1	True				
ANR	2731494	Identifier	code		2731183	0					
ANR	2731495	ExpressionStatement	"code = pdf_end_and_do_image ( pdev , & pie -> writer , & pie -> mat , info -> id , USE_AS_PATTERN )"	1912:12:80831:80915	2731183	11	True				
ANR	2731496	AssignmentExpression	"code = pdf_end_and_do_image ( pdev , & pie -> writer , & pie -> mat , info -> id , USE_AS_PATTERN )"		2731183	0		=			
ANR	2731497	Identifier	code		2731183	0					
ANR	2731498	CallExpression	"pdf_end_and_do_image ( pdev , & pie -> writer , & pie -> mat , info -> id , USE_AS_PATTERN )"		2731183	1					
ANR	2731499	Callee	pdf_end_and_do_image		2731183	0					
ANR	2731500	Identifier	pdf_end_and_do_image		2731183	0					
ANR	2731501	ArgumentList	pdev		2731183	1					
ANR	2731502	Argument	pdev		2731183	0					
ANR	2731503	Identifier	pdev		2731183	0					
ANR	2731504	Argument	& pie -> writer		2731183	1					
ANR	2731505	UnaryOperationExpression	& pie -> writer		2731183	0					
ANR	2731506	UnaryOperator	&		2731183	0					
ANR	2731507	PtrMemberAccess	pie -> writer		2731183	1					
ANR	2731508	Identifier	pie		2731183	0					
ANR	2731509	Identifier	writer		2731183	1					
ANR	2731510	Argument	& pie -> mat		2731183	2					
ANR	2731511	UnaryOperationExpression	& pie -> mat		2731183	0					
ANR	2731512	UnaryOperator	&		2731183	0					
ANR	2731513	PtrMemberAccess	pie -> mat		2731183	1					
ANR	2731514	Identifier	pie		2731183	0					
ANR	2731515	Identifier	mat		2731183	1					
ANR	2731516	Argument	info -> id		2731183	3					
ANR	2731517	PtrMemberAccess	info -> id		2731183	0					
ANR	2731518	Identifier	info		2731183	0					
ANR	2731519	Identifier	id		2731183	1					
ANR	2731520	Argument	USE_AS_PATTERN		2731183	4					
ANR	2731521	Identifier	USE_AS_PATTERN		2731183	0					
ANR	2731522	ElseStatement	else		2731183	0					
ANR	2731523	ExpressionStatement	"code = pdf_end_and_do_image ( pdev , & pie -> writer , & pie -> mat , info -> id , do_image )"	1914:12:80944:81022	2731183	0	True				
ANR	2731524	AssignmentExpression	"code = pdf_end_and_do_image ( pdev , & pie -> writer , & pie -> mat , info -> id , do_image )"		2731183	0		=			
ANR	2731525	Identifier	code		2731183	0					
ANR	2731526	CallExpression	"pdf_end_and_do_image ( pdev , & pie -> writer , & pie -> mat , info -> id , do_image )"		2731183	1					
ANR	2731527	Callee	pdf_end_and_do_image		2731183	0					
ANR	2731528	Identifier	pdf_end_and_do_image		2731183	0					
ANR	2731529	ArgumentList	pdev		2731183	1					
ANR	2731530	Argument	pdev		2731183	0					
ANR	2731531	Identifier	pdev		2731183	0					
ANR	2731532	Argument	& pie -> writer		2731183	1					
ANR	2731533	UnaryOperationExpression	& pie -> writer		2731183	0					
ANR	2731534	UnaryOperator	&		2731183	0					
ANR	2731535	PtrMemberAccess	pie -> writer		2731183	1					
ANR	2731536	Identifier	pie		2731183	0					
ANR	2731537	Identifier	writer		2731183	1					
ANR	2731538	Argument	& pie -> mat		2731183	2					
ANR	2731539	UnaryOperationExpression	& pie -> mat		2731183	0					
ANR	2731540	UnaryOperator	&		2731183	0					
ANR	2731541	PtrMemberAccess	pie -> mat		2731183	1					
ANR	2731542	Identifier	pie		2731183	0					
ANR	2731543	Identifier	mat		2731183	1					
ANR	2731544	Argument	info -> id		2731183	3					
ANR	2731545	PtrMemberAccess	info -> id		2731183	0					
ANR	2731546	Identifier	info		2731183	0					
ANR	2731547	Identifier	id		2731183	1					
ANR	2731548	Argument	do_image		2731183	4					
ANR	2731549	Identifier	do_image		2731183	0					
ANR	2731550	ExpressionStatement	pie -> writer . alt_writer_count --	1915:8:81032:81062	2731183	4	True				
ANR	2731551	PostIncDecOperationExpression	pie -> writer . alt_writer_count --		2731183	0					
ANR	2731552	MemberAccess	pie -> writer . alt_writer_count		2731183	0					
ANR	2731553	PtrMemberAccess	pie -> writer		2731183	0					
ANR	2731554	Identifier	pie		2731183	0					
ANR	2731555	Identifier	writer		2731183	1					
ANR	2731556	Identifier	alt_writer_count		2731183	1					
ANR	2731557	IncDec	--		2731183	1					
ANR	2731558	IfStatement	if ( pie -> initial_colorspace != pdev -> pcm_color_info_index )		2731183	7					
ANR	2731559	Condition	pie -> initial_colorspace != pdev -> pcm_color_info_index	1917:8:81092:81144	2731183	0	True				
ANR	2731560	EqualityExpression	pie -> initial_colorspace != pdev -> pcm_color_info_index		2731183	0		!=			
ANR	2731561	PtrMemberAccess	pie -> initial_colorspace		2731183	0					
ANR	2731562	Identifier	pie		2731183	0					
ANR	2731563	Identifier	initial_colorspace		2731183	1					
ANR	2731564	PtrMemberAccess	pdev -> pcm_color_info_index		2731183	1					
ANR	2731565	Identifier	pdev		2731183	0					
ANR	2731566	Identifier	pcm_color_info_index		2731183	1					
ANR	2731567	ExpressionStatement	"pdf_set_process_color_model ( pdev , pie -> initial_colorspace )"	1918:8:81155:81213	2731183	1	True				
ANR	2731568	CallExpression	"pdf_set_process_color_model ( pdev , pie -> initial_colorspace )"		2731183	0					
ANR	2731569	Callee	pdf_set_process_color_model		2731183	0					
ANR	2731570	Identifier	pdf_set_process_color_model		2731183	0					
ANR	2731571	ArgumentList	pdev		2731183	1					
ANR	2731572	Argument	pdev		2731183	0					
ANR	2731573	Identifier	pdev		2731183	0					
ANR	2731574	Argument	pie -> initial_colorspace		2731183	1					
ANR	2731575	PtrMemberAccess	pie -> initial_colorspace		2731183	0					
ANR	2731576	Identifier	pie		2731183	0					
ANR	2731577	Identifier	initial_colorspace		2731183	1					
ANR	2731578	ExpressionStatement	gx_image_free_enum ( & info )	1920:4:81220:81245	2731183	8	True				
ANR	2731579	CallExpression	gx_image_free_enum ( & info )		2731183	0					
ANR	2731580	Callee	gx_image_free_enum		2731183	0					
ANR	2731581	Identifier	gx_image_free_enum		2731183	0					
ANR	2731582	ArgumentList	& info		2731183	1					
ANR	2731583	Argument	& info		2731183	0					
ANR	2731584	UnaryOperationExpression	& info		2731183	0					
ANR	2731585	UnaryOperator	&		2731183	0					
ANR	2731586	Identifier	info		2731183	1					
ANR	2731587	ReturnStatement	return code ;	1921:4:81251:81262	2731183	9	True				
ANR	2731588	Identifier	code		2731183	0					
ANR	2731589	ReturnType	static int		2731183	1					
ANR	2731590	Identifier	pdf_image_end_image_data		2731183	2					
ANR	2731591	ParameterList	"gx_image_enum_common_t * info , bool draw_last , pdf_image_usage_t do_image"		2731183	3					
ANR	2731592	Parameter	gx_image_enum_common_t * info	1871:25:78977:79005	2731183	0	True				
ANR	2731593	ParameterType	gx_image_enum_common_t *		2731183	0					
ANR	2731594	Identifier	info		2731183	1					
ANR	2731595	Parameter	bool draw_last	1871:56:79008:79021	2731183	1	True				
ANR	2731596	ParameterType	bool		2731183	0					
ANR	2731597	Identifier	draw_last		2731183	1					
ANR	2731598	Parameter	pdf_image_usage_t do_image	1872:25:79049:79074	2731183	2	True				
ANR	2731599	ParameterType	pdf_image_usage_t		2731183	0					
ANR	2731600	Identifier	do_image		2731183	1					
ANR	2731601	CFGEntryNode	ENTRY		2731183		True				
ANR	2731602	CFGExitNode	EXIT		2731183		True				
ANR	2731603	Symbol	pie -> writer . pres		2731183						
ANR	2731604	Symbol	code		2731183						
ANR	2731605	Symbol	* writer . binary		2731183						
ANR	2731606	Symbol	pdf_end_image_binary		2731183						
ANR	2731607	Symbol	pdf_end_and_do_image		2731183						
ANR	2731608	Symbol	pdev -> pcm_color_info_index		2731183						
ANR	2731609	Symbol	do_image		2731183						
ANR	2731610	Symbol	* pie -> writer		2731183						
ANR	2731611	Symbol	draw_last		2731183						
ANR	2731612	Symbol	pie		2731183						
ANR	2731613	Symbol	pdev		2731183						
ANR	2731614	Symbol	& writer		2731183						
ANR	2731615	Symbol	pie -> writer . height		2731183						
ANR	2731616	Symbol	USE_AS_PATTERN		2731183						
ANR	2731617	Symbol	info -> dev		2731183						
ANR	2731618	Symbol	pie -> writer		2731183						
ANR	2731619	Symbol	pie -> width		2731183						
ANR	2731620	Symbol	( ( pdf_x_object_t * ) pie -> writer . pres ) -> data_height		2731183						
ANR	2731621	Symbol	* pie -> writer . binary		2731183						
ANR	2731622	Symbol	pie -> writer . pres_mask		2731183						
ANR	2731623	Symbol	pie -> rows_left		2731183						
ANR	2731624	Symbol	info		2731183						
ANR	2731625	Symbol	height		2731183						
ANR	2731626	Symbol	pdf_complete_image_data		2731183						
ANR	2731627	Symbol	* * pie		2731183						
ANR	2731628	Symbol	pie -> bits_per_pixel		2731183						
ANR	2731629	Symbol	pie -> writer . alt_writer_count		2731183						
ANR	2731630	Symbol	& info		2731183						
ANR	2731631	Symbol	* writer		2731183						
ANR	2731632	Symbol	* pie -> writer . pres		2731183						
ANR	2731633	Symbol	writer . binary		2731183						
ANR	2731634	Symbol	pie -> writer . binary		2731183						
ANR	2731635	Symbol	writer . pres		2731183						
ANR	2731636	Symbol	* pie		2731183						
ANR	2731637	Symbol	& pie -> mat		2731183						
ANR	2731638	Symbol	& pie -> writer		2731183						
ANR	2731639	Symbol	USE_AS_MASK		2731183						
ANR	2731640	Symbol	writer . alt_writer_count		2731183						
ANR	2731641	Symbol	* pdev		2731183						
ANR	2731642	Symbol	data_height		2731183						
ANR	2731643	Symbol	* info		2731183						
ANR	2731644	Symbol	writer		2731183						
ANR	2731645	Symbol	info -> id		2731183						
ANR	2731646	Symbol	pie -> initial_colorspace		2731183						
ANR	2731647	Function	pdf_image_end_image	1925:0:81305:81453							
ANR	2731648	FunctionDef	"pdf_image_end_image (gx_image_enum_common_t * info , bool draw_last)"		2731647	0					
ANR	2731649	CompoundStatement		1927:0:81383:81453	2731647	0					
ANR	2731650	ReturnStatement	"return pdf_image_end_image_data ( info , draw_last , USE_AS_IMAGE ) ;"	1928:4:81389:81451	2731647	0	True				
ANR	2731651	CallExpression	"pdf_image_end_image_data ( info , draw_last , USE_AS_IMAGE )"		2731647	0					
ANR	2731652	Callee	pdf_image_end_image_data		2731647	0					
ANR	2731653	Identifier	pdf_image_end_image_data		2731647	0					
ANR	2731654	ArgumentList	info		2731647	1					
ANR	2731655	Argument	info		2731647	0					
ANR	2731656	Identifier	info		2731647	0					
ANR	2731657	Argument	draw_last		2731647	1					
ANR	2731658	Identifier	draw_last		2731647	0					
ANR	2731659	Argument	USE_AS_IMAGE		2731647	2					
ANR	2731660	Identifier	USE_AS_IMAGE		2731647	0					
ANR	2731661	ReturnType	static int		2731647	1					
ANR	2731662	Identifier	pdf_image_end_image		2731647	2					
ANR	2731663	ParameterList	"gx_image_enum_common_t * info , bool draw_last"		2731647	3					
ANR	2731664	Parameter	gx_image_enum_common_t * info	1926:20:81336:81364	2731647	0	True				
ANR	2731665	ParameterType	gx_image_enum_common_t *		2731647	0					
ANR	2731666	Identifier	info		2731647	1					
ANR	2731667	Parameter	bool draw_last	1926:51:81367:81380	2731647	1	True				
ANR	2731668	ParameterType	bool		2731647	0					
ANR	2731669	Identifier	draw_last		2731647	1					
ANR	2731670	CFGEntryNode	ENTRY		2731647		True				
ANR	2731671	CFGExitNode	EXIT		2731647		True				
ANR	2731672	Symbol	draw_last		2731647						
ANR	2731673	Symbol	pdf_image_end_image_data		2731647						
ANR	2731674	Symbol	info		2731647						
ANR	2731675	Symbol	USE_AS_IMAGE		2731647						
ANR	2731676	Function	pdf_image_end_image_cvd	1932:0:81502:82098							
ANR	2731677	FunctionDef	"pdf_image_end_image_cvd (gx_image_enum_common_t * info , bool draw_last)"		2731676	0					
ANR	2731678	CompoundStatement		1934:0:81584:82098	2731676	0					
ANR	2731679	IdentifierDeclStatement	pdf_lcvd_t * cvd = ( pdf_lcvd_t * ) info -> dev ;	1934:3:81588:81629	2731676	0	True				
ANR	2731680	IdentifierDecl	* cvd = ( pdf_lcvd_t * ) info -> dev		2731676	0					
ANR	2731681	IdentifierDeclType	pdf_lcvd_t *		2731676	0					
ANR	2731682	Identifier	cvd		2731676	1					
ANR	2731683	AssignmentExpression	* cvd = ( pdf_lcvd_t * ) info -> dev		2731676	2		=			
ANR	2731684	Identifier	cvd		2731676	0					
ANR	2731685	CastExpression	( pdf_lcvd_t * ) info -> dev		2731676	1					
ANR	2731686	CastTarget	pdf_lcvd_t *		2731676	0					
ANR	2731687	PtrMemberAccess	info -> dev		2731676	1					
ANR	2731688	Identifier	info		2731676	0					
ANR	2731689	Identifier	dev		2731676	1					
ANR	2731690	IdentifierDeclStatement	"int code = pdf_dump_converted_image ( cvd -> pdev , cvd ) ;"	1935:4:81635:81686	2731676	1	True				
ANR	2731691	IdentifierDecl	"code = pdf_dump_converted_image ( cvd -> pdev , cvd )"		2731676	0					
ANR	2731692	IdentifierDeclType	int		2731676	0					
ANR	2731693	Identifier	code		2731676	1					
ANR	2731694	AssignmentExpression	"code = pdf_dump_converted_image ( cvd -> pdev , cvd )"		2731676	2		=			
ANR	2731695	Identifier	code		2731676	0					
ANR	2731696	CallExpression	"pdf_dump_converted_image ( cvd -> pdev , cvd )"		2731676	1					
ANR	2731697	Callee	pdf_dump_converted_image		2731676	0					
ANR	2731698	Identifier	pdf_dump_converted_image		2731676	0					
ANR	2731699	ArgumentList	cvd -> pdev		2731676	1					
ANR	2731700	Argument	cvd -> pdev		2731676	0					
ANR	2731701	PtrMemberAccess	cvd -> pdev		2731676	0					
ANR	2731702	Identifier	cvd		2731676	0					
ANR	2731703	Identifier	pdev		2731676	1					
ANR	2731704	Argument	cvd		2731676	1					
ANR	2731705	Identifier	cvd		2731676	0					
ANR	2731706	IdentifierDeclStatement	"int code1 = gx_image1_end_image ( info , draw_last ) ;"	1936:4:81692:81740	2731676	2	True				
ANR	2731707	IdentifierDecl	"code1 = gx_image1_end_image ( info , draw_last )"		2731676	0					
ANR	2731708	IdentifierDeclType	int		2731676	0					
ANR	2731709	Identifier	code1		2731676	1					
ANR	2731710	AssignmentExpression	"code1 = gx_image1_end_image ( info , draw_last )"		2731676	2		=			
ANR	2731711	Identifier	code1		2731676	0					
ANR	2731712	CallExpression	"gx_image1_end_image ( info , draw_last )"		2731676	1					
ANR	2731713	Callee	gx_image1_end_image		2731676	0					
ANR	2731714	Identifier	gx_image1_end_image		2731676	0					
ANR	2731715	ArgumentList	info		2731676	1					
ANR	2731716	Argument	info		2731676	0					
ANR	2731717	Identifier	info		2731676	0					
ANR	2731718	Argument	draw_last		2731676	1					
ANR	2731719	Identifier	draw_last		2731676	0					
ANR	2731720	IdentifierDeclStatement	int code2 = gs_closedevice ( ( gx_device * ) cvd -> mask ) ;	1937:4:81746:81796	2731676	3	True				
ANR	2731721	IdentifierDecl	code2 = gs_closedevice ( ( gx_device * ) cvd -> mask )		2731676	0					
ANR	2731722	IdentifierDeclType	int		2731676	0					
ANR	2731723	Identifier	code2		2731676	1					
ANR	2731724	AssignmentExpression	code2 = gs_closedevice ( ( gx_device * ) cvd -> mask )		2731676	2		=			
ANR	2731725	Identifier	code2		2731676	0					
ANR	2731726	CallExpression	gs_closedevice ( ( gx_device * ) cvd -> mask )		2731676	1					
ANR	2731727	Callee	gs_closedevice		2731676	0					
ANR	2731728	Identifier	gs_closedevice		2731676	0					
ANR	2731729	ArgumentList	( gx_device * ) cvd -> mask		2731676	1					
ANR	2731730	Argument	( gx_device * ) cvd -> mask		2731676	0					
ANR	2731731	CastExpression	( gx_device * ) cvd -> mask		2731676	0					
ANR	2731732	CastTarget	gx_device *		2731676	0					
ANR	2731733	PtrMemberAccess	cvd -> mask		2731676	1					
ANR	2731734	Identifier	cvd		2731676	0					
ANR	2731735	Identifier	mask		2731676	1					
ANR	2731736	IdentifierDeclStatement	int code3 = gs_closedevice ( ( gx_device * ) cvd ) ;	1938:4:81802:81846	2731676	4	True				
ANR	2731737	IdentifierDecl	code3 = gs_closedevice ( ( gx_device * ) cvd )		2731676	0					
ANR	2731738	IdentifierDeclType	int		2731676	0					
ANR	2731739	Identifier	code3		2731676	1					
ANR	2731740	AssignmentExpression	code3 = gs_closedevice ( ( gx_device * ) cvd )		2731676	2		=			
ANR	2731741	Identifier	code3		2731676	0					
ANR	2731742	CallExpression	gs_closedevice ( ( gx_device * ) cvd )		2731676	1					
ANR	2731743	Callee	gs_closedevice		2731676	0					
ANR	2731744	Identifier	gs_closedevice		2731676	0					
ANR	2731745	ArgumentList	( gx_device * ) cvd		2731676	1					
ANR	2731746	Argument	( gx_device * ) cvd		2731676	0					
ANR	2731747	CastExpression	( gx_device * ) cvd		2731676	0					
ANR	2731748	CastTarget	gx_device *		2731676	0					
ANR	2731749	Identifier	cvd		2731676	1					
ANR	2731750	ExpressionStatement	"gs_free_object ( cvd -> mask -> memory , ( gx_device * ) cvd -> mask , ""pdf_image_end_image_cvd"" )"	1940:4:81853:81937	2731676	5	True				
ANR	2731751	CallExpression	"gs_free_object ( cvd -> mask -> memory , ( gx_device * ) cvd -> mask , ""pdf_image_end_image_cvd"" )"		2731676	0					
ANR	2731752	Callee	gs_free_object		2731676	0					
ANR	2731753	Identifier	gs_free_object		2731676	0					
ANR	2731754	ArgumentList	cvd -> mask -> memory		2731676	1					
ANR	2731755	Argument	cvd -> mask -> memory		2731676	0					
ANR	2731756	PtrMemberAccess	cvd -> mask -> memory		2731676	0					
ANR	2731757	PtrMemberAccess	cvd -> mask		2731676	0					
ANR	2731758	Identifier	cvd		2731676	0					
ANR	2731759	Identifier	mask		2731676	1					
ANR	2731760	Identifier	memory		2731676	1					
ANR	2731761	Argument	( gx_device * ) cvd -> mask		2731676	1					
ANR	2731762	CastExpression	( gx_device * ) cvd -> mask		2731676	0					
ANR	2731763	CastTarget	gx_device *		2731676	0					
ANR	2731764	PtrMemberAccess	cvd -> mask		2731676	1					
ANR	2731765	Identifier	cvd		2731676	0					
ANR	2731766	Identifier	mask		2731676	1					
ANR	2731767	Argument	"""pdf_image_end_image_cvd"""		2731676	2					
ANR	2731768	PrimaryExpression	"""pdf_image_end_image_cvd"""		2731676	0					
ANR	2731769	ExpressionStatement	"gs_free_object ( cvd -> mdev . memory , ( gx_device * ) cvd , ""pdf_image_end_image_cvd"" )"	1941:4:81943:82020	2731676	6	True				
ANR	2731770	CallExpression	"gs_free_object ( cvd -> mdev . memory , ( gx_device * ) cvd , ""pdf_image_end_image_cvd"" )"		2731676	0					
ANR	2731771	Callee	gs_free_object		2731676	0					
ANR	2731772	Identifier	gs_free_object		2731676	0					
ANR	2731773	ArgumentList	cvd -> mdev . memory		2731676	1					
ANR	2731774	Argument	cvd -> mdev . memory		2731676	0					
ANR	2731775	MemberAccess	cvd -> mdev . memory		2731676	0					
ANR	2731776	PtrMemberAccess	cvd -> mdev		2731676	0					
ANR	2731777	Identifier	cvd		2731676	0					
ANR	2731778	Identifier	mdev		2731676	1					
ANR	2731779	Identifier	memory		2731676	1					
ANR	2731780	Argument	( gx_device * ) cvd		2731676	1					
ANR	2731781	CastExpression	( gx_device * ) cvd		2731676	0					
ANR	2731782	CastTarget	gx_device *		2731676	0					
ANR	2731783	Identifier	cvd		2731676	1					
ANR	2731784	Argument	"""pdf_image_end_image_cvd"""		2731676	2					
ANR	2731785	PrimaryExpression	"""pdf_image_end_image_cvd"""		2731676	0					
ANR	2731786	ReturnStatement	return code < 0 ? code : code1 < 0 ? code1 : code2 < 0 ? code2 : code3 ;	1942:4:82026:82096	2731676	7	True				
ANR	2731787	ConditionalExpression	code < 0 ? code : code1 < 0 ? code1 : code2 < 0 ? code2 : code3		2731676	0					
ANR	2731788	Condition	code < 0		2731676	0					
ANR	2731789	RelationalExpression	code < 0		2731676	0		<			
ANR	2731790	Identifier	code		2731676	0					
ANR	2731791	PrimaryExpression	0		2731676	1					
ANR	2731792	Identifier	code		2731676	1					
ANR	2731793	ConditionalExpression	code1 < 0 ? code1 : code2 < 0 ? code2 : code3		2731676	2					
ANR	2731794	Condition	code1 < 0		2731676	0					
ANR	2731795	RelationalExpression	code1 < 0		2731676	0		<			
ANR	2731796	Identifier	code1		2731676	0					
ANR	2731797	PrimaryExpression	0		2731676	1					
ANR	2731798	Identifier	code1		2731676	1					
ANR	2731799	ConditionalExpression	code2 < 0 ? code2 : code3		2731676	2					
ANR	2731800	Condition	code2 < 0		2731676	0					
ANR	2731801	RelationalExpression	code2 < 0		2731676	0		<			
ANR	2731802	Identifier	code2		2731676	0					
ANR	2731803	PrimaryExpression	0		2731676	1					
ANR	2731804	Identifier	code2		2731676	1					
ANR	2731805	Identifier	code3		2731676	2					
ANR	2731806	ReturnType	static int		2731676	1					
ANR	2731807	Identifier	pdf_image_end_image_cvd		2731676	2					
ANR	2731808	ParameterList	"gx_image_enum_common_t * info , bool draw_last"		2731676	3					
ANR	2731809	Parameter	gx_image_enum_common_t * info	1933:24:81537:81565	2731676	0	True				
ANR	2731810	ParameterType	gx_image_enum_common_t *		2731676	0					
ANR	2731811	Identifier	info		2731676	1					
ANR	2731812	Parameter	bool draw_last	1933:55:81568:81581	2731676	1	True				
ANR	2731813	ParameterType	bool		2731676	0					
ANR	2731814	Identifier	draw_last		2731676	1					
ANR	2731815	CFGEntryNode	ENTRY		2731676		True				
ANR	2731816	CFGExitNode	EXIT		2731676		True				
ANR	2731817	Symbol	code3		2731676						
ANR	2731818	Symbol	gx_image1_end_image		2731676						
ANR	2731819	Symbol	code2		2731676						
ANR	2731820	Symbol	cvd -> mdev . memory		2731676						
ANR	2731821	Symbol	code		2731676						
ANR	2731822	Symbol	code1		2731676						
ANR	2731823	Symbol	* cvd		2731676						
ANR	2731824	Symbol	* * cvd		2731676						
ANR	2731825	Symbol	draw_last		2731676						
ANR	2731826	Symbol	cvd -> mask		2731676						
ANR	2731827	Symbol	* cvd -> mask		2731676						
ANR	2731828	Symbol	cvd -> pdev		2731676						
ANR	2731829	Symbol	cvd -> mdev		2731676						
ANR	2731830	Symbol	cvd		2731676						
ANR	2731831	Symbol	pdf_dump_converted_image		2731676						
ANR	2731832	Symbol	cvd -> mask -> memory		2731676						
ANR	2731833	Symbol	info -> dev		2731676						
ANR	2731834	Symbol	* info		2731676						
ANR	2731835	Symbol	gs_closedevice		2731676						
ANR	2731836	Symbol	info		2731676						
ANR	2731837	Function	pdf_make_mxd	1950:0:82314:82627							
ANR	2731838	FunctionDef	"pdf_make_mxd (gx_device * * pmxdev , gx_device * tdev , gs_memory_t * mem)"		2731837	0					
ANR	2731839	CompoundStatement		1952:0:82393:82627	2731837	0					
ANR	2731840	IdentifierDeclStatement	gx_device * fdev ;	1953:4:82399:82414	2731837	0	True				
ANR	2731841	IdentifierDecl	* fdev		2731837	0					
ANR	2731842	IdentifierDeclType	gx_device *		2731837	0					
ANR	2731843	Identifier	fdev		2731837	1					
ANR	2731844	IdentifierDeclStatement	"int code = gs_copydevice ( & fdev , ( const gx_device * ) & gs_null_device , mem ) ;"	1954:4:82420:82492	2731837	1	True				
ANR	2731845	IdentifierDecl	"code = gs_copydevice ( & fdev , ( const gx_device * ) & gs_null_device , mem )"		2731837	0					
ANR	2731846	IdentifierDeclType	int		2731837	0					
ANR	2731847	Identifier	code		2731837	1					
ANR	2731848	AssignmentExpression	"code = gs_copydevice ( & fdev , ( const gx_device * ) & gs_null_device , mem )"		2731837	2		=			
ANR	2731849	Identifier	code		2731837	0					
ANR	2731850	CallExpression	"gs_copydevice ( & fdev , ( const gx_device * ) & gs_null_device , mem )"		2731837	1					
ANR	2731851	Callee	gs_copydevice		2731837	0					
ANR	2731852	Identifier	gs_copydevice		2731837	0					
ANR	2731853	ArgumentList	& fdev		2731837	1					
ANR	2731854	Argument	& fdev		2731837	0					
ANR	2731855	UnaryOperationExpression	& fdev		2731837	0					
ANR	2731856	UnaryOperator	&		2731837	0					
ANR	2731857	Identifier	fdev		2731837	1					
ANR	2731858	Argument	( const gx_device * ) & gs_null_device		2731837	1					
ANR	2731859	CastExpression	( const gx_device * ) & gs_null_device		2731837	0					
ANR	2731860	CastTarget	const gx_device *		2731837	0					
ANR	2731861	UnaryOperationExpression	& gs_null_device		2731837	1					
ANR	2731862	UnaryOperator	&		2731837	0					
ANR	2731863	Identifier	gs_null_device		2731837	1					
ANR	2731864	Argument	mem		2731837	2					
ANR	2731865	Identifier	mem		2731837	0					
ANR	2731866	IfStatement	if ( code < 0 )		2731837	2					
ANR	2731867	Condition	code < 0	1956:8:82503:82510	2731837	0	True				
ANR	2731868	RelationalExpression	code < 0		2731837	0		<			
ANR	2731869	Identifier	code		2731837	0					
ANR	2731870	PrimaryExpression	0		2731837	1					
ANR	2731871	ReturnStatement	return code ;	1957:8:82521:82532	2731837	1	True				
ANR	2731872	Identifier	code		2731837	0					
ANR	2731873	ExpressionStatement	"gx_device_set_target ( ( gx_device_forward * ) fdev , tdev )"	1958:4:82538:82591	2731837	3	True				
ANR	2731874	CallExpression	"gx_device_set_target ( ( gx_device_forward * ) fdev , tdev )"		2731837	0					
ANR	2731875	Callee	gx_device_set_target		2731837	0					
ANR	2731876	Identifier	gx_device_set_target		2731837	0					
ANR	2731877	ArgumentList	( gx_device_forward * ) fdev		2731837	1					
ANR	2731878	Argument	( gx_device_forward * ) fdev		2731837	0					
ANR	2731879	CastExpression	( gx_device_forward * ) fdev		2731837	0					
ANR	2731880	CastTarget	gx_device_forward *		2731837	0					
ANR	2731881	Identifier	fdev		2731837	1					
ANR	2731882	Argument	tdev		2731837	1					
ANR	2731883	Identifier	tdev		2731837	0					
ANR	2731884	ExpressionStatement	* pmxdev = fdev	1959:4:82597:82611	2731837	4	True				
ANR	2731885	AssignmentExpression	* pmxdev = fdev		2731837	0		=			
ANR	2731886	UnaryOperationExpression	* pmxdev		2731837	0					
ANR	2731887	UnaryOperator	*		2731837	0					
ANR	2731888	Identifier	pmxdev		2731837	1					
ANR	2731889	Identifier	fdev		2731837	1					
ANR	2731890	ReturnStatement	return 0 ;	1960:4:82617:82625	2731837	5	True				
ANR	2731891	PrimaryExpression	0		2731837	0					
ANR	2731892	ReturnType	static int		2731837	1					
ANR	2731893	Identifier	pdf_make_mxd		2731837	2					
ANR	2731894	ParameterList	"gx_device * * pmxdev , gx_device * tdev , gs_memory_t * mem"		2731837	3					
ANR	2731895	Parameter	gx_device * * pmxdev	1951:13:82338:82355	2731837	0	True				
ANR	2731896	ParameterType	gx_device * *		2731837	0					
ANR	2731897	Identifier	pmxdev		2731837	1					
ANR	2731898	Parameter	gx_device * tdev	1951:33:82358:82372	2731837	1	True				
ANR	2731899	ParameterType	gx_device *		2731837	0					
ANR	2731900	Identifier	tdev		2731837	1					
ANR	2731901	Parameter	gs_memory_t * mem	1951:50:82375:82390	2731837	2	True				
ANR	2731902	ParameterType	gs_memory_t *		2731837	0					
ANR	2731903	Identifier	mem		2731837	1					
ANR	2731904	CFGEntryNode	ENTRY		2731837		True				
ANR	2731905	CFGExitNode	EXIT		2731837		True				
ANR	2731906	Symbol	fdev		2731837						
ANR	2731907	Symbol	& gs_null_device		2731837						
ANR	2731908	Symbol	code		2731837						
ANR	2731909	Symbol	& fdev		2731837						
ANR	2731910	Symbol	mem		2731837						
ANR	2731911	Symbol	tdev		2731837						
ANR	2731912	Symbol	gs_copydevice		2731837						
ANR	2731913	Symbol	pmxdev		2731837						
ANR	2731914	Symbol	* pmxdev		2731837						
ANR	2731915	Function	pdf_image_end_image_object	1964:0:82690:82844							
ANR	2731916	FunctionDef	"pdf_image_end_image_object (gx_image_enum_common_t * info , bool draw_last)"		2731915	0					
ANR	2731917	CompoundStatement		1966:0:82775:82844	2731915	0					
ANR	2731918	ReturnStatement	"return pdf_image_end_image_data ( info , draw_last , USE_AS_MASK ) ;"	1967:4:82781:82842	2731915	0	True				
ANR	2731919	CallExpression	"pdf_image_end_image_data ( info , draw_last , USE_AS_MASK )"		2731915	0					
ANR	2731920	Callee	pdf_image_end_image_data		2731915	0					
ANR	2731921	Identifier	pdf_image_end_image_data		2731915	0					
ANR	2731922	ArgumentList	info		2731915	1					
ANR	2731923	Argument	info		2731915	0					
ANR	2731924	Identifier	info		2731915	0					
ANR	2731925	Argument	draw_last		2731915	1					
ANR	2731926	Identifier	draw_last		2731915	0					
ANR	2731927	Argument	USE_AS_MASK		2731915	2					
ANR	2731928	Identifier	USE_AS_MASK		2731915	0					
ANR	2731929	ReturnType	static int		2731915	1					
ANR	2731930	Identifier	pdf_image_end_image_object		2731915	2					
ANR	2731931	ParameterList	"gx_image_enum_common_t * info , bool draw_last"		2731915	3					
ANR	2731932	Parameter	gx_image_enum_common_t * info	1965:27:82728:82756	2731915	0	True				
ANR	2731933	ParameterType	gx_image_enum_common_t *		2731915	0					
ANR	2731934	Identifier	info		2731915	1					
ANR	2731935	Parameter	bool draw_last	1965:58:82759:82772	2731915	1	True				
ANR	2731936	ParameterType	bool		2731915	0					
ANR	2731937	Identifier	draw_last		2731915	1					
ANR	2731938	CFGEntryNode	ENTRY		2731915		True				
ANR	2731939	CFGExitNode	EXIT		2731915		True				
ANR	2731940	Symbol	USE_AS_MASK		2731915						
ANR	2731941	Symbol	draw_last		2731915						
ANR	2731942	Symbol	pdf_image_end_image_data		2731915						
ANR	2731943	Symbol	info		2731915						
ANR	2731944	Function	pdf_image_end_image_object2	1970:0:82918:83076							
ANR	2731945	FunctionDef	"pdf_image_end_image_object2 (gx_image_enum_common_t * info , bool draw_last)"		2731944	0					
ANR	2731946	CompoundStatement		1972:0:83004:83076	2731944	0					
ANR	2731947	ReturnStatement	"return pdf_image_end_image_data ( info , draw_last , USE_AS_PATTERN ) ;"	1973:4:83010:83074	2731944	0	True				
ANR	2731948	CallExpression	"pdf_image_end_image_data ( info , draw_last , USE_AS_PATTERN )"		2731944	0					
ANR	2731949	Callee	pdf_image_end_image_data		2731944	0					
ANR	2731950	Identifier	pdf_image_end_image_data		2731944	0					
ANR	2731951	ArgumentList	info		2731944	1					
ANR	2731952	Argument	info		2731944	0					
ANR	2731953	Identifier	info		2731944	0					
ANR	2731954	Argument	draw_last		2731944	1					
ANR	2731955	Identifier	draw_last		2731944	0					
ANR	2731956	Argument	USE_AS_PATTERN		2731944	2					
ANR	2731957	Identifier	USE_AS_PATTERN		2731944	0					
ANR	2731958	ReturnType	static int		2731944	1					
ANR	2731959	Identifier	pdf_image_end_image_object2		2731944	2					
ANR	2731960	ParameterList	"gx_image_enum_common_t * info , bool draw_last"		2731944	3					
ANR	2731961	Parameter	gx_image_enum_common_t * info	1971:28:82957:82985	2731944	0	True				
ANR	2731962	ParameterType	gx_image_enum_common_t *		2731944	0					
ANR	2731963	Identifier	info		2731944	1					
ANR	2731964	Parameter	bool draw_last	1971:59:82988:83001	2731944	1	True				
ANR	2731965	ParameterType	bool		2731944	0					
ANR	2731966	Identifier	draw_last		2731944	1					
ANR	2731967	CFGEntryNode	ENTRY		2731944		True				
ANR	2731968	CFGExitNode	EXIT		2731944		True				
ANR	2731969	Symbol	USE_AS_PATTERN		2731944						
ANR	2731970	Symbol	draw_last		2731944						
ANR	2731971	Symbol	pdf_image_end_image_data		2731944						
ANR	2731972	Symbol	info		2731944						
ANR	2731973	Function	pdf_image3_make_mid	1980:0:83235:84261							
ANR	2731974	FunctionDef	"pdf_image3_make_mid (gx_device * * pmidev , gx_device * dev , int width , int height , gs_memory_t * mem)"		2731973	0					
ANR	2731975	CompoundStatement		1983:0:83363:84261	2731973	0					
ANR	2731976	IdentifierDeclStatement	gx_device_pdf * pdev = ( gx_device_pdf * ) dev ;	1984:4:83369:83411	2731973	0	True				
ANR	2731977	IdentifierDecl	* pdev = ( gx_device_pdf * ) dev		2731973	0					
ANR	2731978	IdentifierDeclType	gx_device_pdf *		2731973	0					
ANR	2731979	Identifier	pdev		2731973	1					
ANR	2731980	AssignmentExpression	* pdev = ( gx_device_pdf * ) dev		2731973	2		=			
ANR	2731981	Identifier	pdev		2731973	0					
ANR	2731982	CastExpression	( gx_device_pdf * ) dev		2731973	1					
ANR	2731983	CastTarget	gx_device_pdf *		2731973	0					
ANR	2731984	Identifier	dev		2731973	1					
ANR	2731985	IfStatement	if ( pdev -> CompatibilityLevel < 1.3 && ! pdev -> PatternImagemask )		2731973	1					
ANR	2731986	Condition	pdev -> CompatibilityLevel < 1.3 && ! pdev -> PatternImagemask	1986:8:83422:83478	2731973	0	True				
ANR	2731987	AndExpression	pdev -> CompatibilityLevel < 1.3 && ! pdev -> PatternImagemask		2731973	0		&&			
ANR	2731988	RelationalExpression	pdev -> CompatibilityLevel < 1.3		2731973	0		<			
ANR	2731989	PtrMemberAccess	pdev -> CompatibilityLevel		2731973	0					
ANR	2731990	Identifier	pdev		2731973	0					
ANR	2731991	Identifier	CompatibilityLevel		2731973	1					
ANR	2731992	PrimaryExpression	1.3		2731973	1					
ANR	2731993	UnaryOperationExpression	! pdev -> PatternImagemask		2731973	1					
ANR	2731994	UnaryOperator	!		2731973	0					
ANR	2731995	PtrMemberAccess	pdev -> PatternImagemask		2731973	1					
ANR	2731996	Identifier	pdev		2731973	0					
ANR	2731997	Identifier	PatternImagemask		2731973	1					
ANR	2731998	CompoundStatement		7:8:180:188	2731973	1					
ANR	2731999	IdentifierDeclStatement	gs_matrix m ;	1987:8:83491:83502	2731973	0	True				
ANR	2732000	IdentifierDecl	m		2731973	0					
ANR	2732001	IdentifierDeclType	gs_matrix		2731973	0					
ANR	2732002	Identifier	m		2731973	1					
ANR	2732003	IdentifierDeclStatement	pdf_lcvd_t * cvd = NULL ;	1988:8:83512:83534	2731973	1	True				
ANR	2732004	IdentifierDecl	* cvd = NULL		2731973	0					
ANR	2732005	IdentifierDeclType	pdf_lcvd_t *		2731973	0					
ANR	2732006	Identifier	cvd		2731973	1					
ANR	2732007	AssignmentExpression	* cvd = NULL		2731973	2		=			
ANR	2732008	Identifier	NULL		2731973	0					
ANR	2732009	Identifier	NULL		2731973	1					
ANR	2732010	IdentifierDeclStatement	int code ;	1989:8:83544:83552	2731973	2	True				
ANR	2732011	IdentifierDecl	code		2731973	0					
ANR	2732012	IdentifierDeclType	int		2731973	0					
ANR	2732013	Identifier	code		2731973	1					
ANR	2732014	ExpressionStatement	gs_make_identity ( & m )	1991:8:83563:83583	2731973	3	True				
ANR	2732015	CallExpression	gs_make_identity ( & m )		2731973	0					
ANR	2732016	Callee	gs_make_identity		2731973	0					
ANR	2732017	Identifier	gs_make_identity		2731973	0					
ANR	2732018	ArgumentList	& m		2731973	1					
ANR	2732019	Argument	& m		2731973	0					
ANR	2732020	UnaryOperationExpression	& m		2731973	0					
ANR	2732021	UnaryOperator	&		2731973	0					
ANR	2732022	Identifier	m		2731973	1					
ANR	2732023	ExpressionStatement	"code = pdf_setup_masked_image_converter ( pdev , mem , & m , & cvd , true , 0 , 0 , width , height , true )"	1992:8:83593:83726	2731973	4	True				
ANR	2732024	AssignmentExpression	"code = pdf_setup_masked_image_converter ( pdev , mem , & m , & cvd , true , 0 , 0 , width , height , true )"		2731973	0		=			
ANR	2732025	Identifier	code		2731973	0					
ANR	2732026	CallExpression	"pdf_setup_masked_image_converter ( pdev , mem , & m , & cvd , true , 0 , 0 , width , height , true )"		2731973	1					
ANR	2732027	Callee	pdf_setup_masked_image_converter		2731973	0					
ANR	2732028	Identifier	pdf_setup_masked_image_converter		2731973	0					
ANR	2732029	ArgumentList	pdev		2731973	1					
ANR	2732030	Argument	pdev		2731973	0					
ANR	2732031	Identifier	pdev		2731973	0					
ANR	2732032	Argument	mem		2731973	1					
ANR	2732033	Identifier	mem		2731973	0					
ANR	2732034	Argument	& m		2731973	2					
ANR	2732035	UnaryOperationExpression	& m		2731973	0					
ANR	2732036	UnaryOperator	&		2731973	0					
ANR	2732037	Identifier	m		2731973	1					
ANR	2732038	Argument	& cvd		2731973	3					
ANR	2732039	UnaryOperationExpression	& cvd		2731973	0					
ANR	2732040	UnaryOperator	&		2731973	0					
ANR	2732041	Identifier	cvd		2731973	1					
ANR	2732042	Argument	true		2731973	4					
ANR	2732043	Identifier	true		2731973	0					
ANR	2732044	Argument	0		2731973	5					
ANR	2732045	PrimaryExpression	0		2731973	0					
ANR	2732046	Argument	0		2731973	6					
ANR	2732047	PrimaryExpression	0		2731973	0					
ANR	2732048	Argument	width		2731973	7					
ANR	2732049	Identifier	width		2731973	0					
ANR	2732050	Argument	height		2731973	8					
ANR	2732051	Identifier	height		2731973	0					
ANR	2732052	Argument	true		2731973	9					
ANR	2732053	Identifier	true		2731973	0					
ANR	2732054	IfStatement	if ( code < 0 )		2731973	5					
ANR	2732055	Condition	code < 0	1994:12:83740:83747	2731973	0	True				
ANR	2732056	RelationalExpression	code < 0		2731973	0		<			
ANR	2732057	Identifier	code		2731973	0					
ANR	2732058	PrimaryExpression	0		2731973	1					
ANR	2732059	ReturnStatement	return code ;	1995:12:83762:83773	2731973	1	True				
ANR	2732060	Identifier	code		2731973	0					
ANR	2732061	ExpressionStatement	cvd -> mask -> target = ( gx_device * ) cvd	1996:8:83783:83819	2731973	6	True				
ANR	2732062	AssignmentExpression	cvd -> mask -> target = ( gx_device * ) cvd		2731973	0		=			
ANR	2732063	PtrMemberAccess	cvd -> mask -> target		2731973	0					
ANR	2732064	PtrMemberAccess	cvd -> mask		2731973	0					
ANR	2732065	Identifier	cvd		2731973	0					
ANR	2732066	Identifier	mask		2731973	1					
ANR	2732067	Identifier	target		2731973	1					
ANR	2732068	CastExpression	( gx_device * ) cvd		2731973	1					
ANR	2732069	CastTarget	gx_device *		2731973	0					
ANR	2732070	Identifier	cvd		2731973	1					
ANR	2732071	ExpressionStatement	cvd -> mask_is_empty = false	1998:8:83960:83986	2731973	7	True				
ANR	2732072	AssignmentExpression	cvd -> mask_is_empty = false		2731973	0		=			
ANR	2732073	PtrMemberAccess	cvd -> mask_is_empty		2731973	0					
ANR	2732074	Identifier	cvd		2731973	0					
ANR	2732075	Identifier	mask_is_empty		2731973	1					
ANR	2732076	Identifier	false		2731973	1					
ANR	2732077	ExpressionStatement	* pmidev = ( gx_device * ) cvd -> mask	1999:8:83996:84028	2731973	8	True				
ANR	2732078	AssignmentExpression	* pmidev = ( gx_device * ) cvd -> mask		2731973	0		=			
ANR	2732079	UnaryOperationExpression	* pmidev		2731973	0					
ANR	2732080	UnaryOperator	*		2731973	0					
ANR	2732081	Identifier	pmidev		2731973	1					
ANR	2732082	CastExpression	( gx_device * ) cvd -> mask		2731973	1					
ANR	2732083	CastTarget	gx_device *		2731973	0					
ANR	2732084	PtrMemberAccess	cvd -> mask		2731973	1					
ANR	2732085	Identifier	cvd		2731973	0					
ANR	2732086	Identifier	mask		2731973	1					
ANR	2732087	ReturnStatement	return 0 ;	2000:8:84038:84046	2731973	9	True				
ANR	2732088	PrimaryExpression	0		2731973	0					
ANR	2732089	ElseStatement	else		2731973	0					
ANR	2732090	CompoundStatement		20:8:705:746	2731973	0					
ANR	2732091	IdentifierDeclStatement	"int code = pdf_make_mxd ( pmidev , dev , mem ) ;"	2002:8:84069:84110	2731973	0	True				
ANR	2732092	IdentifierDecl	"code = pdf_make_mxd ( pmidev , dev , mem )"		2731973	0					
ANR	2732093	IdentifierDeclType	int		2731973	0					
ANR	2732094	Identifier	code		2731973	1					
ANR	2732095	AssignmentExpression	"code = pdf_make_mxd ( pmidev , dev , mem )"		2731973	2		=			
ANR	2732096	Identifier	code		2731973	0					
ANR	2732097	CallExpression	"pdf_make_mxd ( pmidev , dev , mem )"		2731973	1					
ANR	2732098	Callee	pdf_make_mxd		2731973	0					
ANR	2732099	Identifier	pdf_make_mxd		2731973	0					
ANR	2732100	ArgumentList	pmidev		2731973	1					
ANR	2732101	Argument	pmidev		2731973	0					
ANR	2732102	Identifier	pmidev		2731973	0					
ANR	2732103	Argument	dev		2731973	1					
ANR	2732104	Identifier	dev		2731973	0					
ANR	2732105	Argument	mem		2731973	2					
ANR	2732106	Identifier	mem		2731973	0					
ANR	2732107	IfStatement	if ( code < 0 )		2731973	1					
ANR	2732108	Condition	code < 0	2004:12:84125:84132	2731973	0	True				
ANR	2732109	RelationalExpression	code < 0		2731973	0		<			
ANR	2732110	Identifier	code		2731973	0					
ANR	2732111	PrimaryExpression	0		2731973	1					
ANR	2732112	ReturnStatement	return code ;	2005:12:84147:84158	2731973	1	True				
ANR	2732113	Identifier	code		2731973	0					
ANR	2732114	ExpressionStatement	"set_dev_proc ( * pmidev , begin_typed_image , pdf_mid_begin_typed_image )"	2006:8:84168:84235	2731973	2	True				
ANR	2732115	CallExpression	"set_dev_proc ( * pmidev , begin_typed_image , pdf_mid_begin_typed_image )"		2731973	0					
ANR	2732116	Callee	set_dev_proc		2731973	0					
ANR	2732117	Identifier	set_dev_proc		2731973	0					
ANR	2732118	ArgumentList	* pmidev		2731973	1					
ANR	2732119	Argument	* pmidev		2731973	0					
ANR	2732120	UnaryOperationExpression	* pmidev		2731973	0					
ANR	2732121	UnaryOperator	*		2731973	0					
ANR	2732122	Identifier	pmidev		2731973	1					
ANR	2732123	Argument	begin_typed_image		2731973	1					
ANR	2732124	Identifier	begin_typed_image		2731973	0					
ANR	2732125	Argument	pdf_mid_begin_typed_image		2731973	2					
ANR	2732126	Identifier	pdf_mid_begin_typed_image		2731973	0					
ANR	2732127	ReturnStatement	return 0 ;	2007:8:84245:84253	2731973	3	True				
ANR	2732128	PrimaryExpression	0		2731973	0					
ANR	2732129	ReturnType	static int		2731973	1					
ANR	2732130	Identifier	pdf_image3_make_mid		2731973	2					
ANR	2732131	ParameterList	"gx_device * * pmidev , gx_device * dev , int width , int height , gs_memory_t * mem"		2731973	3					
ANR	2732132	Parameter	gx_device * * pmidev	1981:20:83266:83283	2731973	0	True				
ANR	2732133	ParameterType	gx_device * *		2731973	0					
ANR	2732134	Identifier	pmidev		2731973	1					
ANR	2732135	Parameter	gx_device * dev	1981:40:83286:83299	2731973	1	True				
ANR	2732136	ParameterType	gx_device *		2731973	0					
ANR	2732137	Identifier	dev		2731973	1					
ANR	2732138	Parameter	int width	1981:56:83302:83310	2731973	2	True				
ANR	2732139	ParameterType	int		2731973	0					
ANR	2732140	Identifier	width		2731973	1					
ANR	2732141	Parameter	int height	1981:67:83313:83322	2731973	3	True				
ANR	2732142	ParameterType	int		2731973	0					
ANR	2732143	Identifier	height		2731973	1					
ANR	2732144	Parameter	gs_memory_t * mem	1982:20:83345:83360	2731973	4	True				
ANR	2732145	ParameterType	gs_memory_t *		2731973	0					
ANR	2732146	Identifier	mem		2731973	1					
ANR	2732147	CFGEntryNode	ENTRY		2731973		True				
ANR	2732148	CFGExitNode	EXIT		2731973		True				
ANR	2732149	Symbol	begin_typed_image		2731973						
ANR	2732150	Symbol	pdev -> PatternImagemask		2731973						
ANR	2732151	Symbol	code		2731973						
ANR	2732152	Symbol	* cvd		2731973						
ANR	2732153	Symbol	cvd -> mask_is_empty		2731973						
ANR	2732154	Symbol	cvd -> mask		2731973						
ANR	2732155	Symbol	cvd -> mask -> target		2731973						
ANR	2732156	Symbol	cvd		2731973						
ANR	2732157	Symbol	pdf_make_mxd		2731973						
ANR	2732158	Symbol	pdev		2731973						
ANR	2732159	Symbol	dev		2731973						
ANR	2732160	Symbol	mem		2731973						
ANR	2732161	Symbol	pmidev		2731973						
ANR	2732162	Symbol	height		2731973						
ANR	2732163	Symbol	pdev -> CompatibilityLevel		2731973						
ANR	2732164	Symbol	NULL		2731973						
ANR	2732165	Symbol	* * cvd		2731973						
ANR	2732166	Symbol	false		2731973						
ANR	2732167	Symbol	pdf_mid_begin_typed_image		2731973						
ANR	2732168	Symbol	* cvd -> mask		2731973						
ANR	2732169	Symbol	m		2731973						
ANR	2732170	Symbol	& cvd		2731973						
ANR	2732171	Symbol	& m		2731973						
ANR	2732172	Symbol	* pmidev		2731973						
ANR	2732173	Symbol	width		2731973						
ANR	2732174	Symbol	true		2731973						
ANR	2732175	Symbol	* pdev		2731973						
ANR	2732176	Symbol	pdf_setup_masked_image_converter		2731973						
ANR	2732177	Function	pdf_mid_begin_typed_image	2010:0:84263:84954							
ANR	2732178	FunctionDef	"pdf_mid_begin_typed_image (gx_device * dev , const gs_gstate * pgs , const gs_matrix * pmat , const gs_image_common_t * pic , const gs_int_rect * prect , const gx_drawing_color * pdcolor , const gx_clip_path * pcpath , gs_memory_t * mem , gx_image_enum_common_t * * pinfo)"		2732177	0					
ANR	2732179	CompoundStatement		2017:0:84665:84954	2732177	0					
ANR	2732180	Statement	gx_device_pdf	2019:4:84735:84747	2732177	0	True				
ANR	2732181	Statement	*	2019:18:84749:84749	2732177	1	True				
ANR	2732182	Statement	const	2019:19:84750:84754	2732177	2	True				
ANR	2732183	ExpressionStatement	pdev = ( gx_device_pdf * ) ( ( gx_device_null * ) dev ) -> target	2019:25:84756:84820	2732177	3	True				
ANR	2732184	AssignmentExpression	pdev = ( gx_device_pdf * ) ( ( gx_device_null * ) dev ) -> target		2732177	0		=			
ANR	2732185	Identifier	pdev		2732177	0					
ANR	2732186	CastExpression	( gx_device_pdf * ) ( ( gx_device_null * ) dev ) -> target		2732177	1					
ANR	2732187	CastTarget	gx_device_pdf *		2732177	0					
ANR	2732188	PtrMemberAccess	( ( gx_device_null * ) dev ) -> target		2732177	1					
ANR	2732189	CastExpression	( gx_device_null * ) dev		2732177	0					
ANR	2732190	CastTarget	gx_device_null *		2732177	0					
ANR	2732191	Identifier	dev		2732177	1					
ANR	2732192	Identifier	target		2732177	1					
ANR	2732193	ReturnStatement	"return pdf_begin_typed_image ( pdev , pgs , pmat , pic , prect , pdcolor , pcpath , mem , pinfo , PDF_IMAGE_TYPE3_MASK ) ;"	2021:4:84826:84952	2732177	4	True				
ANR	2732194	CallExpression	"pdf_begin_typed_image ( pdev , pgs , pmat , pic , prect , pdcolor , pcpath , mem , pinfo , PDF_IMAGE_TYPE3_MASK )"		2732177	0					
ANR	2732195	Callee	pdf_begin_typed_image		2732177	0					
ANR	2732196	Identifier	pdf_begin_typed_image		2732177	0					
ANR	2732197	ArgumentList	pdev		2732177	1					
ANR	2732198	Argument	pdev		2732177	0					
ANR	2732199	Identifier	pdev		2732177	0					
ANR	2732200	Argument	pgs		2732177	1					
ANR	2732201	Identifier	pgs		2732177	0					
ANR	2732202	Argument	pmat		2732177	2					
ANR	2732203	Identifier	pmat		2732177	0					
ANR	2732204	Argument	pic		2732177	3					
ANR	2732205	Identifier	pic		2732177	0					
ANR	2732206	Argument	prect		2732177	4					
ANR	2732207	Identifier	prect		2732177	0					
ANR	2732208	Argument	pdcolor		2732177	5					
ANR	2732209	Identifier	pdcolor		2732177	0					
ANR	2732210	Argument	pcpath		2732177	6					
ANR	2732211	Identifier	pcpath		2732177	0					
ANR	2732212	Argument	mem		2732177	7					
ANR	2732213	Identifier	mem		2732177	0					
ANR	2732214	Argument	pinfo		2732177	8					
ANR	2732215	Identifier	pinfo		2732177	0					
ANR	2732216	Argument	PDF_IMAGE_TYPE3_MASK		2732177	9					
ANR	2732217	Identifier	PDF_IMAGE_TYPE3_MASK		2732177	0					
ANR	2732218	ReturnType	static int		2732177	1					
ANR	2732219	Identifier	pdf_mid_begin_typed_image		2732177	2					
ANR	2732220	ParameterList	"gx_device * dev , const gs_gstate * pgs , const gs_matrix * pmat , const gs_image_common_t * pic , const gs_int_rect * prect , const gx_drawing_color * pdcolor , const gx_clip_path * pcpath , gs_memory_t * mem , gx_image_enum_common_t * * pinfo"		2732177	3					
ANR	2732221	Parameter	gx_device * dev	2011:26:84300:84314	2732177	0	True				
ANR	2732222	ParameterType	gx_device *		2732177	0					
ANR	2732223	Identifier	dev		2732177	1					
ANR	2732224	Parameter	const gs_gstate * pgs	2011:43:84317:84337	2732177	1	True				
ANR	2732225	ParameterType	const gs_gstate *		2732177	0					
ANR	2732226	Identifier	pgs		2732177	1					
ANR	2732227	Parameter	const gs_matrix * pmat	2012:26:84366:84386	2732177	2	True				
ANR	2732228	ParameterType	const gs_matrix *		2732177	0					
ANR	2732229	Identifier	pmat		2732177	1					
ANR	2732230	Parameter	const gs_image_common_t * pic	2012:49:84389:84416	2732177	3	True				
ANR	2732231	ParameterType	const gs_image_common_t *		2732177	0					
ANR	2732232	Identifier	pic		2732177	1					
ANR	2732233	Parameter	const gs_int_rect * prect	2013:26:84445:84469	2732177	4	True				
ANR	2732234	ParameterType	const gs_int_rect *		2732177	0					
ANR	2732235	Identifier	prect		2732177	1					
ANR	2732236	Parameter	const gx_drawing_color * pdcolor	2014:26:84498:84529	2732177	5	True				
ANR	2732237	ParameterType	const gx_drawing_color *		2732177	0					
ANR	2732238	Identifier	pdcolor		2732177	1					
ANR	2732239	Parameter	const gx_clip_path * pcpath	2015:26:84558:84584	2732177	6	True				
ANR	2732240	ParameterType	const gx_clip_path *		2732177	0					
ANR	2732241	Identifier	pcpath		2732177	1					
ANR	2732242	Parameter	gs_memory_t * mem	2015:55:84587:84603	2732177	7	True				
ANR	2732243	ParameterType	gs_memory_t *		2732177	0					
ANR	2732244	Identifier	mem		2732177	1					
ANR	2732245	Parameter	gx_image_enum_common_t * * pinfo	2016:26:84632:84662	2732177	8	True				
ANR	2732246	ParameterType	gx_image_enum_common_t * *		2732177	0					
ANR	2732247	Identifier	pinfo		2732177	1					
ANR	2732248	CFGEntryNode	ENTRY		2732177		True				
ANR	2732249	CFGExitNode	EXIT		2732177		True				
ANR	2732250	Symbol	* dev		2732177						
ANR	2732251	Symbol	pmat		2732177						
ANR	2732252	Symbol	pinfo		2732177						
ANR	2732253	Symbol	( ( gx_device_null * ) dev ) -> target		2732177						
ANR	2732254	Symbol	pdcolor		2732177						
ANR	2732255	Symbol	pic		2732177						
ANR	2732256	Symbol	prect		2732177						
ANR	2732257	Symbol	pdev		2732177						
ANR	2732258	Symbol	dev		2732177						
ANR	2732259	Symbol	mem		2732177						
ANR	2732260	Symbol	PDF_IMAGE_TYPE3_MASK		2732177						
ANR	2732261	Symbol	pdf_begin_typed_image		2732177						
ANR	2732262	Symbol	pgs		2732177						
ANR	2732263	Symbol	pcpath		2732177						
ANR	2732264	Function	pdf_image3_make_mcde	2027:0:84995:86722							
ANR	2732265	FunctionDef	"pdf_image3_make_mcde (gx_device * dev , const gs_gstate * pgs , const gs_matrix * pmat , const gs_image_common_t * pic , const gs_int_rect * prect , const gx_drawing_color * pdcolor , const gx_clip_path * pcpath , gs_memory_t * mem , gx_image_enum_common_t * * pinfo , gx_device * * pmcdev , gx_device * midev , gx_image_enum_common_t * pminfo , const gs_int_point * origin)"		2732264	0					
ANR	2732266	CompoundStatement		2036:0:85500:86722	2732264	0					
ANR	2732267	IdentifierDeclStatement	int code ;	2037:4:85506:85514	2732264	0	True				
ANR	2732268	IdentifierDecl	code		2732264	0					
ANR	2732269	IdentifierDeclType	int		2732264	0					
ANR	2732270	Identifier	code		2732264	1					
ANR	2732271	IdentifierDeclStatement	gx_device_pdf * pdev = ( gx_device_pdf * ) dev ;	2038:4:85520:85562	2732264	1	True				
ANR	2732272	IdentifierDecl	* pdev = ( gx_device_pdf * ) dev		2732264	0					
ANR	2732273	IdentifierDeclType	gx_device_pdf *		2732264	0					
ANR	2732274	Identifier	pdev		2732264	1					
ANR	2732275	AssignmentExpression	* pdev = ( gx_device_pdf * ) dev		2732264	2		=			
ANR	2732276	Identifier	pdev		2732264	0					
ANR	2732277	CastExpression	( gx_device_pdf * ) dev		2732264	1					
ANR	2732278	CastTarget	gx_device_pdf *		2732264	0					
ANR	2732279	Identifier	dev		2732264	1					
ANR	2732280	IfStatement	if ( pdev -> CompatibilityLevel < 1.3 && ! pdev -> PatternImagemask )		2732264	2					
ANR	2732281	Condition	pdev -> CompatibilityLevel < 1.3 && ! pdev -> PatternImagemask	2040:8:85573:85629	2732264	0	True				
ANR	2732282	AndExpression	pdev -> CompatibilityLevel < 1.3 && ! pdev -> PatternImagemask		2732264	0		&&			
ANR	2732283	RelationalExpression	pdev -> CompatibilityLevel < 1.3		2732264	0		<			
ANR	2732284	PtrMemberAccess	pdev -> CompatibilityLevel		2732264	0					
ANR	2732285	Identifier	pdev		2732264	0					
ANR	2732286	Identifier	CompatibilityLevel		2732264	1					
ANR	2732287	PrimaryExpression	1.3		2732264	1					
ANR	2732288	UnaryOperationExpression	! pdev -> PatternImagemask		2732264	1					
ANR	2732289	UnaryOperator	!		2732264	0					
ANR	2732290	PtrMemberAccess	pdev -> PatternImagemask		2732264	1					
ANR	2732291	Identifier	pdev		2732264	0					
ANR	2732292	Identifier	PatternImagemask		2732264	1					
ANR	2732293	CompoundStatement		7:8:217:284	2732264	1					
ANR	2732294	IdentifierDeclStatement	pdf_lcvd_t * cvd = ( pdf_lcvd_t * ) ( ( gx_device_memory * ) midev ) -> target ;	2042:8:85718:85785	2732264	0	True				
ANR	2732295	IdentifierDecl	* cvd = ( pdf_lcvd_t * ) ( ( gx_device_memory * ) midev ) -> target		2732264	0					
ANR	2732296	IdentifierDeclType	pdf_lcvd_t *		2732264	0					
ANR	2732297	Identifier	cvd		2732264	1					
ANR	2732298	AssignmentExpression	* cvd = ( pdf_lcvd_t * ) ( ( gx_device_memory * ) midev ) -> target		2732264	2		=			
ANR	2732299	Identifier	cvd		2732264	0					
ANR	2732300	CastExpression	( pdf_lcvd_t * ) ( ( gx_device_memory * ) midev ) -> target		2732264	1					
ANR	2732301	CastTarget	pdf_lcvd_t *		2732264	0					
ANR	2732302	PtrMemberAccess	( ( gx_device_memory * ) midev ) -> target		2732264	1					
ANR	2732303	CastExpression	( gx_device_memory * ) midev		2732264	0					
ANR	2732304	CastTarget	gx_device_memory *		2732264	0					
ANR	2732305	Identifier	midev		2732264	1					
ANR	2732306	Identifier	target		2732264	1					
ANR	2732307	ExpressionStatement	( ( gx_device_memory * ) midev ) -> target = NULL	2044:8:85796:85838	2732264	1	True				
ANR	2732308	AssignmentExpression	( ( gx_device_memory * ) midev ) -> target = NULL		2732264	0		=			
ANR	2732309	PtrMemberAccess	( ( gx_device_memory * ) midev ) -> target		2732264	0					
ANR	2732310	CastExpression	( gx_device_memory * ) midev		2732264	0					
ANR	2732311	CastTarget	gx_device_memory *		2732264	0					
ANR	2732312	Identifier	midev		2732264	1					
ANR	2732313	Identifier	target		2732264	1					
ANR	2732314	Identifier	NULL		2732264	1					
ANR	2732315	ExpressionStatement	cvd -> m = pdev -> converting_image_matrix	2045:8:85848:85886	2732264	2	True				
ANR	2732316	AssignmentExpression	cvd -> m = pdev -> converting_image_matrix		2732264	0		=			
ANR	2732317	PtrMemberAccess	cvd -> m		2732264	0					
ANR	2732318	Identifier	cvd		2732264	0					
ANR	2732319	Identifier	m		2732264	1					
ANR	2732320	PtrMemberAccess	pdev -> converting_image_matrix		2732264	1					
ANR	2732321	Identifier	pdev		2732264	0					
ANR	2732322	Identifier	converting_image_matrix		2732264	1					
ANR	2732323	ExpressionStatement	cvd -> mdev . mapped_x = origin -> x	2046:8:85896:85926	2732264	3	True				
ANR	2732324	AssignmentExpression	cvd -> mdev . mapped_x = origin -> x		2732264	0		=			
ANR	2732325	MemberAccess	cvd -> mdev . mapped_x		2732264	0					
ANR	2732326	PtrMemberAccess	cvd -> mdev		2732264	0					
ANR	2732327	Identifier	cvd		2732264	0					
ANR	2732328	Identifier	mdev		2732264	1					
ANR	2732329	Identifier	mapped_x		2732264	1					
ANR	2732330	PtrMemberAccess	origin -> x		2732264	1					
ANR	2732331	Identifier	origin		2732264	0					
ANR	2732332	Identifier	x		2732264	1					
ANR	2732333	ExpressionStatement	cvd -> mdev . mapped_y = origin -> y	2047:8:85936:85966	2732264	4	True				
ANR	2732334	AssignmentExpression	cvd -> mdev . mapped_y = origin -> y		2732264	0		=			
ANR	2732335	MemberAccess	cvd -> mdev . mapped_y		2732264	0					
ANR	2732336	PtrMemberAccess	cvd -> mdev		2732264	0					
ANR	2732337	Identifier	cvd		2732264	0					
ANR	2732338	Identifier	mdev		2732264	1					
ANR	2732339	Identifier	mapped_y		2732264	1					
ANR	2732340	PtrMemberAccess	origin -> y		2732264	1					
ANR	2732341	Identifier	origin		2732264	0					
ANR	2732342	Identifier	y		2732264	1					
ANR	2732343	ExpressionStatement	* pmcdev = ( gx_device * ) & cvd -> mdev	2048:8:85976:86009	2732264	5	True				
ANR	2732344	AssignmentExpression	* pmcdev = ( gx_device * ) & cvd -> mdev		2732264	0		=			
ANR	2732345	UnaryOperationExpression	* pmcdev		2732264	0					
ANR	2732346	UnaryOperator	*		2732264	0					
ANR	2732347	Identifier	pmcdev		2732264	1					
ANR	2732348	CastExpression	( gx_device * ) & cvd -> mdev		2732264	1					
ANR	2732349	CastTarget	gx_device *		2732264	0					
ANR	2732350	UnaryOperationExpression	& cvd -> mdev		2732264	1					
ANR	2732351	UnaryOperator	&		2732264	0					
ANR	2732352	PtrMemberAccess	cvd -> mdev		2732264	1					
ANR	2732353	Identifier	cvd		2732264	0					
ANR	2732354	Identifier	mdev		2732264	1					
ANR	2732355	ExpressionStatement	"code = gx_default_begin_typed_image ( ( gx_device * ) & cvd -> mdev , pgs , pmat , pic , prect , pdcolor , NULL , mem , pinfo )"	2049:8:86019:86154	2732264	6	True				
ANR	2732356	AssignmentExpression	"code = gx_default_begin_typed_image ( ( gx_device * ) & cvd -> mdev , pgs , pmat , pic , prect , pdcolor , NULL , mem , pinfo )"		2732264	0		=			
ANR	2732357	Identifier	code		2732264	0					
ANR	2732358	CallExpression	"gx_default_begin_typed_image ( ( gx_device * ) & cvd -> mdev , pgs , pmat , pic , prect , pdcolor , NULL , mem , pinfo )"		2732264	1					
ANR	2732359	Callee	gx_default_begin_typed_image		2732264	0					
ANR	2732360	Identifier	gx_default_begin_typed_image		2732264	0					
ANR	2732361	ArgumentList	( gx_device * ) & cvd -> mdev		2732264	1					
ANR	2732362	Argument	( gx_device * ) & cvd -> mdev		2732264	0					
ANR	2732363	CastExpression	( gx_device * ) & cvd -> mdev		2732264	0					
ANR	2732364	CastTarget	gx_device *		2732264	0					
ANR	2732365	UnaryOperationExpression	& cvd -> mdev		2732264	1					
ANR	2732366	UnaryOperator	&		2732264	0					
ANR	2732367	PtrMemberAccess	cvd -> mdev		2732264	1					
ANR	2732368	Identifier	cvd		2732264	0					
ANR	2732369	Identifier	mdev		2732264	1					
ANR	2732370	Argument	pgs		2732264	1					
ANR	2732371	Identifier	pgs		2732264	0					
ANR	2732372	Argument	pmat		2732264	2					
ANR	2732373	Identifier	pmat		2732264	0					
ANR	2732374	Argument	pic		2732264	3					
ANR	2732375	Identifier	pic		2732264	0					
ANR	2732376	Argument	prect		2732264	4					
ANR	2732377	Identifier	prect		2732264	0					
ANR	2732378	Argument	pdcolor		2732264	5					
ANR	2732379	Identifier	pdcolor		2732264	0					
ANR	2732380	Argument	NULL		2732264	6					
ANR	2732381	Identifier	NULL		2732264	0					
ANR	2732382	Argument	mem		2732264	7					
ANR	2732383	Identifier	mem		2732264	0					
ANR	2732384	Argument	pinfo		2732264	8					
ANR	2732385	Identifier	pinfo		2732264	0					
ANR	2732386	IfStatement	if ( code < 0 )		2732264	7					
ANR	2732387	Condition	code < 0	2052:12:86168:86175	2732264	0	True				
ANR	2732388	RelationalExpression	code < 0		2732264	0		<			
ANR	2732389	Identifier	code		2732264	0					
ANR	2732390	PrimaryExpression	0		2732264	1					
ANR	2732391	ReturnStatement	return code ;	2053:12:86190:86201	2732264	1	True				
ANR	2732392	Identifier	code		2732264	0					
ANR	2732393	ElseStatement	else		2732264	0					
ANR	2732394	CompoundStatement		19:11:713:713	2732264	0					
ANR	2732395	ExpressionStatement	"code = pdf_make_mxd ( pmcdev , midev , mem )"	2055:8:86224:86263	2732264	0	True				
ANR	2732396	AssignmentExpression	"code = pdf_make_mxd ( pmcdev , midev , mem )"		2732264	0		=			
ANR	2732397	Identifier	code		2732264	0					
ANR	2732398	CallExpression	"pdf_make_mxd ( pmcdev , midev , mem )"		2732264	1					
ANR	2732399	Callee	pdf_make_mxd		2732264	0					
ANR	2732400	Identifier	pdf_make_mxd		2732264	0					
ANR	2732401	ArgumentList	pmcdev		2732264	1					
ANR	2732402	Argument	pmcdev		2732264	0					
ANR	2732403	Identifier	pmcdev		2732264	0					
ANR	2732404	Argument	midev		2732264	1					
ANR	2732405	Identifier	midev		2732264	0					
ANR	2732406	Argument	mem		2732264	2					
ANR	2732407	Identifier	mem		2732264	0					
ANR	2732408	IfStatement	if ( code < 0 )		2732264	1					
ANR	2732409	Condition	code < 0	2056:12:86277:86284	2732264	0	True				
ANR	2732410	RelationalExpression	code < 0		2732264	0		<			
ANR	2732411	Identifier	code		2732264	0					
ANR	2732412	PrimaryExpression	0		2732264	1					
ANR	2732413	ReturnStatement	return code ;	2057:12:86299:86310	2732264	1	True				
ANR	2732414	Identifier	code		2732264	0					
ANR	2732415	ExpressionStatement	"code = pdf_begin_typed_image ( ( gx_device_pdf * ) dev , pgs , pmat , pic , prect , pdcolor , pcpath , mem , pinfo , PDF_IMAGE_TYPE3_DATA )"	2058:8:86320:86469	2732264	2	True				
ANR	2732416	AssignmentExpression	"code = pdf_begin_typed_image ( ( gx_device_pdf * ) dev , pgs , pmat , pic , prect , pdcolor , pcpath , mem , pinfo , PDF_IMAGE_TYPE3_DATA )"		2732264	0		=			
ANR	2732417	Identifier	code		2732264	0					
ANR	2732418	CallExpression	"pdf_begin_typed_image ( ( gx_device_pdf * ) dev , pgs , pmat , pic , prect , pdcolor , pcpath , mem , pinfo , PDF_IMAGE_TYPE3_DATA )"		2732264	1					
ANR	2732419	Callee	pdf_begin_typed_image		2732264	0					
ANR	2732420	Identifier	pdf_begin_typed_image		2732264	0					
ANR	2732421	ArgumentList	( gx_device_pdf * ) dev		2732264	1					
ANR	2732422	Argument	( gx_device_pdf * ) dev		2732264	0					
ANR	2732423	CastExpression	( gx_device_pdf * ) dev		2732264	0					
ANR	2732424	CastTarget	gx_device_pdf *		2732264	0					
ANR	2732425	Identifier	dev		2732264	1					
ANR	2732426	Argument	pgs		2732264	1					
ANR	2732427	Identifier	pgs		2732264	0					
ANR	2732428	Argument	pmat		2732264	2					
ANR	2732429	Identifier	pmat		2732264	0					
ANR	2732430	Argument	pic		2732264	3					
ANR	2732431	Identifier	pic		2732264	0					
ANR	2732432	Argument	prect		2732264	4					
ANR	2732433	Identifier	prect		2732264	0					
ANR	2732434	Argument	pdcolor		2732264	5					
ANR	2732435	Identifier	pdcolor		2732264	0					
ANR	2732436	Argument	pcpath		2732264	6					
ANR	2732437	Identifier	pcpath		2732264	0					
ANR	2732438	Argument	mem		2732264	7					
ANR	2732439	Identifier	mem		2732264	0					
ANR	2732440	Argument	pinfo		2732264	8					
ANR	2732441	Identifier	pinfo		2732264	0					
ANR	2732442	Argument	PDF_IMAGE_TYPE3_DATA		2732264	9					
ANR	2732443	Identifier	PDF_IMAGE_TYPE3_DATA		2732264	0					
ANR	2732444	IfStatement	if ( code < 0 )		2732264	3					
ANR	2732445	Condition	code < 0	2061:12:86483:86490	2732264	0	True				
ANR	2732446	RelationalExpression	code < 0		2732264	0		<			
ANR	2732447	Identifier	code		2732264	0					
ANR	2732448	PrimaryExpression	0		2732264	1					
ANR	2732449	ReturnStatement	return code ;	2062:12:86505:86516	2732264	1	True				
ANR	2732450	Identifier	code		2732264	0					
ANR	2732451	ReturnStatement	return 0 ;	2067:4:86712:86720	2732264	3	True				
ANR	2732452	PrimaryExpression	0		2732264	0					
ANR	2732453	ReturnType	static int		2732264	1					
ANR	2732454	Identifier	pdf_image3_make_mcde		2732264	2					
ANR	2732455	ParameterList	"gx_device * dev , const gs_gstate * pgs , const gs_matrix * pmat , const gs_image_common_t * pic , const gs_int_rect * prect , const gx_drawing_color * pdcolor , const gx_clip_path * pcpath , gs_memory_t * mem , gx_image_enum_common_t * * pinfo , gx_device * * pmcdev , gx_device * midev , gx_image_enum_common_t * pminfo , const gs_int_point * origin"		2732264	3					
ANR	2732456	Parameter	gx_device * dev	2028:21:85027:85040	2732264	0	True				
ANR	2732457	ParameterType	gx_device *		2732264	0					
ANR	2732458	Identifier	dev		2732264	1					
ANR	2732459	Parameter	const gs_gstate * pgs	2028:37:85043:85062	2732264	1	True				
ANR	2732460	ParameterType	const gs_gstate *		2732264	0					
ANR	2732461	Identifier	pgs		2732264	1					
ANR	2732462	Parameter	const gs_matrix * pmat	2029:21:85086:85106	2732264	2	True				
ANR	2732463	ParameterType	const gs_matrix *		2732264	0					
ANR	2732464	Identifier	pmat		2732264	1					
ANR	2732465	Parameter	const gs_image_common_t * pic	2029:44:85109:85136	2732264	3	True				
ANR	2732466	ParameterType	const gs_image_common_t *		2732264	0					
ANR	2732467	Identifier	pic		2732264	1					
ANR	2732468	Parameter	const gs_int_rect * prect	2030:21:85160:85183	2732264	4	True				
ANR	2732469	ParameterType	const gs_int_rect *		2732264	0					
ANR	2732470	Identifier	prect		2732264	1					
ANR	2732471	Parameter	const gx_drawing_color * pdcolor	2030:47:85186:85216	2732264	5	True				
ANR	2732472	ParameterType	const gx_drawing_color *		2732264	0					
ANR	2732473	Identifier	pdcolor		2732264	1					
ANR	2732474	Parameter	const gx_clip_path * pcpath	2031:21:85240:85265	2732264	6	True				
ANR	2732475	ParameterType	const gx_clip_path *		2732264	0					
ANR	2732476	Identifier	pcpath		2732264	1					
ANR	2732477	Parameter	gs_memory_t * mem	2031:49:85268:85283	2732264	7	True				
ANR	2732478	ParameterType	gs_memory_t *		2732264	0					
ANR	2732479	Identifier	mem		2732264	1					
ANR	2732480	Parameter	gx_image_enum_common_t * * pinfo	2032:21:85307:85336	2732264	8	True				
ANR	2732481	ParameterType	gx_image_enum_common_t * *		2732264	0					
ANR	2732482	Identifier	pinfo		2732264	1					
ANR	2732483	Parameter	gx_device * * pmcdev	2033:21:85360:85377	2732264	9	True				
ANR	2732484	ParameterType	gx_device * *		2732264	0					
ANR	2732485	Identifier	pmcdev		2732264	1					
ANR	2732486	Parameter	gx_device * midev	2033:41:85380:85395	2732264	10	True				
ANR	2732487	ParameterType	gx_device *		2732264	0					
ANR	2732488	Identifier	midev		2732264	1					
ANR	2732489	Parameter	gx_image_enum_common_t * pminfo	2034:21:85419:85448	2732264	11	True				
ANR	2732490	ParameterType	gx_image_enum_common_t *		2732264	0					
ANR	2732491	Identifier	pminfo		2732264	1					
ANR	2732492	Parameter	const gs_int_point * origin	2035:21:85472:85497	2732264	12	True				
ANR	2732493	ParameterType	const gs_int_point *		2732264	0					
ANR	2732494	Identifier	origin		2732264	1					
ANR	2732495	CFGEntryNode	ENTRY		2732264		True				
ANR	2732496	CFGExitNode	EXIT		2732264		True				
ANR	2732497	Symbol	origin -> y		2732264						
ANR	2732498	Symbol	& cvd -> mdev		2732264						
ANR	2732499	Symbol	pmcdev		2732264						
ANR	2732500	Symbol	pdev -> PatternImagemask		2732264						
ANR	2732501	Symbol	code		2732264						
ANR	2732502	Symbol	* pmcdev		2732264						
ANR	2732503	Symbol	pmat		2732264						
ANR	2732504	Symbol	* cvd		2732264						
ANR	2732505	Symbol	gx_default_begin_typed_image		2732264						
ANR	2732506	Symbol	pinfo		2732264						
ANR	2732507	Symbol	* origin		2732264						
ANR	2732508	Symbol	origin		2732264						
ANR	2732509	Symbol	origin -> x		2732264						
ANR	2732510	Symbol	midev		2732264						
ANR	2732511	Symbol	pic		2732264						
ANR	2732512	Symbol	prect		2732264						
ANR	2732513	Symbol	cvd		2732264						
ANR	2732514	Symbol	pdf_make_mxd		2732264						
ANR	2732515	Symbol	pdev		2732264						
ANR	2732516	Symbol	* midev		2732264						
ANR	2732517	Symbol	dev		2732264						
ANR	2732518	Symbol	mem		2732264						
ANR	2732519	Symbol	pgs		2732264						
ANR	2732520	Symbol	cvd -> m		2732264						
ANR	2732521	Symbol	pcpath		2732264						
ANR	2732522	Symbol	( ( gx_device_memory * ) midev ) -> target		2732264						
ANR	2732523	Symbol	pdev -> CompatibilityLevel		2732264						
ANR	2732524	Symbol	NULL		2732264						
ANR	2732525	Symbol	pdcolor		2732264						
ANR	2732526	Symbol	pdev -> converting_image_matrix		2732264						
ANR	2732527	Symbol	cvd -> mdev		2732264						
ANR	2732528	Symbol	PDF_IMAGE_TYPE3_DATA		2732264						
ANR	2732529	Symbol	cvd -> mdev . mapped_x		2732264						
ANR	2732530	Symbol	* pdev		2732264						
ANR	2732531	Symbol	cvd -> mdev . mapped_y		2732264						
ANR	2732532	Symbol	pdf_begin_typed_image		2732264						
ANR	2732533	Symbol	pminfo		2732264						
ANR	2732534	Function	pdf_image3x_make_mid	2073:0:86820:87137							
ANR	2732535	FunctionDef	"pdf_image3x_make_mid (gx_device * * pmidev , gx_device * dev , int width , int height , int depth , gs_memory_t * mem)"		2732534	0					
ANR	2732536	CompoundStatement		2076:0:86961:87137	2732534	0					
ANR	2732537	IdentifierDeclStatement	"int code = pdf_make_mxd ( pmidev , dev , mem ) ;"	2077:4:86967:87008	2732534	0	True				
ANR	2732538	IdentifierDecl	"code = pdf_make_mxd ( pmidev , dev , mem )"		2732534	0					
ANR	2732539	IdentifierDeclType	int		2732534	0					
ANR	2732540	Identifier	code		2732534	1					
ANR	2732541	AssignmentExpression	"code = pdf_make_mxd ( pmidev , dev , mem )"		2732534	2		=			
ANR	2732542	Identifier	code		2732534	0					
ANR	2732543	CallExpression	"pdf_make_mxd ( pmidev , dev , mem )"		2732534	1					
ANR	2732544	Callee	pdf_make_mxd		2732534	0					
ANR	2732545	Identifier	pdf_make_mxd		2732534	0					
ANR	2732546	ArgumentList	pmidev		2732534	1					
ANR	2732547	Argument	pmidev		2732534	0					
ANR	2732548	Identifier	pmidev		2732534	0					
ANR	2732549	Argument	dev		2732534	1					
ANR	2732550	Identifier	dev		2732534	0					
ANR	2732551	Argument	mem		2732534	2					
ANR	2732552	Identifier	mem		2732534	0					
ANR	2732553	IfStatement	if ( code < 0 )		2732534	1					
ANR	2732554	Condition	code < 0	2079:8:87019:87026	2732534	0	True				
ANR	2732555	RelationalExpression	code < 0		2732534	0		<			
ANR	2732556	Identifier	code		2732534	0					
ANR	2732557	PrimaryExpression	0		2732534	1					
ANR	2732558	ReturnStatement	return code ;	2080:8:87037:87048	2732534	1	True				
ANR	2732559	Identifier	code		2732534	0					
ANR	2732560	ExpressionStatement	"set_dev_proc ( * pmidev , begin_typed_image , pdf_mid_begin_typed_image )"	2081:4:87054:87121	2732534	2	True				
ANR	2732561	CallExpression	"set_dev_proc ( * pmidev , begin_typed_image , pdf_mid_begin_typed_image )"		2732534	0					
ANR	2732562	Callee	set_dev_proc		2732534	0					
ANR	2732563	Identifier	set_dev_proc		2732534	0					
ANR	2732564	ArgumentList	* pmidev		2732534	1					
ANR	2732565	Argument	* pmidev		2732534	0					
ANR	2732566	UnaryOperationExpression	* pmidev		2732534	0					
ANR	2732567	UnaryOperator	*		2732534	0					
ANR	2732568	Identifier	pmidev		2732534	1					
ANR	2732569	Argument	begin_typed_image		2732534	1					
ANR	2732570	Identifier	begin_typed_image		2732534	0					
ANR	2732571	Argument	pdf_mid_begin_typed_image		2732534	2					
ANR	2732572	Identifier	pdf_mid_begin_typed_image		2732534	0					
ANR	2732573	ReturnStatement	return 0 ;	2082:4:87127:87135	2732534	3	True				
ANR	2732574	PrimaryExpression	0		2732534	0					
ANR	2732575	ReturnType	static int		2732534	1					
ANR	2732576	Identifier	pdf_image3x_make_mid		2732534	2					
ANR	2732577	ParameterList	"gx_device * * pmidev , gx_device * dev , int width , int height , int depth , gs_memory_t * mem"		2732534	3					
ANR	2732578	Parameter	gx_device * * pmidev	2074:21:86852:86869	2732534	0	True				
ANR	2732579	ParameterType	gx_device * *		2732534	0					
ANR	2732580	Identifier	pmidev		2732534	1					
ANR	2732581	Parameter	gx_device * dev	2074:41:86872:86885	2732534	1	True				
ANR	2732582	ParameterType	gx_device *		2732534	0					
ANR	2732583	Identifier	dev		2732534	1					
ANR	2732584	Parameter	int width	2074:57:86888:86896	2732534	2	True				
ANR	2732585	ParameterType	int		2732534	0					
ANR	2732586	Identifier	width		2732534	1					
ANR	2732587	Parameter	int height	2074:68:86899:86908	2732534	3	True				
ANR	2732588	ParameterType	int		2732534	0					
ANR	2732589	Identifier	height		2732534	1					
ANR	2732590	Parameter	int depth	2075:21:86932:86940	2732534	4	True				
ANR	2732591	ParameterType	int		2732534	0					
ANR	2732592	Identifier	depth		2732534	1					
ANR	2732593	Parameter	gs_memory_t * mem	2075:32:86943:86958	2732534	5	True				
ANR	2732594	ParameterType	gs_memory_t *		2732534	0					
ANR	2732595	Identifier	mem		2732534	1					
ANR	2732596	CFGEntryNode	ENTRY		2732534		True				
ANR	2732597	CFGExitNode	EXIT		2732534		True				
ANR	2732598	Symbol	pdf_make_mxd		2732534						
ANR	2732599	Symbol	begin_typed_image		2732534						
ANR	2732600	Symbol	depth		2732534						
ANR	2732601	Symbol	code		2732534						
ANR	2732602	Symbol	dev		2732534						
ANR	2732603	Symbol	mem		2732534						
ANR	2732604	Symbol	* pmidev		2732534						
ANR	2732605	Symbol	width		2732534						
ANR	2732606	Symbol	pdf_mid_begin_typed_image		2732534						
ANR	2732607	Symbol	pmidev		2732534						
ANR	2732608	Symbol	height		2732534						
ANR	2732609	Function	pdf_image3x_make_mcde	2086:0:87178:90518							
ANR	2732610	FunctionDef	"pdf_image3x_make_mcde (gx_device * dev , const gs_gstate * pgs , const gs_matrix * pmat , const gs_image_common_t * pic , const gs_int_rect * prect , const gx_drawing_color * pdcolor , const gx_clip_path * pcpath , gs_memory_t * mem , gx_image_enum_common_t * * pinfo , gx_device * * pmcdev , gx_device * midev [ 2 ] , gx_image_enum_common_t * pminfo [ 2 ] , const gs_int_point origin [ 2 ] , const gs_image3x_t * pim)"		2732609	0					
ANR	2732611	CompoundStatement		2097:0:87768:90518	2732609	0					
ANR	2732612	IdentifierDeclStatement	int code ;	2098:4:87774:87782	2732609	0	True				
ANR	2732613	IdentifierDecl	code		2732609	0					
ANR	2732614	IdentifierDeclType	int		2732609	0					
ANR	2732615	Identifier	code		2732609	1					
ANR	2732616	IdentifierDeclStatement	pdf_image_enum * pmie ;	2099:4:87788:87808	2732609	1	True				
ANR	2732617	IdentifierDecl	* pmie		2732609	0					
ANR	2732618	IdentifierDeclType	pdf_image_enum *		2732609	0					
ANR	2732619	Identifier	pmie		2732609	1					
ANR	2732620	IdentifierDeclStatement	int i ;	2100:4:87814:87819	2732609	2	True				
ANR	2732621	IdentifierDecl	i		2732609	0					
ANR	2732622	IdentifierDeclType	int		2732609	0					
ANR	2732623	Identifier	i		2732609	1					
ANR	2732624	IdentifierDeclStatement	const gs_image3x_mask_t * pixm ;	2101:4:87825:87854	2732609	3	True				
ANR	2732625	IdentifierDecl	* pixm		2732609	0					
ANR	2732626	IdentifierDeclType	const gs_image3x_mask_t *		2732609	0					
ANR	2732627	Identifier	pixm		2732609	1					
ANR	2732628	IfStatement	if ( midev [ 0 ] )		2732609	4					
ANR	2732629	Condition	midev [ 0 ]	2103:8:87865:87872	2732609	0	True				
ANR	2732630	ArrayIndexing	midev [ 0 ]		2732609	0					
ANR	2732631	Identifier	midev		2732609	0					
ANR	2732632	PrimaryExpression	0		2732609	1					
ANR	2732633	CompoundStatement		7:18:106:106	2732609	1					
ANR	2732634	IfStatement	if ( midev [ 1 ] )		2732609	0					
ANR	2732635	Condition	midev [ 1 ]	2104:12:87889:87896	2732609	0	True				
ANR	2732636	ArrayIndexing	midev [ 1 ]		2732609	0					
ANR	2732637	Identifier	midev		2732609	0					
ANR	2732638	PrimaryExpression	1		2732609	1					
ANR	2732639	ExpressionStatement	return_error ( gs_error_rangecheck )	2105:12:87911:87944	2732609	1	True				
ANR	2732640	CallExpression	return_error ( gs_error_rangecheck )		2732609	0					
ANR	2732641	Callee	return_error		2732609	0					
ANR	2732642	Identifier	return_error		2732609	0					
ANR	2732643	ArgumentList	gs_error_rangecheck		2732609	1					
ANR	2732644	Argument	gs_error_rangecheck		2732609	0					
ANR	2732645	Identifier	gs_error_rangecheck		2732609	0					
ANR	2732646	ExpressionStatement	"i = 0 , pixm = & pim -> Opacity"	2106:8:87954:87981	2732609	1	True				
ANR	2732647	Expression	"i = 0 , pixm = & pim -> Opacity"		2732609	0					
ANR	2732648	AssignmentExpression	i = 0		2732609	0		=			
ANR	2732649	Identifier	i		2732609	0					
ANR	2732650	PrimaryExpression	0		2732609	1					
ANR	2732651	AssignmentExpression	pixm = & pim -> Opacity		2732609	1		=			
ANR	2732652	Identifier	pixm		2732609	0					
ANR	2732653	UnaryOperationExpression	& pim -> Opacity		2732609	1					
ANR	2732654	UnaryOperator	&		2732609	0					
ANR	2732655	PtrMemberAccess	pim -> Opacity		2732609	1					
ANR	2732656	Identifier	pim		2732609	0					
ANR	2732657	Identifier	Opacity		2732609	1					
ANR	2732658	ElseStatement	else		2732609	0					
ANR	2732659	IfStatement	if ( midev [ 1 ] )		2732609	0					
ANR	2732660	Condition	midev [ 1 ]	2107:15:87998:88005	2732609	0	True				
ANR	2732661	ArrayIndexing	midev [ 1 ]		2732609	0					
ANR	2732662	Identifier	midev		2732609	0					
ANR	2732663	PrimaryExpression	1		2732609	1					
ANR	2732664	ExpressionStatement	"i = 1 , pixm = & pim -> Shape"	2108:8:88016:88041	2732609	1	True				
ANR	2732665	Expression	"i = 1 , pixm = & pim -> Shape"		2732609	0					
ANR	2732666	AssignmentExpression	i = 1		2732609	0		=			
ANR	2732667	Identifier	i		2732609	0					
ANR	2732668	PrimaryExpression	1		2732609	1					
ANR	2732669	AssignmentExpression	pixm = & pim -> Shape		2732609	1		=			
ANR	2732670	Identifier	pixm		2732609	0					
ANR	2732671	UnaryOperationExpression	& pim -> Shape		2732609	1					
ANR	2732672	UnaryOperator	&		2732609	0					
ANR	2732673	PtrMemberAccess	pim -> Shape		2732609	1					
ANR	2732674	Identifier	pim		2732609	0					
ANR	2732675	Identifier	Shape		2732609	1					
ANR	2732676	ElseStatement	else		2732609	0					
ANR	2732677	ExpressionStatement	return_error ( gs_error_rangecheck )	2110:8:88060:88093	2732609	0	True				
ANR	2732678	CallExpression	return_error ( gs_error_rangecheck )		2732609	0					
ANR	2732679	Callee	return_error		2732609	0					
ANR	2732680	Identifier	return_error		2732609	0					
ANR	2732681	ArgumentList	gs_error_rangecheck		2732609	1					
ANR	2732682	Argument	gs_error_rangecheck		2732609	0					
ANR	2732683	Identifier	gs_error_rangecheck		2732609	0					
ANR	2732684	ExpressionStatement	"code = pdf_make_mxd ( pmcdev , midev [ i ] , mem )"	2111:4:88099:88141	2732609	5	True				
ANR	2732685	AssignmentExpression	"code = pdf_make_mxd ( pmcdev , midev [ i ] , mem )"		2732609	0		=			
ANR	2732686	Identifier	code		2732609	0					
ANR	2732687	CallExpression	"pdf_make_mxd ( pmcdev , midev [ i ] , mem )"		2732609	1					
ANR	2732688	Callee	pdf_make_mxd		2732609	0					
ANR	2732689	Identifier	pdf_make_mxd		2732609	0					
ANR	2732690	ArgumentList	pmcdev		2732609	1					
ANR	2732691	Argument	pmcdev		2732609	0					
ANR	2732692	Identifier	pmcdev		2732609	0					
ANR	2732693	Argument	midev [ i ]		2732609	1					
ANR	2732694	ArrayIndexing	midev [ i ]		2732609	0					
ANR	2732695	Identifier	midev		2732609	0					
ANR	2732696	Identifier	i		2732609	1					
ANR	2732697	Argument	mem		2732609	2					
ANR	2732698	Identifier	mem		2732609	0					
ANR	2732699	IfStatement	if ( code < 0 )		2732609	6					
ANR	2732700	Condition	code < 0	2112:8:88151:88158	2732609	0	True				
ANR	2732701	RelationalExpression	code < 0		2732609	0		<			
ANR	2732702	Identifier	code		2732609	0					
ANR	2732703	PrimaryExpression	0		2732609	1					
ANR	2732704	ReturnStatement	return code ;	2113:8:88169:88180	2732609	1	True				
ANR	2732705	Identifier	code		2732609	0					
ANR	2732706	ExpressionStatement	"code = pdf_begin_typed_image ( ( gx_device_pdf * ) dev , pgs , pmat , pic , prect , pdcolor , pcpath , mem , pinfo , PDF_IMAGE_TYPE3_DATA )"	2114:4:88186:88328	2732609	7	True				
ANR	2732707	AssignmentExpression	"code = pdf_begin_typed_image ( ( gx_device_pdf * ) dev , pgs , pmat , pic , prect , pdcolor , pcpath , mem , pinfo , PDF_IMAGE_TYPE3_DATA )"		2732609	0		=			
ANR	2732708	Identifier	code		2732609	0					
ANR	2732709	CallExpression	"pdf_begin_typed_image ( ( gx_device_pdf * ) dev , pgs , pmat , pic , prect , pdcolor , pcpath , mem , pinfo , PDF_IMAGE_TYPE3_DATA )"		2732609	1					
ANR	2732710	Callee	pdf_begin_typed_image		2732609	0					
ANR	2732711	Identifier	pdf_begin_typed_image		2732609	0					
ANR	2732712	ArgumentList	( gx_device_pdf * ) dev		2732609	1					
ANR	2732713	Argument	( gx_device_pdf * ) dev		2732609	0					
ANR	2732714	CastExpression	( gx_device_pdf * ) dev		2732609	0					
ANR	2732715	CastTarget	gx_device_pdf *		2732609	0					
ANR	2732716	Identifier	dev		2732609	1					
ANR	2732717	Argument	pgs		2732609	1					
ANR	2732718	Identifier	pgs		2732609	0					
ANR	2732719	Argument	pmat		2732609	2					
ANR	2732720	Identifier	pmat		2732609	0					
ANR	2732721	Argument	pic		2732609	3					
ANR	2732722	Identifier	pic		2732609	0					
ANR	2732723	Argument	prect		2732609	4					
ANR	2732724	Identifier	prect		2732609	0					
ANR	2732725	Argument	pdcolor		2732609	5					
ANR	2732726	Identifier	pdcolor		2732609	0					
ANR	2732727	Argument	pcpath		2732609	6					
ANR	2732728	Identifier	pcpath		2732609	0					
ANR	2732729	Argument	mem		2732609	7					
ANR	2732730	Identifier	mem		2732609	0					
ANR	2732731	Argument	pinfo		2732609	8					
ANR	2732732	Identifier	pinfo		2732609	0					
ANR	2732733	Argument	PDF_IMAGE_TYPE3_DATA		2732609	9					
ANR	2732734	Identifier	PDF_IMAGE_TYPE3_DATA		2732609	0					
ANR	2732735	IfStatement	if ( code < 0 )		2732609	8					
ANR	2732736	Condition	code < 0	2117:8:88338:88345	2732609	0	True				
ANR	2732737	RelationalExpression	code < 0		2732609	0		<			
ANR	2732738	Identifier	code		2732609	0					
ANR	2732739	PrimaryExpression	0		2732609	1					
ANR	2732740	ReturnStatement	return code ;	2118:8:88356:88367	2732609	1	True				
ANR	2732741	Identifier	code		2732609	0					
ANR	2732742	IfStatement	if ( ( * pinfo ) -> procs != & pdf_image_enum_procs )		2732609	9					
ANR	2732743	Condition	( * pinfo ) -> procs != & pdf_image_enum_procs	2119:8:88377:88416	2732609	0	True				
ANR	2732744	EqualityExpression	( * pinfo ) -> procs != & pdf_image_enum_procs		2732609	0		!=			
ANR	2732745	PtrMemberAccess	( * pinfo ) -> procs		2732609	0					
ANR	2732746	UnaryOperationExpression	* pinfo		2732609	0					
ANR	2732747	UnaryOperator	*		2732609	0					
ANR	2732748	Identifier	pinfo		2732609	1					
ANR	2732749	Identifier	procs		2732609	1					
ANR	2732750	UnaryOperationExpression	& pdf_image_enum_procs		2732609	1					
ANR	2732751	UnaryOperator	&		2732609	0					
ANR	2732752	Identifier	pdf_image_enum_procs		2732609	1					
ANR	2732753	CompoundStatement		23:50:650:650	2732609	1					
ANR	2732754	ExpressionStatement	"gx_image_end ( * pinfo , false )"	2121:8:88484:88511	2732609	0	True				
ANR	2732755	CallExpression	"gx_image_end ( * pinfo , false )"		2732609	0					
ANR	2732756	Callee	gx_image_end		2732609	0					
ANR	2732757	Identifier	gx_image_end		2732609	0					
ANR	2732758	ArgumentList	* pinfo		2732609	1					
ANR	2732759	Argument	* pinfo		2732609	0					
ANR	2732760	UnaryOperationExpression	* pinfo		2732609	0					
ANR	2732761	UnaryOperator	*		2732609	0					
ANR	2732762	Identifier	pinfo		2732609	1					
ANR	2732763	Argument	false		2732609	1					
ANR	2732764	Identifier	false		2732609	0					
ANR	2732765	ExpressionStatement	"gs_free_object ( mem , * pmcdev , ""pdf_image3x_make_mcde"" )"	2122:8:88521:88574	2732609	1	True				
ANR	2732766	CallExpression	"gs_free_object ( mem , * pmcdev , ""pdf_image3x_make_mcde"" )"		2732609	0					
ANR	2732767	Callee	gs_free_object		2732609	0					
ANR	2732768	Identifier	gs_free_object		2732609	0					
ANR	2732769	ArgumentList	mem		2732609	1					
ANR	2732770	Argument	mem		2732609	0					
ANR	2732771	Identifier	mem		2732609	0					
ANR	2732772	Argument	* pmcdev		2732609	1					
ANR	2732773	UnaryOperationExpression	* pmcdev		2732609	0					
ANR	2732774	UnaryOperator	*		2732609	0					
ANR	2732775	Identifier	pmcdev		2732609	1					
ANR	2732776	Argument	"""pdf_image3x_make_mcde"""		2732609	2					
ANR	2732777	PrimaryExpression	"""pdf_image3x_make_mcde"""		2732609	0					
ANR	2732778	ExpressionStatement	return_error ( gs_error_rangecheck )	2123:8:88584:88617	2732609	2	True				
ANR	2732779	CallExpression	return_error ( gs_error_rangecheck )		2732609	0					
ANR	2732780	Callee	return_error		2732609	0					
ANR	2732781	Identifier	return_error		2732609	0					
ANR	2732782	ArgumentList	gs_error_rangecheck		2732609	1					
ANR	2732783	Argument	gs_error_rangecheck		2732609	0					
ANR	2732784	Identifier	gs_error_rangecheck		2732609	0					
ANR	2732785	ExpressionStatement	pmie = ( pdf_image_enum * ) pminfo [ i ]	2125:4:88629:88663	2732609	10	True				
ANR	2732786	AssignmentExpression	pmie = ( pdf_image_enum * ) pminfo [ i ]		2732609	0		=			
ANR	2732787	Identifier	pmie		2732609	0					
ANR	2732788	CastExpression	( pdf_image_enum * ) pminfo [ i ]		2732609	1					
ANR	2732789	CastTarget	pdf_image_enum *		2732609	0					
ANR	2732790	ArrayIndexing	pminfo [ i ]		2732609	1					
ANR	2732791	Identifier	pminfo		2732609	0					
ANR	2732792	Identifier	i		2732609	1					
ANR	2732793	IfStatement	if ( pixm -> has_Matte )		2732609	11					
ANR	2732794	Condition	pixm -> has_Matte	2130:8:88803:88817	2732609	0	True				
ANR	2732795	PtrMemberAccess	pixm -> has_Matte		2732609	0					
ANR	2732796	Identifier	pixm		2732609	0					
ANR	2732797	Identifier	has_Matte		2732609	1					
ANR	2732798	CompoundStatement		36:8:1113:1205	2732609	1					
ANR	2732799	IdentifierDeclStatement	gx_device_pdf * pdev = ( gx_device_pdf * ) dev ;	2131:8:88830:88872	2732609	0	True				
ANR	2732800	IdentifierDecl	* pdev = ( gx_device_pdf * ) dev		2732609	0					
ANR	2732801	IdentifierDeclType	gx_device_pdf *		2732609	0					
ANR	2732802	Identifier	pdev		2732609	1					
ANR	2732803	AssignmentExpression	* pdev = ( gx_device_pdf * ) dev		2732609	2		=			
ANR	2732804	Identifier	pdev		2732609	0					
ANR	2732805	CastExpression	( gx_device_pdf * ) dev		2732609	1					
ANR	2732806	CastTarget	gx_device_pdf *		2732609	0					
ANR	2732807	Identifier	dev		2732609	1					
ANR	2732808	IdentifierDeclStatement	"int DoMatte = 0 , num_components = gs_color_space_num_components ( pim -> ColorSpace ) ;"	2132:8:88882:88974	2732609	1	True				
ANR	2732809	IdentifierDecl	DoMatte = 0		2732609	0					
ANR	2732810	IdentifierDeclType	int		2732609	0					
ANR	2732811	Identifier	DoMatte		2732609	1					
ANR	2732812	AssignmentExpression	DoMatte = 0		2732609	2		=			
ANR	2732813	Identifier	DoMatte		2732609	0					
ANR	2732814	PrimaryExpression	0		2732609	1					
ANR	2732815	IdentifierDecl	num_components = gs_color_space_num_components ( pim -> ColorSpace )		2732609	1					
ANR	2732816	IdentifierDeclType	int		2732609	0					
ANR	2732817	Identifier	num_components		2732609	1					
ANR	2732818	AssignmentExpression	num_components = gs_color_space_num_components ( pim -> ColorSpace )		2732609	2		=			
ANR	2732819	Identifier	num_components		2732609	0					
ANR	2732820	CallExpression	gs_color_space_num_components ( pim -> ColorSpace )		2732609	1					
ANR	2732821	Callee	gs_color_space_num_components		2732609	0					
ANR	2732822	Identifier	gs_color_space_num_components		2732609	0					
ANR	2732823	ArgumentList	pim -> ColorSpace		2732609	1					
ANR	2732824	Argument	pim -> ColorSpace		2732609	0					
ANR	2732825	PtrMemberAccess	pim -> ColorSpace		2732609	0					
ANR	2732826	Identifier	pim		2732609	0					
ANR	2732827	Identifier	ColorSpace		2732609	1					
ANR	2732828	SwitchStatement	switch ( pdev -> params . ColorConversionStrategy )		2732609	2					
ANR	2732829	Condition	pdev -> params . ColorConversionStrategy	2135:16:88993:89028	2732609	0	True				
ANR	2732830	MemberAccess	pdev -> params . ColorConversionStrategy		2732609	0					
ANR	2732831	PtrMemberAccess	pdev -> params		2732609	0					
ANR	2732832	Identifier	pdev		2732609	0					
ANR	2732833	Identifier	params		2732609	1					
ANR	2732834	Identifier	ColorConversionStrategy		2732609	1					
ANR	2732835	CompoundStatement		39:54:1262:1262	2732609	1					
ANR	2732836	Label	case ccs_LeaveColorUnchanged :	2136:12:89045:89073	2732609	0	True				
ANR	2732837	Identifier	ccs_LeaveColorUnchanged		2732609	0					
ANR	2732838	ExpressionStatement	DoMatte = 1	2137:16:89091:89102	2732609	1	True				
ANR	2732839	AssignmentExpression	DoMatte = 1		2732609	0		=			
ANR	2732840	Identifier	DoMatte		2732609	0					
ANR	2732841	PrimaryExpression	1		2732609	1					
ANR	2732842	BreakStatement	break ;	2138:16:89120:89125	2732609	2	True				
ANR	2732843	Label	case ccs_RGB :	2139:12:89139:89151	2732609	3	True				
ANR	2732844	Identifier	ccs_RGB		2732609	0					
ANR	2732845	Label	case ccs_sRGB :	2140:12:89165:89178	2732609	4	True				
ANR	2732846	Identifier	ccs_sRGB		2732609	0					
ANR	2732847	IfStatement	if ( num_components == 3 )		2732609	5					
ANR	2732848	Condition	num_components == 3	2141:20:89200:89218	2732609	0	True				
ANR	2732849	EqualityExpression	num_components == 3		2732609	0		==			
ANR	2732850	Identifier	num_components		2732609	0					
ANR	2732851	PrimaryExpression	3		2732609	1					
ANR	2732852	ExpressionStatement	DoMatte = 1	2142:20:89241:89252	2732609	1	True				
ANR	2732853	AssignmentExpression	DoMatte = 1		2732609	0		=			
ANR	2732854	Identifier	DoMatte		2732609	0					
ANR	2732855	PrimaryExpression	1		2732609	1					
ANR	2732856	ElseStatement	else		2732609	0					
ANR	2732857	ExpressionStatement	DoMatte = 0	2144:20:89295:89306	2732609	0	True				
ANR	2732858	AssignmentExpression	DoMatte = 0		2732609	0		=			
ANR	2732859	Identifier	DoMatte		2732609	0					
ANR	2732860	PrimaryExpression	0		2732609	1					
ANR	2732861	BreakStatement	break ;	2145:16:89324:89329	2732609	6	True				
ANR	2732862	Label	case ccs_CMYK :	2146:12:89343:89356	2732609	7	True				
ANR	2732863	Identifier	ccs_CMYK		2732609	0					
ANR	2732864	IfStatement	if ( num_components == 4 )		2732609	8					
ANR	2732865	Condition	num_components == 4	2147:20:89378:89396	2732609	0	True				
ANR	2732866	EqualityExpression	num_components == 4		2732609	0		==			
ANR	2732867	Identifier	num_components		2732609	0					
ANR	2732868	PrimaryExpression	4		2732609	1					
ANR	2732869	ExpressionStatement	DoMatte = 1	2148:20:89419:89430	2732609	1	True				
ANR	2732870	AssignmentExpression	DoMatte = 1		2732609	0		=			
ANR	2732871	Identifier	DoMatte		2732609	0					
ANR	2732872	PrimaryExpression	1		2732609	1					
ANR	2732873	ElseStatement	else		2732609	0					
ANR	2732874	ExpressionStatement	DoMatte = 0	2150:20:89473:89484	2732609	0	True				
ANR	2732875	AssignmentExpression	DoMatte = 0		2732609	0		=			
ANR	2732876	Identifier	DoMatte		2732609	0					
ANR	2732877	PrimaryExpression	0		2732609	1					
ANR	2732878	BreakStatement	break ;	2151:16:89502:89507	2732609	9	True				
ANR	2732879	Label	case ccs_Gray :	2152:12:89521:89534	2732609	10	True				
ANR	2732880	Identifier	ccs_Gray		2732609	0					
ANR	2732881	IfStatement	if ( num_components == 1 )		2732609	11					
ANR	2732882	Condition	num_components == 1	2153:20:89556:89574	2732609	0	True				
ANR	2732883	EqualityExpression	num_components == 1		2732609	0		==			
ANR	2732884	Identifier	num_components		2732609	0					
ANR	2732885	PrimaryExpression	1		2732609	1					
ANR	2732886	ExpressionStatement	DoMatte = 1	2154:20:89597:89608	2732609	1	True				
ANR	2732887	AssignmentExpression	DoMatte = 1		2732609	0		=			
ANR	2732888	Identifier	DoMatte		2732609	0					
ANR	2732889	PrimaryExpression	1		2732609	1					
ANR	2732890	ElseStatement	else		2732609	0					
ANR	2732891	ExpressionStatement	DoMatte = 0	2156:20:89651:89662	2732609	0	True				
ANR	2732892	AssignmentExpression	DoMatte = 0		2732609	0		=			
ANR	2732893	Identifier	DoMatte		2732609	0					
ANR	2732894	PrimaryExpression	0		2732609	1					
ANR	2732895	BreakStatement	break ;	2157:16:89680:89685	2732609	12	True				
ANR	2732896	Label	case ccs_UseDeviceDependentColor :	2158:12:89699:89731	2732609	13	True				
ANR	2732897	Identifier	ccs_UseDeviceDependentColor		2732609	0					
ANR	2732898	Label	case ccs_UseDeviceIndependentColor :	2159:12:89745:89779	2732609	14	True				
ANR	2732899	Identifier	ccs_UseDeviceIndependentColor		2732609	0					
ANR	2732900	Label	case ccs_UseDeviceIndependentColorForImages :	2160:12:89793:89836	2732609	15	True				
ANR	2732901	Identifier	ccs_UseDeviceIndependentColorForImages		2732609	0					
ANR	2732902	Label	case ccs_ByObjectType :	2161:12:89850:89871	2732609	16	True				
ANR	2732903	Identifier	ccs_ByObjectType		2732609	0					
ANR	2732904	Label	default :	2162:12:89885:89892	2732609	17	True				
ANR	2732905	Identifier	default		2732609	0					
ANR	2732906	ExpressionStatement	DoMatte = 0	2163:16:89910:89921	2732609	18	True				
ANR	2732907	AssignmentExpression	DoMatte = 0		2732609	0		=			
ANR	2732908	Identifier	DoMatte		2732609	0					
ANR	2732909	PrimaryExpression	0		2732609	1					
ANR	2732910	BreakStatement	break ;	2164:16:89939:89944	2732609	19	True				
ANR	2732911	IfStatement	if ( DoMatte )		2732609	3					
ANR	2732912	Condition	DoMatte	2167:12:89969:89975	2732609	0	True				
ANR	2732913	Identifier	DoMatte		2732609	0					
ANR	2732914	CompoundStatement		71:21:2209:2209	2732609	1					
ANR	2732915	ExpressionStatement	"code = cos_dict_put_c_key_floats ( ( gx_device_pdf * ) dev , ( cos_dict_t * ) pmie -> writer . pres -> object , ""/Matte"" , pixm -> Matte , num_components )"	2168:12:89992:90234	2732609	0	True				
ANR	2732916	AssignmentExpression	"code = cos_dict_put_c_key_floats ( ( gx_device_pdf * ) dev , ( cos_dict_t * ) pmie -> writer . pres -> object , ""/Matte"" , pixm -> Matte , num_components )"		2732609	0		=			
ANR	2732917	Identifier	code		2732609	0					
ANR	2732918	CallExpression	"cos_dict_put_c_key_floats ( ( gx_device_pdf * ) dev , ( cos_dict_t * ) pmie -> writer . pres -> object , ""/Matte"" , pixm -> Matte , num_components )"		2732609	1					
ANR	2732919	Callee	cos_dict_put_c_key_floats		2732609	0					
ANR	2732920	Identifier	cos_dict_put_c_key_floats		2732609	0					
ANR	2732921	ArgumentList	( gx_device_pdf * ) dev		2732609	1					
ANR	2732922	Argument	( gx_device_pdf * ) dev		2732609	0					
ANR	2732923	CastExpression	( gx_device_pdf * ) dev		2732609	0					
ANR	2732924	CastTarget	gx_device_pdf *		2732609	0					
ANR	2732925	Identifier	dev		2732609	1					
ANR	2732926	Argument	( cos_dict_t * ) pmie -> writer . pres -> object		2732609	1					
ANR	2732927	CastExpression	( cos_dict_t * ) pmie -> writer . pres -> object		2732609	0					
ANR	2732928	CastTarget	cos_dict_t *		2732609	0					
ANR	2732929	PtrMemberAccess	pmie -> writer . pres -> object		2732609	1					
ANR	2732930	MemberAccess	pmie -> writer . pres		2732609	0					
ANR	2732931	PtrMemberAccess	pmie -> writer		2732609	0					
ANR	2732932	Identifier	pmie		2732609	0					
ANR	2732933	Identifier	writer		2732609	1					
ANR	2732934	Identifier	pres		2732609	1					
ANR	2732935	Identifier	object		2732609	1					
ANR	2732936	Argument	"""/Matte"""		2732609	2					
ANR	2732937	PrimaryExpression	"""/Matte"""		2732609	0					
ANR	2732938	Argument	pixm -> Matte		2732609	3					
ANR	2732939	PtrMemberAccess	pixm -> Matte		2732609	0					
ANR	2732940	Identifier	pixm		2732609	0					
ANR	2732941	Identifier	Matte		2732609	1					
ANR	2732942	Argument	num_components		2732609	4					
ANR	2732943	Identifier	num_components		2732609	0					
ANR	2732944	IfStatement	if ( code < 0 )		2732609	1					
ANR	2732945	Condition	code < 0	2172:16:90252:90259	2732609	0	True				
ANR	2732946	RelationalExpression	code < 0		2732609	0		<			
ANR	2732947	Identifier	code		2732609	0					
ANR	2732948	PrimaryExpression	0		2732609	1					
ANR	2732949	ReturnStatement	return code ;	2173:16:90278:90289	2732609	1	True				
ANR	2732950	Identifier	code		2732609	0					
ANR	2732951	ReturnStatement	return 0 ;	2180:4:90508:90516	2732609	12	True				
ANR	2732952	PrimaryExpression	0		2732609	0					
ANR	2732953	ReturnType	static int		2732609	1					
ANR	2732954	Identifier	pdf_image3x_make_mcde		2732609	2					
ANR	2732955	ParameterList	"gx_device * dev , const gs_gstate * pgs , const gs_matrix * pmat , const gs_image_common_t * pic , const gs_int_rect * prect , const gx_drawing_color * pdcolor , const gx_clip_path * pcpath , gs_memory_t * mem , gx_image_enum_common_t * * pinfo , gx_device * * pmcdev , gx_device * midev [ 2 ] , gx_image_enum_common_t * pminfo [ 2 ] , const gs_int_point origin [ 2 ] , const gs_image3x_t * pim"		2732609	3					
ANR	2732956	Parameter	gx_device * dev	2087:22:87211:87224	2732609	0	True				
ANR	2732957	ParameterType	gx_device *		2732609	0					
ANR	2732958	Identifier	dev		2732609	1					
ANR	2732959	Parameter	const gs_gstate * pgs	2087:38:87227:87246	2732609	1	True				
ANR	2732960	ParameterType	const gs_gstate *		2732609	0					
ANR	2732961	Identifier	pgs		2732609	1					
ANR	2732962	Parameter	const gs_matrix * pmat	2088:22:87271:87291	2732609	2	True				
ANR	2732963	ParameterType	const gs_matrix *		2732609	0					
ANR	2732964	Identifier	pmat		2732609	1					
ANR	2732965	Parameter	const gs_image_common_t * pic	2088:45:87294:87321	2732609	3	True				
ANR	2732966	ParameterType	const gs_image_common_t *		2732609	0					
ANR	2732967	Identifier	pic		2732609	1					
ANR	2732968	Parameter	const gs_int_rect * prect	2089:22:87346:87369	2732609	4	True				
ANR	2732969	ParameterType	const gs_int_rect *		2732609	0					
ANR	2732970	Identifier	prect		2732609	1					
ANR	2732971	Parameter	const gx_drawing_color * pdcolor	2090:22:87394:87424	2732609	5	True				
ANR	2732972	ParameterType	const gx_drawing_color *		2732609	0					
ANR	2732973	Identifier	pdcolor		2732609	1					
ANR	2732974	Parameter	const gx_clip_path * pcpath	2091:22:87449:87474	2732609	6	True				
ANR	2732975	ParameterType	const gx_clip_path *		2732609	0					
ANR	2732976	Identifier	pcpath		2732609	1					
ANR	2732977	Parameter	gs_memory_t * mem	2091:50:87477:87492	2732609	7	True				
ANR	2732978	ParameterType	gs_memory_t *		2732609	0					
ANR	2732979	Identifier	mem		2732609	1					
ANR	2732980	Parameter	gx_image_enum_common_t * * pinfo	2092:22:87517:87546	2732609	8	True				
ANR	2732981	ParameterType	gx_image_enum_common_t * *		2732609	0					
ANR	2732982	Identifier	pinfo		2732609	1					
ANR	2732983	Parameter	gx_device * * pmcdev	2093:22:87571:87588	2732609	9	True				
ANR	2732984	ParameterType	gx_device * *		2732609	0					
ANR	2732985	Identifier	pmcdev		2732609	1					
ANR	2732986	Parameter	gx_device * midev [ 2 ]	2093:42:87591:87609	2732609	10	True				
ANR	2732987	ParameterType	gx_device * [ 2 ]		2732609	0					
ANR	2732988	Identifier	midev		2732609	1					
ANR	2732989	Parameter	gx_image_enum_common_t * pminfo [ 2 ]	2094:22:87634:87666	2732609	11	True				
ANR	2732990	ParameterType	gx_image_enum_common_t * [ 2 ]		2732609	0					
ANR	2732991	Identifier	pminfo		2732609	1					
ANR	2732992	Parameter	const gs_int_point origin [ 2 ]	2095:22:87691:87718	2732609	12	True				
ANR	2732993	ParameterType	const gs_int_point [ 2 ]		2732609	0					
ANR	2732994	Identifier	origin		2732609	1					
ANR	2732995	Parameter	const gs_image3x_t * pim	2096:22:87743:87765	2732609	13	True				
ANR	2732996	ParameterType	const gs_image3x_t *		2732609	0					
ANR	2732997	Identifier	pim		2732609	1					
ANR	2732998	CFGEntryNode	ENTRY		2732609		True				
ANR	2732999	CFGExitNode	EXIT		2732609		True				
ANR	2733000	Symbol	pmcdev		2732609						
ANR	2733001	Symbol	* pmcdev		2732609						
ANR	2733002	Symbol	gs_error_rangecheck		2732609						
ANR	2733003	Symbol	* pmie -> writer . pres		2732609						
ANR	2733004	Symbol	pdev -> params . ColorConversionStrategy		2732609						
ANR	2733005	Symbol	pic		2732609						
ANR	2733006	Symbol	prect		2732609						
ANR	2733007	Symbol	* midev		2732609						
ANR	2733008	Symbol	pdev		2732609						
ANR	2733009	Symbol	dev		2732609						
ANR	2733010	Symbol	* pinfo		2732609						
ANR	2733011	Symbol	pim		2732609						
ANR	2733012	Symbol	pixm		2732609						
ANR	2733013	Symbol	DoMatte		2732609						
ANR	2733014	Symbol	gs_color_space_num_components		2732609						
ANR	2733015	Symbol	* * pmie		2732609						
ANR	2733016	Symbol	* pmie -> writer		2732609						
ANR	2733017	Symbol	& pim -> Opacity		2732609						
ANR	2733018	Symbol	pixm -> Matte		2732609						
ANR	2733019	Symbol	& pdf_image_enum_procs		2732609						
ANR	2733020	Symbol	* pmie		2732609						
ANR	2733021	Symbol	* * pinfo		2732609						
ANR	2733022	Symbol	PDF_IMAGE_TYPE3_DATA		2732609						
ANR	2733023	Symbol	pim -> ColorSpace		2732609						
ANR	2733024	Symbol	& pim -> Shape		2732609						
ANR	2733025	Symbol	code		2732609						
ANR	2733026	Symbol	pmat		2732609						
ANR	2733027	Symbol	pinfo		2732609						
ANR	2733028	Symbol	* pixm		2732609						
ANR	2733029	Symbol	origin		2732609						
ANR	2733030	Symbol	midev		2732609						
ANR	2733031	Symbol	pmie -> writer		2732609						
ANR	2733032	Symbol	cos_dict_put_c_key_floats		2732609						
ANR	2733033	Symbol	pdf_make_mxd		2732609						
ANR	2733034	Symbol	mem		2732609						
ANR	2733035	Symbol	pmie -> writer . pres -> object		2732609						
ANR	2733036	Symbol	pgs		2732609						
ANR	2733037	Symbol	pcpath		2732609						
ANR	2733038	Symbol	pixm -> has_Matte		2732609						
ANR	2733039	Symbol	( * pinfo ) -> procs		2732609						
ANR	2733040	Symbol	false		2732609						
ANR	2733041	Symbol	i		2732609						
ANR	2733042	Symbol	* pminfo		2732609						
ANR	2733043	Symbol	pdcolor		2732609						
ANR	2733044	Symbol	num_components		2732609						
ANR	2733045	Symbol	pmie		2732609						
ANR	2733046	Symbol	pdev -> params		2732609						
ANR	2733047	Symbol	* i		2732609						
ANR	2733048	Symbol	pdf_begin_typed_image		2732609						
ANR	2733049	Symbol	* pdev		2732609						
ANR	2733050	Symbol	pminfo		2732609						
ANR	2733051	Symbol	pmie -> writer . pres		2732609						
ANR	2733052	Symbol	* pim		2732609						
ANR	2733053	Function	pdf_substitute_pattern	2183:0:90521:90714							
ANR	2733054	FunctionDef	pdf_substitute_pattern (pdf_resource_t * pres)		2733053	0					
ANR	2733055	CompoundStatement		2184:0:90582:90714	2733053	0					
ANR	2733056	IdentifierDeclStatement	pdf_pattern_t * ppat = ( pdf_pattern_t * ) pres ;	2185:4:90588:90631	2733053	0	True				
ANR	2733057	IdentifierDecl	* ppat = ( pdf_pattern_t * ) pres		2733053	0					
ANR	2733058	IdentifierDeclType	pdf_pattern_t *		2733053	0					
ANR	2733059	Identifier	ppat		2733053	1					
ANR	2733060	AssignmentExpression	* ppat = ( pdf_pattern_t * ) pres		2733053	2		=			
ANR	2733061	Identifier	ppat		2733053	0					
ANR	2733062	CastExpression	( pdf_pattern_t * ) pres		2733053	1					
ANR	2733063	CastTarget	pdf_pattern_t *		2733053	0					
ANR	2733064	Identifier	pres		2733053	1					
ANR	2733065	ReturnStatement	return ( pdf_resource_t * ) ( ppat -> substitute != 0 ? ppat -> substitute : ppat ) ;	2187:4:90638:90712	2733053	1	True				
ANR	2733066	CastExpression	( pdf_resource_t * ) ( ppat -> substitute != 0 ? ppat -> substitute : ppat )		2733053	0					
ANR	2733067	CastTarget	pdf_resource_t *		2733053	0					
ANR	2733068	ConditionalExpression	ppat -> substitute != 0 ? ppat -> substitute : ppat		2733053	1					
ANR	2733069	Condition	ppat -> substitute != 0		2733053	0					
ANR	2733070	EqualityExpression	ppat -> substitute != 0		2733053	0		!=			
ANR	2733071	PtrMemberAccess	ppat -> substitute		2733053	0					
ANR	2733072	Identifier	ppat		2733053	0					
ANR	2733073	Identifier	substitute		2733053	1					
ANR	2733074	PrimaryExpression	0		2733053	1					
ANR	2733075	PtrMemberAccess	ppat -> substitute		2733053	1					
ANR	2733076	Identifier	ppat		2733053	0					
ANR	2733077	Identifier	substitute		2733053	1					
ANR	2733078	Identifier	ppat		2733053	2					
ANR	2733079	ReturnType	pdf_resource_t *		2733053	1					
ANR	2733080	Identifier	pdf_substitute_pattern		2733053	2					
ANR	2733081	ParameterList	pdf_resource_t * pres		2733053	3					
ANR	2733082	Parameter	pdf_resource_t * pres	2183:39:90560:90579	2733053	0	True				
ANR	2733083	ParameterType	pdf_resource_t *		2733053	0					
ANR	2733084	Identifier	pres		2733053	1					
ANR	2733085	CFGEntryNode	ENTRY		2733053		True				
ANR	2733086	CFGExitNode	EXIT		2733053		True				
ANR	2733087	Symbol	pres		2733053						
ANR	2733088	Symbol	ppat		2733053						
ANR	2733089	Symbol	* ppat		2733053						
ANR	2733090	Symbol	ppat -> substitute		2733053						
ANR	2733091	Function	check_unsubstituted2	2190:0:90717:90991							
ANR	2733092	FunctionDef	"check_unsubstituted2 (gx_device_pdf * pdev , pdf_resource_t * pres0 , pdf_resource_t * pres1)"		2733091	0					
ANR	2733093	CompoundStatement		2192:0:90817:90991	2733091	0					
ANR	2733094	IdentifierDeclStatement	pdf_pattern_t * ppat0 = ( pdf_pattern_t * ) pres0 ;	2193:4:90823:90868	2733091	0	True				
ANR	2733095	IdentifierDecl	* ppat0 = ( pdf_pattern_t * ) pres0		2733091	0					
ANR	2733096	IdentifierDeclType	pdf_pattern_t *		2733091	0					
ANR	2733097	Identifier	ppat0		2733091	1					
ANR	2733098	AssignmentExpression	* ppat0 = ( pdf_pattern_t * ) pres0		2733091	2		=			
ANR	2733099	Identifier	ppat0		2733091	0					
ANR	2733100	CastExpression	( pdf_pattern_t * ) pres0		2733091	1					
ANR	2733101	CastTarget	pdf_pattern_t *		2733091	0					
ANR	2733102	Identifier	pres0		2733091	1					
ANR	2733103	IdentifierDeclStatement	pdf_pattern_t * ppat1 = ( pdf_pattern_t * ) pres1 ;	2194:4:90874:90919	2733091	1	True				
ANR	2733104	IdentifierDecl	* ppat1 = ( pdf_pattern_t * ) pres1		2733091	0					
ANR	2733105	IdentifierDeclType	pdf_pattern_t *		2733091	0					
ANR	2733106	Identifier	ppat1		2733091	1					
ANR	2733107	AssignmentExpression	* ppat1 = ( pdf_pattern_t * ) pres1		2733091	2		=			
ANR	2733108	Identifier	ppat1		2733091	0					
ANR	2733109	CastExpression	( pdf_pattern_t * ) pres1		2733091	1					
ANR	2733110	CastTarget	pdf_pattern_t *		2733091	0					
ANR	2733111	Identifier	pres1		2733091	1					
ANR	2733112	ReturnStatement	return ( ppat0 -> substitute == NULL && ppat1 -> substitute == NULL ) ;	2196:4:90926:90989	2733091	2	True				
ANR	2733113	AndExpression	ppat0 -> substitute == NULL && ppat1 -> substitute == NULL		2733091	0		&&			
ANR	2733114	EqualityExpression	ppat0 -> substitute == NULL		2733091	0		==			
ANR	2733115	PtrMemberAccess	ppat0 -> substitute		2733091	0					
ANR	2733116	Identifier	ppat0		2733091	0					
ANR	2733117	Identifier	substitute		2733091	1					
ANR	2733118	Identifier	NULL		2733091	1					
ANR	2733119	EqualityExpression	ppat1 -> substitute == NULL		2733091	1		==			
ANR	2733120	PtrMemberAccess	ppat1 -> substitute		2733091	0					
ANR	2733121	Identifier	ppat1		2733091	0					
ANR	2733122	Identifier	substitute		2733091	1					
ANR	2733123	Identifier	NULL		2733091	1					
ANR	2733124	ReturnType	static int		2733091	1					
ANR	2733125	Identifier	check_unsubstituted2		2733091	2					
ANR	2733126	ParameterList	"gx_device_pdf * pdev , pdf_resource_t * pres0 , pdf_resource_t * pres1"		2733091	3					
ANR	2733127	Parameter	gx_device_pdf * pdev	2191:21:90749:90768	2733091	0	True				
ANR	2733128	ParameterType	gx_device_pdf *		2733091	0					
ANR	2733129	Identifier	pdev		2733091	1					
ANR	2733130	Parameter	pdf_resource_t * pres0	2191:43:90771:90791	2733091	1	True				
ANR	2733131	ParameterType	pdf_resource_t *		2733091	0					
ANR	2733132	Identifier	pres0		2733091	1					
ANR	2733133	Parameter	pdf_resource_t * pres1	2191:66:90794:90814	2733091	2	True				
ANR	2733134	ParameterType	pdf_resource_t *		2733091	0					
ANR	2733135	Identifier	pres1		2733091	1					
ANR	2733136	CFGEntryNode	ENTRY		2733091		True				
ANR	2733137	CFGExitNode	EXIT		2733091		True				
ANR	2733138	Symbol	ppat1		2733091						
ANR	2733139	Symbol	pdev		2733091						
ANR	2733140	Symbol	ppat1 -> substitute		2733091						
ANR	2733141	Symbol	ppat0		2733091						
ANR	2733142	Symbol	NULL		2733091						
ANR	2733143	Symbol	* ppat1		2733091						
ANR	2733144	Symbol	* ppat0		2733091						
ANR	2733145	Symbol	pres1		2733091						
ANR	2733146	Symbol	pres0		2733091						
ANR	2733147	Symbol	ppat0 -> substitute		2733091						
ANR	2733148	Function	check_unsubstituted1	2199:0:90994:91161							
ANR	2733149	FunctionDef	"check_unsubstituted1 (gx_device_pdf * pdev , pdf_resource_t * pres0)"		2733148	0					
ANR	2733150	CompoundStatement		2201:0:91071:91161	2733148	0					
ANR	2733151	IdentifierDeclStatement	pdf_pattern_t * ppat = ( pdf_pattern_t * ) pres0 ;	2202:4:91077:91121	2733148	0	True				
ANR	2733152	IdentifierDecl	* ppat = ( pdf_pattern_t * ) pres0		2733148	0					
ANR	2733153	IdentifierDeclType	pdf_pattern_t *		2733148	0					
ANR	2733154	Identifier	ppat		2733148	1					
ANR	2733155	AssignmentExpression	* ppat = ( pdf_pattern_t * ) pres0		2733148	2		=			
ANR	2733156	Identifier	ppat		2733148	0					
ANR	2733157	CastExpression	( pdf_pattern_t * ) pres0		2733148	1					
ANR	2733158	CastTarget	pdf_pattern_t *		2733148	0					
ANR	2733159	Identifier	pres0		2733148	1					
ANR	2733160	ReturnStatement	return ppat -> substitute != NULL ;	2204:4:91128:91159	2733148	1	True				
ANR	2733161	EqualityExpression	ppat -> substitute != NULL		2733148	0		!=			
ANR	2733162	PtrMemberAccess	ppat -> substitute		2733148	0					
ANR	2733163	Identifier	ppat		2733148	0					
ANR	2733164	Identifier	substitute		2733148	1					
ANR	2733165	Identifier	NULL		2733148	1					
ANR	2733166	ReturnType	static int		2733148	1					
ANR	2733167	Identifier	check_unsubstituted1		2733148	2					
ANR	2733168	ParameterList	"gx_device_pdf * pdev , pdf_resource_t * pres0"		2733148	3					
ANR	2733169	Parameter	gx_device_pdf * pdev	2200:21:91026:91045	2733148	0	True				
ANR	2733170	ParameterType	gx_device_pdf *		2733148	0					
ANR	2733171	Identifier	pdev		2733148	1					
ANR	2733172	Parameter	pdf_resource_t * pres0	2200:43:91048:91068	2733148	1	True				
ANR	2733173	ParameterType	pdf_resource_t *		2733148	0					
ANR	2733174	Identifier	pres0		2733148	1					
ANR	2733175	CFGEntryNode	ENTRY		2733148		True				
ANR	2733176	CFGExitNode	EXIT		2733148		True				
ANR	2733177	Symbol	pdev		2733148						
ANR	2733178	Symbol	NULL		2733148						
ANR	2733179	Symbol	ppat		2733148						
ANR	2733180	Symbol	* ppat		2733148						
ANR	2733181	Symbol	ppat -> substitute		2733148						
ANR	2733182	Symbol	pres0		2733148						
ANR	2733183	Function	gdev_pdf_dev_spec_op	2211:0:91270:112546							
ANR	2733184	FunctionDef	"gdev_pdf_dev_spec_op (gx_device * pdev1 , int dev_spec_op , void * data , int size)"		2733183	0					
ANR	2733185	CompoundStatement		2213:0:91352:112546	2733183	0					
ANR	2733186	IdentifierDeclStatement	gx_device_pdf * pdev = ( gx_device_pdf * ) pdev1 ;	2214:4:91358:91402	2733183	0	True				
ANR	2733187	IdentifierDecl	* pdev = ( gx_device_pdf * ) pdev1		2733183	0					
ANR	2733188	IdentifierDeclType	gx_device_pdf *		2733183	0					
ANR	2733189	Identifier	pdev		2733183	1					
ANR	2733190	AssignmentExpression	* pdev = ( gx_device_pdf * ) pdev1		2733183	2		=			
ANR	2733191	Identifier	pdev		2733183	0					
ANR	2733192	CastExpression	( gx_device_pdf * ) pdev1		2733183	1					
ANR	2733193	CastTarget	gx_device_pdf *		2733183	0					
ANR	2733194	Identifier	pdev1		2733183	1					
ANR	2733195	IdentifierDeclStatement	"int code = 0 , force_CTM_change = 0 ;"	2215:4:91408:91438	2733183	1	True				
ANR	2733196	IdentifierDecl	code = 0		2733183	0					
ANR	2733197	IdentifierDeclType	int		2733183	0					
ANR	2733198	Identifier	code		2733183	1					
ANR	2733199	AssignmentExpression	code = 0		2733183	2		=			
ANR	2733200	Identifier	code		2733183	0					
ANR	2733201	PrimaryExpression	0		2733183	1					
ANR	2733202	IdentifierDecl	force_CTM_change = 0		2733183	1					
ANR	2733203	IdentifierDeclType	int		2733183	0					
ANR	2733204	Identifier	force_CTM_change		2733183	1					
ANR	2733205	AssignmentExpression	force_CTM_change = 0		2733183	2		=			
ANR	2733206	Identifier	force_CTM_change		2733183	0					
ANR	2733207	PrimaryExpression	0		2733183	1					
ANR	2733208	IdentifierDeclStatement	"pdf_resource_t * pres , * pres1 ;"	2216:4:91444:91472	2733183	2	True				
ANR	2733209	IdentifierDecl	* pres		2733183	0					
ANR	2733210	IdentifierDeclType	pdf_resource_t *		2733183	0					
ANR	2733211	Identifier	pres		2733183	1					
ANR	2733212	IdentifierDecl	* pres1		2733183	1					
ANR	2733213	IdentifierDeclType	pdf_resource_t *		2733183	0					
ANR	2733214	Identifier	pres1		2733183	1					
ANR	2733215	IdentifierDeclStatement	gx_bitmap_id id = ( gx_bitmap_id ) size ;	2217:4:91478:91514	2733183	3	True				
ANR	2733216	IdentifierDecl	id = ( gx_bitmap_id ) size		2733183	0					
ANR	2733217	IdentifierDeclType	gx_bitmap_id		2733183	0					
ANR	2733218	Identifier	id		2733183	1					
ANR	2733219	AssignmentExpression	id = ( gx_bitmap_id ) size		2733183	2		=			
ANR	2733220	Identifier	id		2733183	0					
ANR	2733221	CastExpression	( gx_bitmap_id ) size		2733183	1					
ANR	2733222	CastTarget	gx_bitmap_id		2733183	0					
ANR	2733223	Identifier	size		2733183	1					
ANR	2733224	SwitchStatement	switch ( dev_spec_op )		2733183	4					
ANR	2733225	Condition	dev_spec_op	2219:12:91529:91539	2733183	0	True				
ANR	2733226	Identifier	dev_spec_op		2733183	0					
ANR	2733227	CompoundStatement		7:25:189:189	2733183	1					
ANR	2733228	Label	case gxdso_pattern_can_accum :	2220:8:91552:91580	2733183	0	True				
ANR	2733229	Identifier	gxdso_pattern_can_accum		2733183	0					
ANR	2733230	ReturnStatement	return 1 ;	2221:12:91594:91602	2733183	1	True				
ANR	2733231	PrimaryExpression	1		2733183	0					
ANR	2733232	Label	case gxdso_pdf_form_name :	2222:8:91612:91636	2733183	2	True				
ANR	2733233	Identifier	gxdso_pdf_form_name		2733183	0					
ANR	2733234	IfStatement	if ( pdev -> PDFFormName )		2733183	3					
ANR	2733235	Condition	pdev -> PDFFormName	2223:16:91654:91670	2733183	0	True				
ANR	2733236	PtrMemberAccess	pdev -> PDFFormName		2733183	0					
ANR	2733237	Identifier	pdev		2733183	0					
ANR	2733238	Identifier	PDFFormName		2733183	1					
ANR	2733239	CompoundStatement		11:35:320:320	2733183	1					
ANR	2733240	ExpressionStatement	"gs_free_object ( pdev -> memory -> non_gc_memory , pdev -> PDFFormName , ""free Name of Form for pdfmark"" )"	2224:16:91691:91786	2733183	0	True				
ANR	2733241	CallExpression	"gs_free_object ( pdev -> memory -> non_gc_memory , pdev -> PDFFormName , ""free Name of Form for pdfmark"" )"		2733183	0					
ANR	2733242	Callee	gs_free_object		2733183	0					
ANR	2733243	Identifier	gs_free_object		2733183	0					
ANR	2733244	ArgumentList	pdev -> memory -> non_gc_memory		2733183	1					
ANR	2733245	Argument	pdev -> memory -> non_gc_memory		2733183	0					
ANR	2733246	PtrMemberAccess	pdev -> memory -> non_gc_memory		2733183	0					
ANR	2733247	PtrMemberAccess	pdev -> memory		2733183	0					
ANR	2733248	Identifier	pdev		2733183	0					
ANR	2733249	Identifier	memory		2733183	1					
ANR	2733250	Identifier	non_gc_memory		2733183	1					
ANR	2733251	Argument	pdev -> PDFFormName		2733183	1					
ANR	2733252	PtrMemberAccess	pdev -> PDFFormName		2733183	0					
ANR	2733253	Identifier	pdev		2733183	0					
ANR	2733254	Identifier	PDFFormName		2733183	1					
ANR	2733255	Argument	"""free Name of Form for pdfmark"""		2733183	2					
ANR	2733256	PrimaryExpression	"""free Name of Form for pdfmark"""		2733183	0					
ANR	2733257	ExpressionStatement	"pdev -> PDFFormName = ( char * ) gs_alloc_bytes ( pdev -> memory -> non_gc_memory , size + 1 , ""Name of Form for pdfmark"" )"	2226:12:91814:91923	2733183	4	True				
ANR	2733258	AssignmentExpression	"pdev -> PDFFormName = ( char * ) gs_alloc_bytes ( pdev -> memory -> non_gc_memory , size + 1 , ""Name of Form for pdfmark"" )"		2733183	0		=			
ANR	2733259	PtrMemberAccess	pdev -> PDFFormName		2733183	0					
ANR	2733260	Identifier	pdev		2733183	0					
ANR	2733261	Identifier	PDFFormName		2733183	1					
ANR	2733262	CastExpression	"( char * ) gs_alloc_bytes ( pdev -> memory -> non_gc_memory , size + 1 , ""Name of Form for pdfmark"" )"		2733183	1					
ANR	2733263	CastTarget	char *		2733183	0					
ANR	2733264	CallExpression	"gs_alloc_bytes ( pdev -> memory -> non_gc_memory , size + 1 , ""Name of Form for pdfmark"" )"		2733183	1					
ANR	2733265	Callee	gs_alloc_bytes		2733183	0					
ANR	2733266	Identifier	gs_alloc_bytes		2733183	0					
ANR	2733267	ArgumentList	pdev -> memory -> non_gc_memory		2733183	1					
ANR	2733268	Argument	pdev -> memory -> non_gc_memory		2733183	0					
ANR	2733269	PtrMemberAccess	pdev -> memory -> non_gc_memory		2733183	0					
ANR	2733270	PtrMemberAccess	pdev -> memory		2733183	0					
ANR	2733271	Identifier	pdev		2733183	0					
ANR	2733272	Identifier	memory		2733183	1					
ANR	2733273	Identifier	non_gc_memory		2733183	1					
ANR	2733274	Argument	size + 1		2733183	1					
ANR	2733275	AdditiveExpression	size + 1		2733183	0		+			
ANR	2733276	Identifier	size		2733183	0					
ANR	2733277	PrimaryExpression	1		2733183	1					
ANR	2733278	Argument	"""Name of Form for pdfmark"""		2733183	2					
ANR	2733279	PrimaryExpression	"""Name of Form for pdfmark"""		2733183	0					
ANR	2733280	ExpressionStatement	"memset ( pdev -> PDFFormName , 0x00 , size + 1 )"	2227:12:91937:91978	2733183	5	True				
ANR	2733281	CallExpression	"memset ( pdev -> PDFFormName , 0x00 , size + 1 )"		2733183	0					
ANR	2733282	Callee	memset		2733183	0					
ANR	2733283	Identifier	memset		2733183	0					
ANR	2733284	ArgumentList	pdev -> PDFFormName		2733183	1					
ANR	2733285	Argument	pdev -> PDFFormName		2733183	0					
ANR	2733286	PtrMemberAccess	pdev -> PDFFormName		2733183	0					
ANR	2733287	Identifier	pdev		2733183	0					
ANR	2733288	Identifier	PDFFormName		2733183	1					
ANR	2733289	Argument	0x00		2733183	1					
ANR	2733290	PrimaryExpression	0x00		2733183	0					
ANR	2733291	Argument	size + 1		2733183	2					
ANR	2733292	AdditiveExpression	size + 1		2733183	0		+			
ANR	2733293	Identifier	size		2733183	0					
ANR	2733294	PrimaryExpression	1		2733183	1					
ANR	2733295	ExpressionStatement	"memcpy ( pdev -> PDFFormName , data , size )"	2228:12:91992:92029	2733183	6	True				
ANR	2733296	CallExpression	"memcpy ( pdev -> PDFFormName , data , size )"		2733183	0					
ANR	2733297	Callee	memcpy		2733183	0					
ANR	2733298	Identifier	memcpy		2733183	0					
ANR	2733299	ArgumentList	pdev -> PDFFormName		2733183	1					
ANR	2733300	Argument	pdev -> PDFFormName		2733183	0					
ANR	2733301	PtrMemberAccess	pdev -> PDFFormName		2733183	0					
ANR	2733302	Identifier	pdev		2733183	0					
ANR	2733303	Identifier	PDFFormName		2733183	1					
ANR	2733304	Argument	data		2733183	1					
ANR	2733305	Identifier	data		2733183	0					
ANR	2733306	Argument	size		2733183	2					
ANR	2733307	Identifier	size		2733183	0					
ANR	2733308	ReturnStatement	return 0 ;	2229:12:92043:92051	2733183	7	True				
ANR	2733309	PrimaryExpression	0		2733183	0					
ANR	2733310	Label	case gxdso_pdf_last_form_ID :	2230:8:92061:92088	2733183	8	True				
ANR	2733311	Identifier	gxdso_pdf_last_form_ID		2733183	0					
ANR	2733312	CompoundStatement		20:12:763:783	2733183	9					
ANR	2733313	IdentifierDeclStatement	int * i = ( int * ) data ;	2232:12:92116:92136	2733183	0	True				
ANR	2733314	IdentifierDecl	* i = ( int * ) data		2733183	0					
ANR	2733315	IdentifierDeclType	int *		2733183	0					
ANR	2733316	Identifier	i		2733183	1					
ANR	2733317	AssignmentExpression	* i = ( int * ) data		2733183	2		=			
ANR	2733318	Identifier	i		2733183	0					
ANR	2733319	CastExpression	( int * ) data		2733183	1					
ANR	2733320	CastTarget	int *		2733183	0					
ANR	2733321	Identifier	data		2733183	1					
ANR	2733322	ExpressionStatement	* i = pdev -> LastFormID	2233:12:92150:92171	2733183	1	True				
ANR	2733323	AssignmentExpression	* i = pdev -> LastFormID		2733183	0		=			
ANR	2733324	UnaryOperationExpression	* i		2733183	0					
ANR	2733325	UnaryOperator	*		2733183	0					
ANR	2733326	Identifier	i		2733183	1					
ANR	2733327	PtrMemberAccess	pdev -> LastFormID		2733183	1					
ANR	2733328	Identifier	pdev		2733183	0					
ANR	2733329	Identifier	LastFormID		2733183	1					
ANR	2733330	ReturnStatement	return 0 ;	2235:12:92199:92207	2733183	10	True				
ANR	2733331	PrimaryExpression	0		2733183	0					
ANR	2733332	Label	case gxdso_form_begin :	2236:8:92217:92238	2733183	11	True				
ANR	2733333	Identifier	gxdso_form_begin		2733183	0					
ANR	2733334	IfStatement	if ( ( ! pdev -> ForOPDFRead || pdev -> HighLevelForm == 0 ) && pdev -> PatternDepth == 0 )		2733183	12					
ANR	2733335	Condition	( ! pdev -> ForOPDFRead || pdev -> HighLevelForm == 0 ) && pdev -> PatternDepth == 0	2237:16:92256:92330	2733183	0	True				
ANR	2733336	AndExpression	( ! pdev -> ForOPDFRead || pdev -> HighLevelForm == 0 ) && pdev -> PatternDepth == 0		2733183	0		&&			
ANR	2733337	OrExpression	! pdev -> ForOPDFRead || pdev -> HighLevelForm == 0		2733183	0		||			
ANR	2733338	UnaryOperationExpression	! pdev -> ForOPDFRead		2733183	0					
ANR	2733339	UnaryOperator	!		2733183	0					
ANR	2733340	PtrMemberAccess	pdev -> ForOPDFRead		2733183	1					
ANR	2733341	Identifier	pdev		2733183	0					
ANR	2733342	Identifier	ForOPDFRead		2733183	1					
ANR	2733343	EqualityExpression	pdev -> HighLevelForm == 0		2733183	1		==			
ANR	2733344	PtrMemberAccess	pdev -> HighLevelForm		2733183	0					
ANR	2733345	Identifier	pdev		2733183	0					
ANR	2733346	Identifier	HighLevelForm		2733183	1					
ANR	2733347	PrimaryExpression	0		2733183	1					
ANR	2733348	EqualityExpression	pdev -> PatternDepth == 0		2733183	1		==			
ANR	2733349	PtrMemberAccess	pdev -> PatternDepth		2733183	0					
ANR	2733350	Identifier	pdev		2733183	0					
ANR	2733351	Identifier	PatternDepth		2733183	1					
ANR	2733352	PrimaryExpression	0		2733183	1					
ANR	2733353	CompoundStatement		28:16:1103:1148	2733183	1					
ANR	2733354	IdentifierDeclStatement	gs_form_template_t * tmplate = ( gs_form_template_t * ) data ;	2238:16:92351:92407	2733183	0	True				
ANR	2733355	IdentifierDecl	* tmplate = ( gs_form_template_t * ) data		2733183	0					
ANR	2733356	IdentifierDeclType	gs_form_template_t *		2733183	0					
ANR	2733357	Identifier	tmplate		2733183	1					
ANR	2733358	AssignmentExpression	* tmplate = ( gs_form_template_t * ) data		2733183	2		=			
ANR	2733359	Identifier	tmplate		2733183	0					
ANR	2733360	CastExpression	( gs_form_template_t * ) data		2733183	1					
ANR	2733361	CastTarget	gs_form_template_t *		2733183	0					
ANR	2733362	Identifier	data		2733183	1					
ANR	2733363	IdentifierDeclStatement	float arry [ 6 ] ;	2239:16:92425:92438	2733183	1	True				
ANR	2733364	IdentifierDecl	arry [ 6 ]		2733183	0					
ANR	2733365	IdentifierDeclType	float [ 6 ]		2733183	0					
ANR	2733366	Identifier	arry		2733183	1					
ANR	2733367	PrimaryExpression	6		2733183	2					
ANR	2733368	IdentifierDeclStatement	"cos_dict_t * pcd = NULL , * pcd_Resources = NULL ;"	2240:16:92456:92501	2733183	2	True				
ANR	2733369	IdentifierDecl	* pcd = NULL		2733183	0					
ANR	2733370	IdentifierDeclType	cos_dict_t *		2733183	0					
ANR	2733371	Identifier	pcd		2733183	1					
ANR	2733372	AssignmentExpression	* pcd = NULL		2733183	2		=			
ANR	2733373	Identifier	NULL		2733183	0					
ANR	2733374	Identifier	NULL		2733183	1					
ANR	2733375	IdentifierDecl	* pcd_Resources = NULL		2733183	1					
ANR	2733376	IdentifierDeclType	cos_dict_t *		2733183	0					
ANR	2733377	Identifier	pcd_Resources		2733183	1					
ANR	2733378	AssignmentExpression	* pcd_Resources = NULL		2733183	2		=			
ANR	2733379	Identifier	NULL		2733183	0					
ANR	2733380	Identifier	NULL		2733183	1					
ANR	2733381	ExpressionStatement	code = pdfwrite_pdf_open_document ( pdev )	2243:16:92590:92629	2733183	3	True				
ANR	2733382	AssignmentExpression	code = pdfwrite_pdf_open_document ( pdev )		2733183	0		=			
ANR	2733383	Identifier	code		2733183	0					
ANR	2733384	CallExpression	pdfwrite_pdf_open_document ( pdev )		2733183	1					
ANR	2733385	Callee	pdfwrite_pdf_open_document		2733183	0					
ANR	2733386	Identifier	pdfwrite_pdf_open_document		2733183	0					
ANR	2733387	ArgumentList	pdev		2733183	1					
ANR	2733388	Argument	pdev		2733183	0					
ANR	2733389	Identifier	pdev		2733183	0					
ANR	2733390	IfStatement	if ( code < 0 )		2733183	4					
ANR	2733391	Condition	code < 0	2244:20:92651:92658	2733183	0	True				
ANR	2733392	RelationalExpression	code < 0		2733183	0		<			
ANR	2733393	Identifier	code		2733183	0					
ANR	2733394	PrimaryExpression	0		2733183	1					
ANR	2733395	ReturnStatement	return code ;	2245:20:92681:92692	2733183	1	True				
ANR	2733396	Identifier	code		2733183	0					
ANR	2733397	ExpressionStatement	"code = pdf_open_contents ( pdev , PDF_IN_STREAM )"	2246:16:92710:92755	2733183	5	True				
ANR	2733398	AssignmentExpression	"code = pdf_open_contents ( pdev , PDF_IN_STREAM )"		2733183	0		=			
ANR	2733399	Identifier	code		2733183	0					
ANR	2733400	CallExpression	"pdf_open_contents ( pdev , PDF_IN_STREAM )"		2733183	1					
ANR	2733401	Callee	pdf_open_contents		2733183	0					
ANR	2733402	Identifier	pdf_open_contents		2733183	0					
ANR	2733403	ArgumentList	pdev		2733183	1					
ANR	2733404	Argument	pdev		2733183	0					
ANR	2733405	Identifier	pdev		2733183	0					
ANR	2733406	Argument	PDF_IN_STREAM		2733183	1					
ANR	2733407	Identifier	PDF_IN_STREAM		2733183	0					
ANR	2733408	IfStatement	if ( code < 0 )		2733183	6					
ANR	2733409	Condition	code < 0	2247:20:92777:92784	2733183	0	True				
ANR	2733410	RelationalExpression	code < 0		2733183	0		<			
ANR	2733411	Identifier	code		2733183	0					
ANR	2733412	PrimaryExpression	0		2733183	1					
ANR	2733413	ReturnStatement	return code ;	2248:20:92807:92818	2733183	1	True				
ANR	2733414	Identifier	code		2733183	0					
ANR	2733415	IfStatement	if ( ! pdev -> PDFFormName )		2733183	7					
ANR	2733416	Condition	! pdev -> PDFFormName	2249:20:92840:92857	2733183	0	True				
ANR	2733417	UnaryOperationExpression	! pdev -> PDFFormName		2733183	0					
ANR	2733418	UnaryOperator	!		2733183	0					
ANR	2733419	PtrMemberAccess	pdev -> PDFFormName		2733183	1					
ANR	2733420	Identifier	pdev		2733183	0					
ANR	2733421	Identifier	PDFFormName		2733183	1					
ANR	2733422	CompoundStatement		37:40:1507:1507	2733183	1					
ANR	2733423	ExpressionStatement	"code = pdf_put_clip_path ( pdev , tmplate -> pcpath )"	2251:20:92957:93004	2733183	0	True				
ANR	2733424	AssignmentExpression	"code = pdf_put_clip_path ( pdev , tmplate -> pcpath )"		2733183	0		=			
ANR	2733425	Identifier	code		2733183	0					
ANR	2733426	CallExpression	"pdf_put_clip_path ( pdev , tmplate -> pcpath )"		2733183	1					
ANR	2733427	Callee	pdf_put_clip_path		2733183	0					
ANR	2733428	Identifier	pdf_put_clip_path		2733183	0					
ANR	2733429	ArgumentList	pdev		2733183	1					
ANR	2733430	Argument	pdev		2733183	0					
ANR	2733431	Identifier	pdev		2733183	0					
ANR	2733432	Argument	tmplate -> pcpath		2733183	1					
ANR	2733433	PtrMemberAccess	tmplate -> pcpath		2733183	0					
ANR	2733434	Identifier	tmplate		2733183	0					
ANR	2733435	Identifier	pcpath		2733183	1					
ANR	2733436	IfStatement	if ( code < 0 )		2733183	1					
ANR	2733437	Condition	code < 0	2252:24:93030:93037	2733183	0	True				
ANR	2733438	RelationalExpression	code < 0		2733183	0		<			
ANR	2733439	Identifier	code		2733183	0					
ANR	2733440	PrimaryExpression	0		2733183	1					
ANR	2733441	ReturnStatement	return code ;	2253:24:93064:93075	2733183	1	True				
ANR	2733442	Identifier	code		2733183	0					
ANR	2733443	ExpressionStatement	"pprintg6 ( pdev -> strm , ""q %g %g %g %g %g %g cm\\n"" , tmplate -> CTM . xx , tmplate -> CTM . xy , tmplate -> CTM . yx , tmplate -> CTM . yy , tmplate -> CTM . tx , tmplate -> CTM . ty )"	2258:20:93377:93556	2733183	2	True				
ANR	2733444	CallExpression	"pprintg6 ( pdev -> strm , ""q %g %g %g %g %g %g cm\\n"" , tmplate -> CTM . xx , tmplate -> CTM . xy , tmplate -> CTM . yx , tmplate -> CTM . yy , tmplate -> CTM . tx , tmplate -> CTM . ty )"		2733183	0					
ANR	2733445	Callee	pprintg6		2733183	0					
ANR	2733446	Identifier	pprintg6		2733183	0					
ANR	2733447	ArgumentList	pdev -> strm		2733183	1					
ANR	2733448	Argument	pdev -> strm		2733183	0					
ANR	2733449	PtrMemberAccess	pdev -> strm		2733183	0					
ANR	2733450	Identifier	pdev		2733183	0					
ANR	2733451	Identifier	strm		2733183	1					
ANR	2733452	Argument	"""q %g %g %g %g %g %g cm\\n"""		2733183	1					
ANR	2733453	PrimaryExpression	"""q %g %g %g %g %g %g cm\\n"""		2733183	0					
ANR	2733454	Argument	tmplate -> CTM . xx		2733183	2					
ANR	2733455	MemberAccess	tmplate -> CTM . xx		2733183	0					
ANR	2733456	PtrMemberAccess	tmplate -> CTM		2733183	0					
ANR	2733457	Identifier	tmplate		2733183	0					
ANR	2733458	Identifier	CTM		2733183	1					
ANR	2733459	Identifier	xx		2733183	1					
ANR	2733460	Argument	tmplate -> CTM . xy		2733183	3					
ANR	2733461	MemberAccess	tmplate -> CTM . xy		2733183	0					
ANR	2733462	PtrMemberAccess	tmplate -> CTM		2733183	0					
ANR	2733463	Identifier	tmplate		2733183	0					
ANR	2733464	Identifier	CTM		2733183	1					
ANR	2733465	Identifier	xy		2733183	1					
ANR	2733466	Argument	tmplate -> CTM . yx		2733183	4					
ANR	2733467	MemberAccess	tmplate -> CTM . yx		2733183	0					
ANR	2733468	PtrMemberAccess	tmplate -> CTM		2733183	0					
ANR	2733469	Identifier	tmplate		2733183	0					
ANR	2733470	Identifier	CTM		2733183	1					
ANR	2733471	Identifier	yx		2733183	1					
ANR	2733472	Argument	tmplate -> CTM . yy		2733183	5					
ANR	2733473	MemberAccess	tmplate -> CTM . yy		2733183	0					
ANR	2733474	PtrMemberAccess	tmplate -> CTM		2733183	0					
ANR	2733475	Identifier	tmplate		2733183	0					
ANR	2733476	Identifier	CTM		2733183	1					
ANR	2733477	Identifier	yy		2733183	1					
ANR	2733478	Argument	tmplate -> CTM . tx		2733183	6					
ANR	2733479	MemberAccess	tmplate -> CTM . tx		2733183	0					
ANR	2733480	PtrMemberAccess	tmplate -> CTM		2733183	0					
ANR	2733481	Identifier	tmplate		2733183	0					
ANR	2733482	Identifier	CTM		2733183	1					
ANR	2733483	Identifier	tx		2733183	1					
ANR	2733484	Argument	tmplate -> CTM . ty		2733183	7					
ANR	2733485	MemberAccess	tmplate -> CTM . ty		2733183	0					
ANR	2733486	PtrMemberAccess	tmplate -> CTM		2733183	0					
ANR	2733487	Identifier	tmplate		2733183	0					
ANR	2733488	Identifier	CTM		2733183	1					
ANR	2733489	Identifier	ty		2733183	1					
ANR	2733490	ExpressionStatement	"code = pdf_enter_substream ( pdev , resourceXObject , id , & pres , false , pdev -> CompressStreams )"	2263:16:93647:93761	2733183	8	True				
ANR	2733491	AssignmentExpression	"code = pdf_enter_substream ( pdev , resourceXObject , id , & pres , false , pdev -> CompressStreams )"		2733183	0		=			
ANR	2733492	Identifier	code		2733183	0					
ANR	2733493	CallExpression	"pdf_enter_substream ( pdev , resourceXObject , id , & pres , false , pdev -> CompressStreams )"		2733183	1					
ANR	2733494	Callee	pdf_enter_substream		2733183	0					
ANR	2733495	Identifier	pdf_enter_substream		2733183	0					
ANR	2733496	ArgumentList	pdev		2733183	1					
ANR	2733497	Argument	pdev		2733183	0					
ANR	2733498	Identifier	pdev		2733183	0					
ANR	2733499	Argument	resourceXObject		2733183	1					
ANR	2733500	Identifier	resourceXObject		2733183	0					
ANR	2733501	Argument	id		2733183	2					
ANR	2733502	Identifier	id		2733183	0					
ANR	2733503	Argument	& pres		2733183	3					
ANR	2733504	UnaryOperationExpression	& pres		2733183	0					
ANR	2733505	UnaryOperator	&		2733183	0					
ANR	2733506	Identifier	pres		2733183	1					
ANR	2733507	Argument	false		2733183	4					
ANR	2733508	Identifier	false		2733183	0					
ANR	2733509	Argument	pdev -> CompressStreams		2733183	5					
ANR	2733510	PtrMemberAccess	pdev -> CompressStreams		2733183	0					
ANR	2733511	Identifier	pdev		2733183	0					
ANR	2733512	Identifier	CompressStreams		2733183	1					
ANR	2733513	IfStatement	if ( code < 0 )		2733183	9					
ANR	2733514	Condition	code < 0	2265:20:93783:93790	2733183	0	True				
ANR	2733515	RelationalExpression	code < 0		2733183	0		<			
ANR	2733516	Identifier	code		2733183	0					
ANR	2733517	PrimaryExpression	0		2733183	1					
ANR	2733518	ReturnStatement	return code ;	2266:20:93813:93824	2733183	1	True				
ANR	2733519	Identifier	code		2733183	0					
ANR	2733520	ExpressionStatement	pcd = cos_stream_dict ( ( cos_stream_t * ) pres -> object )	2267:16:93842:93893	2733183	10	True				
ANR	2733521	AssignmentExpression	pcd = cos_stream_dict ( ( cos_stream_t * ) pres -> object )		2733183	0		=			
ANR	2733522	Identifier	pcd		2733183	0					
ANR	2733523	CallExpression	cos_stream_dict ( ( cos_stream_t * ) pres -> object )		2733183	1					
ANR	2733524	Callee	cos_stream_dict		2733183	0					
ANR	2733525	Identifier	cos_stream_dict		2733183	0					
ANR	2733526	ArgumentList	( cos_stream_t * ) pres -> object		2733183	1					
ANR	2733527	Argument	( cos_stream_t * ) pres -> object		2733183	0					
ANR	2733528	CastExpression	( cos_stream_t * ) pres -> object		2733183	0					
ANR	2733529	CastTarget	cos_stream_t *		2733183	0					
ANR	2733530	PtrMemberAccess	pres -> object		2733183	1					
ANR	2733531	Identifier	pres		2733183	0					
ANR	2733532	Identifier	object		2733183	1					
ANR	2733533	ExpressionStatement	"pcd_Resources = cos_dict_alloc ( pdev , ""pdf_pattern(Resources)"" )"	2268:16:93911:93973	2733183	11	True				
ANR	2733534	AssignmentExpression	"pcd_Resources = cos_dict_alloc ( pdev , ""pdf_pattern(Resources)"" )"		2733183	0		=			
ANR	2733535	Identifier	pcd_Resources		2733183	0					
ANR	2733536	CallExpression	"cos_dict_alloc ( pdev , ""pdf_pattern(Resources)"" )"		2733183	1					
ANR	2733537	Callee	cos_dict_alloc		2733183	0					
ANR	2733538	Identifier	cos_dict_alloc		2733183	0					
ANR	2733539	ArgumentList	pdev		2733183	1					
ANR	2733540	Argument	pdev		2733183	0					
ANR	2733541	Identifier	pdev		2733183	0					
ANR	2733542	Argument	"""pdf_pattern(Resources)"""		2733183	1					
ANR	2733543	PrimaryExpression	"""pdf_pattern(Resources)"""		2733183	0					
ANR	2733544	IfStatement	if ( pcd == NULL || pcd_Resources == NULL )		2733183	12					
ANR	2733545	Condition	pcd == NULL || pcd_Resources == NULL	2269:20:93995:94030	2733183	0	True				
ANR	2733546	OrExpression	pcd == NULL || pcd_Resources == NULL		2733183	0		||			
ANR	2733547	EqualityExpression	pcd == NULL		2733183	0		==			
ANR	2733548	Identifier	pcd		2733183	0					
ANR	2733549	Identifier	NULL		2733183	1					
ANR	2733550	EqualityExpression	pcd_Resources == NULL		2733183	1		==			
ANR	2733551	Identifier	pcd_Resources		2733183	0					
ANR	2733552	Identifier	NULL		2733183	1					
ANR	2733553	ExpressionStatement	return_error ( gs_error_VMerror )	2270:20:94053:94083	2733183	1	True				
ANR	2733554	CallExpression	return_error ( gs_error_VMerror )		2733183	0					
ANR	2733555	Callee	return_error		2733183	0					
ANR	2733556	Identifier	return_error		2733183	0					
ANR	2733557	ArgumentList	gs_error_VMerror		2733183	1					
ANR	2733558	Argument	gs_error_VMerror		2733183	0					
ANR	2733559	Identifier	gs_error_VMerror		2733183	0					
ANR	2733560	ExpressionStatement	"code = cos_dict_put_c_strings ( pcd , ""/Type"" , ""/XObject"" )"	2271:16:94101:94156	2733183	13	True				
ANR	2733561	AssignmentExpression	"code = cos_dict_put_c_strings ( pcd , ""/Type"" , ""/XObject"" )"		2733183	0		=			
ANR	2733562	Identifier	code		2733183	0					
ANR	2733563	CallExpression	"cos_dict_put_c_strings ( pcd , ""/Type"" , ""/XObject"" )"		2733183	1					
ANR	2733564	Callee	cos_dict_put_c_strings		2733183	0					
ANR	2733565	Identifier	cos_dict_put_c_strings		2733183	0					
ANR	2733566	ArgumentList	pcd		2733183	1					
ANR	2733567	Argument	pcd		2733183	0					
ANR	2733568	Identifier	pcd		2733183	0					
ANR	2733569	Argument	"""/Type"""		2733183	1					
ANR	2733570	PrimaryExpression	"""/Type"""		2733183	0					
ANR	2733571	Argument	"""/XObject"""		2733183	2					
ANR	2733572	PrimaryExpression	"""/XObject"""		2733183	0					
ANR	2733573	IfStatement	if ( code >= 0 )		2733183	14					
ANR	2733574	Condition	code >= 0	2272:20:94178:94186	2733183	0	True				
ANR	2733575	RelationalExpression	code >= 0		2733183	0		>=			
ANR	2733576	Identifier	code		2733183	0					
ANR	2733577	PrimaryExpression	0		2733183	1					
ANR	2733578	ExpressionStatement	"code = cos_dict_put_c_strings ( pcd , ""/Subtype"" , ""/Form"" )"	2273:20:94209:94264	2733183	1	True				
ANR	2733579	AssignmentExpression	"code = cos_dict_put_c_strings ( pcd , ""/Subtype"" , ""/Form"" )"		2733183	0		=			
ANR	2733580	Identifier	code		2733183	0					
ANR	2733581	CallExpression	"cos_dict_put_c_strings ( pcd , ""/Subtype"" , ""/Form"" )"		2733183	1					
ANR	2733582	Callee	cos_dict_put_c_strings		2733183	0					
ANR	2733583	Identifier	cos_dict_put_c_strings		2733183	0					
ANR	2733584	ArgumentList	pcd		2733183	1					
ANR	2733585	Argument	pcd		2733183	0					
ANR	2733586	Identifier	pcd		2733183	0					
ANR	2733587	Argument	"""/Subtype"""		2733183	1					
ANR	2733588	PrimaryExpression	"""/Subtype"""		2733183	0					
ANR	2733589	Argument	"""/Form"""		2733183	2					
ANR	2733590	PrimaryExpression	"""/Form"""		2733183	0					
ANR	2733591	IfStatement	if ( code >= 0 )		2733183	15					
ANR	2733592	Condition	code >= 0	2274:20:94286:94294	2733183	0	True				
ANR	2733593	RelationalExpression	code >= 0		2733183	0		>=			
ANR	2733594	Identifier	code		2733183	0					
ANR	2733595	PrimaryExpression	0		2733183	1					
ANR	2733596	ExpressionStatement	"code = cos_dict_put_c_strings ( pcd , ""/FormType"" , ""1"" )"	2275:20:94317:94369	2733183	1	True				
ANR	2733597	AssignmentExpression	"code = cos_dict_put_c_strings ( pcd , ""/FormType"" , ""1"" )"		2733183	0		=			
ANR	2733598	Identifier	code		2733183	0					
ANR	2733599	CallExpression	"cos_dict_put_c_strings ( pcd , ""/FormType"" , ""1"" )"		2733183	1					
ANR	2733600	Callee	cos_dict_put_c_strings		2733183	0					
ANR	2733601	Identifier	cos_dict_put_c_strings		2733183	0					
ANR	2733602	ArgumentList	pcd		2733183	1					
ANR	2733603	Argument	pcd		2733183	0					
ANR	2733604	Identifier	pcd		2733183	0					
ANR	2733605	Argument	"""/FormType"""		2733183	1					
ANR	2733606	PrimaryExpression	"""/FormType"""		2733183	0					
ANR	2733607	Argument	"""1"""		2733183	2					
ANR	2733608	PrimaryExpression	"""1"""		2733183	0					
ANR	2733609	IfStatement	if ( code >= 0 )		2733183	16					
ANR	2733610	Condition	code >= 0	2276:20:94391:94399	2733183	0	True				
ANR	2733611	RelationalExpression	code >= 0		2733183	0		>=			
ANR	2733612	Identifier	code		2733183	0					
ANR	2733613	PrimaryExpression	0		2733183	1					
ANR	2733614	ExpressionStatement	"code = cos_dict_put_c_key_object ( pcd , ""/Resources"" , COS_OBJECT ( pcd_Resources ) )"	2277:20:94422:94500	2733183	1	True				
ANR	2733615	AssignmentExpression	"code = cos_dict_put_c_key_object ( pcd , ""/Resources"" , COS_OBJECT ( pcd_Resources ) )"		2733183	0		=			
ANR	2733616	Identifier	code		2733183	0					
ANR	2733617	CallExpression	"cos_dict_put_c_key_object ( pcd , ""/Resources"" , COS_OBJECT ( pcd_Resources ) )"		2733183	1					
ANR	2733618	Callee	cos_dict_put_c_key_object		2733183	0					
ANR	2733619	Identifier	cos_dict_put_c_key_object		2733183	0					
ANR	2733620	ArgumentList	pcd		2733183	1					
ANR	2733621	Argument	pcd		2733183	0					
ANR	2733622	Identifier	pcd		2733183	0					
ANR	2733623	Argument	"""/Resources"""		2733183	1					
ANR	2733624	PrimaryExpression	"""/Resources"""		2733183	0					
ANR	2733625	Argument	COS_OBJECT ( pcd_Resources )		2733183	2					
ANR	2733626	CallExpression	COS_OBJECT ( pcd_Resources )		2733183	0					
ANR	2733627	Callee	COS_OBJECT		2733183	0					
ANR	2733628	Identifier	COS_OBJECT		2733183	0					
ANR	2733629	ArgumentList	pcd_Resources		2733183	1					
ANR	2733630	Argument	pcd_Resources		2733183	0					
ANR	2733631	Identifier	pcd_Resources		2733183	0					
ANR	2733632	IfStatement	if ( pdev -> PDFFormName )		2733183	17					
ANR	2733633	Condition	pdev -> PDFFormName	2279:20:94523:94539	2733183	0	True				
ANR	2733634	PtrMemberAccess	pdev -> PDFFormName		2733183	0					
ANR	2733635	Identifier	pdev		2733183	0					
ANR	2733636	Identifier	PDFFormName		2733183	1					
ANR	2733637	CompoundStatement		77:20:3877:3915	2733183	1					
ANR	2733638	IdentifierDeclStatement	gs_rect bbox_out ;	2288:20:95192:95208	2733183	0	True				
ANR	2733639	IdentifierDecl	bbox_out		2733183	0					
ANR	2733640	IdentifierDeclType	gs_rect		2733183	0					
ANR	2733641	Identifier	bbox_out		2733183	1					
ANR	2733642	IdentifierDeclStatement	"gs_matrix cmat , new_mat = tmplate -> CTM ;"	2289:20:95230:95268	2733183	1	True				
ANR	2733643	IdentifierDecl	cmat		2733183	0					
ANR	2733644	IdentifierDeclType	gs_matrix		2733183	0					
ANR	2733645	Identifier	cmat		2733183	1					
ANR	2733646	IdentifierDecl	new_mat = tmplate -> CTM		2733183	1					
ANR	2733647	IdentifierDeclType	gs_matrix		2733183	0					
ANR	2733648	Identifier	new_mat		2733183	1					
ANR	2733649	AssignmentExpression	new_mat = tmplate -> CTM		2733183	2		=			
ANR	2733650	Identifier	new_mat		2733183	0					
ANR	2733651	PtrMemberAccess	tmplate -> CTM		2733183	1					
ANR	2733652	Identifier	tmplate		2733183	0					
ANR	2733653	Identifier	CTM		2733183	1					
ANR	2733654	ExpressionStatement	"pdf_viewer_state_from_gs_gstate ( pdev , tmplate -> pgs , NULL )"	2295:20:95574:95631	2733183	2	True				
ANR	2733655	CallExpression	"pdf_viewer_state_from_gs_gstate ( pdev , tmplate -> pgs , NULL )"		2733183	0					
ANR	2733656	Callee	pdf_viewer_state_from_gs_gstate		2733183	0					
ANR	2733657	Identifier	pdf_viewer_state_from_gs_gstate		2733183	0					
ANR	2733658	ArgumentList	pdev		2733183	1					
ANR	2733659	Argument	pdev		2733183	0					
ANR	2733660	Identifier	pdev		2733183	0					
ANR	2733661	Argument	tmplate -> pgs		2733183	1					
ANR	2733662	PtrMemberAccess	tmplate -> pgs		2733183	0					
ANR	2733663	Identifier	tmplate		2733183	0					
ANR	2733664	Identifier	pgs		2733183	1					
ANR	2733665	Argument	NULL		2733183	2					
ANR	2733666	Identifier	NULL		2733183	0					
ANR	2733667	ExpressionStatement	"code = gs_matrix_multiply ( & tmplate -> form_matrix , & tmplate -> CTM , & cmat )"	2299:20:95806:95876	2733183	3	True				
ANR	2733668	AssignmentExpression	"code = gs_matrix_multiply ( & tmplate -> form_matrix , & tmplate -> CTM , & cmat )"		2733183	0		=			
ANR	2733669	Identifier	code		2733183	0					
ANR	2733670	CallExpression	"gs_matrix_multiply ( & tmplate -> form_matrix , & tmplate -> CTM , & cmat )"		2733183	1					
ANR	2733671	Callee	gs_matrix_multiply		2733183	0					
ANR	2733672	Identifier	gs_matrix_multiply		2733183	0					
ANR	2733673	ArgumentList	& tmplate -> form_matrix		2733183	1					
ANR	2733674	Argument	& tmplate -> form_matrix		2733183	0					
ANR	2733675	UnaryOperationExpression	& tmplate -> form_matrix		2733183	0					
ANR	2733676	UnaryOperator	&		2733183	0					
ANR	2733677	PtrMemberAccess	tmplate -> form_matrix		2733183	1					
ANR	2733678	Identifier	tmplate		2733183	0					
ANR	2733679	Identifier	form_matrix		2733183	1					
ANR	2733680	Argument	& tmplate -> CTM		2733183	1					
ANR	2733681	UnaryOperationExpression	& tmplate -> CTM		2733183	0					
ANR	2733682	UnaryOperator	&		2733183	0					
ANR	2733683	PtrMemberAccess	tmplate -> CTM		2733183	1					
ANR	2733684	Identifier	tmplate		2733183	0					
ANR	2733685	Identifier	CTM		2733183	1					
ANR	2733686	Argument	& cmat		2733183	2					
ANR	2733687	UnaryOperationExpression	& cmat		2733183	0					
ANR	2733688	UnaryOperator	&		2733183	0					
ANR	2733689	Identifier	cmat		2733183	1					
ANR	2733690	IfStatement	if ( code < 0 )		2733183	4					
ANR	2733691	Condition	code < 0	2300:24:95902:95909	2733183	0	True				
ANR	2733692	RelationalExpression	code < 0		2733183	0		<			
ANR	2733693	Identifier	code		2733183	0					
ANR	2733694	PrimaryExpression	0		2733183	1					
ANR	2733695	ReturnStatement	return code ;	2301:24:95936:95947	2733183	1	True				
ANR	2733696	Identifier	code		2733183	0					
ANR	2733697	ExpressionStatement	"code = gs_bbox_transform ( & tmplate -> BBox , & cmat , & bbox_out )"	2302:20:95969:96027	2733183	5	True				
ANR	2733698	AssignmentExpression	"code = gs_bbox_transform ( & tmplate -> BBox , & cmat , & bbox_out )"		2733183	0		=			
ANR	2733699	Identifier	code		2733183	0					
ANR	2733700	CallExpression	"gs_bbox_transform ( & tmplate -> BBox , & cmat , & bbox_out )"		2733183	1					
ANR	2733701	Callee	gs_bbox_transform		2733183	0					
ANR	2733702	Identifier	gs_bbox_transform		2733183	0					
ANR	2733703	ArgumentList	& tmplate -> BBox		2733183	1					
ANR	2733704	Argument	& tmplate -> BBox		2733183	0					
ANR	2733705	UnaryOperationExpression	& tmplate -> BBox		2733183	0					
ANR	2733706	UnaryOperator	&		2733183	0					
ANR	2733707	PtrMemberAccess	tmplate -> BBox		2733183	1					
ANR	2733708	Identifier	tmplate		2733183	0					
ANR	2733709	Identifier	BBox		2733183	1					
ANR	2733710	Argument	& cmat		2733183	1					
ANR	2733711	UnaryOperationExpression	& cmat		2733183	0					
ANR	2733712	UnaryOperator	&		2733183	0					
ANR	2733713	Identifier	cmat		2733183	1					
ANR	2733714	Argument	& bbox_out		2733183	2					
ANR	2733715	UnaryOperationExpression	& bbox_out		2733183	0					
ANR	2733716	UnaryOperator	&		2733183	0					
ANR	2733717	Identifier	bbox_out		2733183	1					
ANR	2733718	IfStatement	if ( code < 0 )		2733183	6					
ANR	2733719	Condition	code < 0	2303:24:96053:96060	2733183	0	True				
ANR	2733720	RelationalExpression	code < 0		2733183	0		<			
ANR	2733721	Identifier	code		2733183	0					
ANR	2733722	PrimaryExpression	0		2733183	1					
ANR	2733723	ReturnStatement	return code ;	2304:24:96087:96098	2733183	1	True				
ANR	2733724	Identifier	code		2733183	0					
ANR	2733725	ExpressionStatement	cmat . xx = cmat . yy = 1.0f	2309:20:96312:96336	2733183	7	True				
ANR	2733726	AssignmentExpression	cmat . xx = cmat . yy = 1.0f		2733183	0		=			
ANR	2733727	MemberAccess	cmat . xx		2733183	0					
ANR	2733728	Identifier	cmat		2733183	0					
ANR	2733729	Identifier	xx		2733183	1					
ANR	2733730	AssignmentExpression	cmat . yy = 1.0f		2733183	1		=			
ANR	2733731	MemberAccess	cmat . yy		2733183	0					
ANR	2733732	Identifier	cmat		2733183	0					
ANR	2733733	Identifier	yy		2733183	1					
ANR	2733734	PrimaryExpression	1.0f		2733183	1					
ANR	2733735	ExpressionStatement	cmat . xy = cmat . yx = cmat . tx = cmat . ty = 0.0f	2310:20:96358:96402	2733183	8	True				
ANR	2733736	AssignmentExpression	cmat . xy = cmat . yx = cmat . tx = cmat . ty = 0.0f		2733183	0		=			
ANR	2733737	MemberAccess	cmat . xy		2733183	0					
ANR	2733738	Identifier	cmat		2733183	0					
ANR	2733739	Identifier	xy		2733183	1					
ANR	2733740	AssignmentExpression	cmat . yx = cmat . tx = cmat . ty = 0.0f		2733183	1		=			
ANR	2733741	MemberAccess	cmat . yx		2733183	0					
ANR	2733742	Identifier	cmat		2733183	0					
ANR	2733743	Identifier	yx		2733183	1					
ANR	2733744	AssignmentExpression	cmat . tx = cmat . ty = 0.0f		2733183	1		=			
ANR	2733745	MemberAccess	cmat . tx		2733183	0					
ANR	2733746	Identifier	cmat		2733183	0					
ANR	2733747	Identifier	tx		2733183	1					
ANR	2733748	AssignmentExpression	cmat . ty = 0.0f		2733183	1		=			
ANR	2733749	MemberAccess	cmat . ty		2733183	0					
ANR	2733750	Identifier	cmat		2733183	0					
ANR	2733751	Identifier	ty		2733183	1					
ANR	2733752	PrimaryExpression	0.0f		2733183	1					
ANR	2733753	IfStatement	if ( bbox_out . q . x - bbox_out . p . x > pdev -> width )		2733183	9					
ANR	2733754	Condition	bbox_out . q . x - bbox_out . p . x > pdev -> width	2311:23:96427:96467	2733183	0	True				
ANR	2733755	RelationalExpression	bbox_out . q . x - bbox_out . p . x > pdev -> width		2733183	0		>			
ANR	2733756	AdditiveExpression	bbox_out . q . x - bbox_out . p . x		2733183	0		-			
ANR	2733757	MemberAccess	bbox_out . q . x		2733183	0					
ANR	2733758	MemberAccess	bbox_out . q		2733183	0					
ANR	2733759	Identifier	bbox_out		2733183	0					
ANR	2733760	Identifier	q		2733183	1					
ANR	2733761	Identifier	x		2733183	1					
ANR	2733762	MemberAccess	bbox_out . p . x		2733183	1					
ANR	2733763	MemberAccess	bbox_out . p		2733183	0					
ANR	2733764	Identifier	bbox_out		2733183	0					
ANR	2733765	Identifier	p		2733183	1					
ANR	2733766	Identifier	x		2733183	1					
ANR	2733767	PtrMemberAccess	pdev -> width		2733183	1					
ANR	2733768	Identifier	pdev		2733183	0					
ANR	2733769	Identifier	width		2733183	1					
ANR	2733770	CompoundStatement		99:66:5117:5117	2733183	1					
ANR	2733771	ExpressionStatement	cmat . xx = pdev -> width / ( bbox_out . q . x - bbox_out . p . x )	2312:24:96496:96549	2733183	0	True				
ANR	2733772	AssignmentExpression	cmat . xx = pdev -> width / ( bbox_out . q . x - bbox_out . p . x )		2733183	0		=			
ANR	2733773	MemberAccess	cmat . xx		2733183	0					
ANR	2733774	Identifier	cmat		2733183	0					
ANR	2733775	Identifier	xx		2733183	1					
ANR	2733776	MultiplicativeExpression	pdev -> width / ( bbox_out . q . x - bbox_out . p . x )		2733183	1		/			
ANR	2733777	PtrMemberAccess	pdev -> width		2733183	0					
ANR	2733778	Identifier	pdev		2733183	0					
ANR	2733779	Identifier	width		2733183	1					
ANR	2733780	AdditiveExpression	bbox_out . q . x - bbox_out . p . x		2733183	1		-			
ANR	2733781	MemberAccess	bbox_out . q . x		2733183	0					
ANR	2733782	MemberAccess	bbox_out . q		2733183	0					
ANR	2733783	Identifier	bbox_out		2733183	0					
ANR	2733784	Identifier	q		2733183	1					
ANR	2733785	Identifier	x		2733183	1					
ANR	2733786	MemberAccess	bbox_out . p . x		2733183	1					
ANR	2733787	MemberAccess	bbox_out . p		2733183	0					
ANR	2733788	Identifier	bbox_out		2733183	0					
ANR	2733789	Identifier	p		2733183	1					
ANR	2733790	Identifier	x		2733183	1					
ANR	2733791	ExpressionStatement	bbox_out . q . x = bbox_out . p . x + ( ( bbox_out . q . x - bbox_out . p . x ) * cmat . xx )	2313:24:96575:96646	2733183	1	True				
ANR	2733792	AssignmentExpression	bbox_out . q . x = bbox_out . p . x + ( ( bbox_out . q . x - bbox_out . p . x ) * cmat . xx )		2733183	0		=			
ANR	2733793	MemberAccess	bbox_out . q . x		2733183	0					
ANR	2733794	MemberAccess	bbox_out . q		2733183	0					
ANR	2733795	Identifier	bbox_out		2733183	0					
ANR	2733796	Identifier	q		2733183	1					
ANR	2733797	Identifier	x		2733183	1					
ANR	2733798	AdditiveExpression	bbox_out . p . x + ( ( bbox_out . q . x - bbox_out . p . x ) * cmat . xx )		2733183	1		+			
ANR	2733799	MemberAccess	bbox_out . p . x		2733183	0					
ANR	2733800	MemberAccess	bbox_out . p		2733183	0					
ANR	2733801	Identifier	bbox_out		2733183	0					
ANR	2733802	Identifier	p		2733183	1					
ANR	2733803	Identifier	x		2733183	1					
ANR	2733804	MultiplicativeExpression	( bbox_out . q . x - bbox_out . p . x ) * cmat . xx		2733183	1		*			
ANR	2733805	AdditiveExpression	bbox_out . q . x - bbox_out . p . x		2733183	0		-			
ANR	2733806	MemberAccess	bbox_out . q . x		2733183	0					
ANR	2733807	MemberAccess	bbox_out . q		2733183	0					
ANR	2733808	Identifier	bbox_out		2733183	0					
ANR	2733809	Identifier	q		2733183	1					
ANR	2733810	Identifier	x		2733183	1					
ANR	2733811	MemberAccess	bbox_out . p . x		2733183	1					
ANR	2733812	MemberAccess	bbox_out . p		2733183	0					
ANR	2733813	Identifier	bbox_out		2733183	0					
ANR	2733814	Identifier	p		2733183	1					
ANR	2733815	Identifier	x		2733183	1					
ANR	2733816	MemberAccess	cmat . xx		2733183	1					
ANR	2733817	Identifier	cmat		2733183	0					
ANR	2733818	Identifier	xx		2733183	1					
ANR	2733819	ExpressionStatement	force_CTM_change = 1	2314:24:96672:96692	2733183	2	True				
ANR	2733820	AssignmentExpression	force_CTM_change = 1		2733183	0		=			
ANR	2733821	Identifier	force_CTM_change		2733183	0					
ANR	2733822	PrimaryExpression	1		2733183	1					
ANR	2733823	IfStatement	if ( bbox_out . q . y - bbox_out . p . y > pdev -> height )		2733183	10					
ANR	2733824	Condition	bbox_out . q . y - bbox_out . p . y > pdev -> height	2316:23:96739:96780	2733183	0	True				
ANR	2733825	RelationalExpression	bbox_out . q . y - bbox_out . p . y > pdev -> height		2733183	0		>			
ANR	2733826	AdditiveExpression	bbox_out . q . y - bbox_out . p . y		2733183	0		-			
ANR	2733827	MemberAccess	bbox_out . q . y		2733183	0					
ANR	2733828	MemberAccess	bbox_out . q		2733183	0					
ANR	2733829	Identifier	bbox_out		2733183	0					
ANR	2733830	Identifier	q		2733183	1					
ANR	2733831	Identifier	y		2733183	1					
ANR	2733832	MemberAccess	bbox_out . p . y		2733183	1					
ANR	2733833	MemberAccess	bbox_out . p		2733183	0					
ANR	2733834	Identifier	bbox_out		2733183	0					
ANR	2733835	Identifier	p		2733183	1					
ANR	2733836	Identifier	y		2733183	1					
ANR	2733837	PtrMemberAccess	pdev -> height		2733183	1					
ANR	2733838	Identifier	pdev		2733183	0					
ANR	2733839	Identifier	height		2733183	1					
ANR	2733840	CompoundStatement		104:67:5430:5430	2733183	1					
ANR	2733841	ExpressionStatement	cmat . yy = pdev -> height / ( bbox_out . q . y - bbox_out . p . y )	2317:24:96809:96863	2733183	0	True				
ANR	2733842	AssignmentExpression	cmat . yy = pdev -> height / ( bbox_out . q . y - bbox_out . p . y )		2733183	0		=			
ANR	2733843	MemberAccess	cmat . yy		2733183	0					
ANR	2733844	Identifier	cmat		2733183	0					
ANR	2733845	Identifier	yy		2733183	1					
ANR	2733846	MultiplicativeExpression	pdev -> height / ( bbox_out . q . y - bbox_out . p . y )		2733183	1		/			
ANR	2733847	PtrMemberAccess	pdev -> height		2733183	0					
ANR	2733848	Identifier	pdev		2733183	0					
ANR	2733849	Identifier	height		2733183	1					
ANR	2733850	AdditiveExpression	bbox_out . q . y - bbox_out . p . y		2733183	1		-			
ANR	2733851	MemberAccess	bbox_out . q . y		2733183	0					
ANR	2733852	MemberAccess	bbox_out . q		2733183	0					
ANR	2733853	Identifier	bbox_out		2733183	0					
ANR	2733854	Identifier	q		2733183	1					
ANR	2733855	Identifier	y		2733183	1					
ANR	2733856	MemberAccess	bbox_out . p . y		2733183	1					
ANR	2733857	MemberAccess	bbox_out . p		2733183	0					
ANR	2733858	Identifier	bbox_out		2733183	0					
ANR	2733859	Identifier	p		2733183	1					
ANR	2733860	Identifier	y		2733183	1					
ANR	2733861	ExpressionStatement	bbox_out . q . y = bbox_out . p . y + ( ( bbox_out . q . y - bbox_out . p . y ) * cmat . yy )	2318:24:96889:96960	2733183	1	True				
ANR	2733862	AssignmentExpression	bbox_out . q . y = bbox_out . p . y + ( ( bbox_out . q . y - bbox_out . p . y ) * cmat . yy )		2733183	0		=			
ANR	2733863	MemberAccess	bbox_out . q . y		2733183	0					
ANR	2733864	MemberAccess	bbox_out . q		2733183	0					
ANR	2733865	Identifier	bbox_out		2733183	0					
ANR	2733866	Identifier	q		2733183	1					
ANR	2733867	Identifier	y		2733183	1					
ANR	2733868	AdditiveExpression	bbox_out . p . y + ( ( bbox_out . q . y - bbox_out . p . y ) * cmat . yy )		2733183	1		+			
ANR	2733869	MemberAccess	bbox_out . p . y		2733183	0					
ANR	2733870	MemberAccess	bbox_out . p		2733183	0					
ANR	2733871	Identifier	bbox_out		2733183	0					
ANR	2733872	Identifier	p		2733183	1					
ANR	2733873	Identifier	y		2733183	1					
ANR	2733874	MultiplicativeExpression	( bbox_out . q . y - bbox_out . p . y ) * cmat . yy		2733183	1		*			
ANR	2733875	AdditiveExpression	bbox_out . q . y - bbox_out . p . y		2733183	0		-			
ANR	2733876	MemberAccess	bbox_out . q . y		2733183	0					
ANR	2733877	MemberAccess	bbox_out . q		2733183	0					
ANR	2733878	Identifier	bbox_out		2733183	0					
ANR	2733879	Identifier	q		2733183	1					
ANR	2733880	Identifier	y		2733183	1					
ANR	2733881	MemberAccess	bbox_out . p . y		2733183	1					
ANR	2733882	MemberAccess	bbox_out . p		2733183	0					
ANR	2733883	Identifier	bbox_out		2733183	0					
ANR	2733884	Identifier	p		2733183	1					
ANR	2733885	Identifier	y		2733183	1					
ANR	2733886	MemberAccess	cmat . yy		2733183	1					
ANR	2733887	Identifier	cmat		2733183	0					
ANR	2733888	Identifier	yy		2733183	1					
ANR	2733889	ExpressionStatement	force_CTM_change = 1	2319:24:96986:97006	2733183	2	True				
ANR	2733890	AssignmentExpression	force_CTM_change = 1		2733183	0		=			
ANR	2733891	Identifier	force_CTM_change		2733183	0					
ANR	2733892	PrimaryExpression	1		2733183	1					
ANR	2733893	IfStatement	if ( bbox_out . p . x < 0 )		2733183	11					
ANR	2733894	Condition	bbox_out . p . x < 0	2322:24:97055:97070	2733183	0	True				
ANR	2733895	RelationalExpression	bbox_out . p . x < 0		2733183	0		<			
ANR	2733896	MemberAccess	bbox_out . p . x		2733183	0					
ANR	2733897	MemberAccess	bbox_out . p		2733183	0					
ANR	2733898	Identifier	bbox_out		2733183	0					
ANR	2733899	Identifier	p		2733183	1					
ANR	2733900	Identifier	x		2733183	1					
ANR	2733901	PrimaryExpression	0		2733183	1					
ANR	2733902	CompoundStatement		110:42:5720:5720	2733183	1					
ANR	2733903	ExpressionStatement	cmat . tx = bbox_out . p . x * - 1	2323:24:97099:97126	2733183	0	True				
ANR	2733904	AssignmentExpression	cmat . tx = bbox_out . p . x * - 1		2733183	0		=			
ANR	2733905	MemberAccess	cmat . tx		2733183	0					
ANR	2733906	Identifier	cmat		2733183	0					
ANR	2733907	Identifier	tx		2733183	1					
ANR	2733908	MultiplicativeExpression	bbox_out . p . x * - 1		2733183	1		*			
ANR	2733909	MemberAccess	bbox_out . p . x		2733183	0					
ANR	2733910	MemberAccess	bbox_out . p		2733183	0					
ANR	2733911	Identifier	bbox_out		2733183	0					
ANR	2733912	Identifier	p		2733183	1					
ANR	2733913	Identifier	x		2733183	1					
ANR	2733914	UnaryOperationExpression	- 1		2733183	1					
ANR	2733915	UnaryOperator	-		2733183	0					
ANR	2733916	PrimaryExpression	1		2733183	1					
ANR	2733917	ExpressionStatement	bbox_out . q . x += cmat . tx	2324:24:97152:97175	2733183	1	True				
ANR	2733918	AssignmentExpression	bbox_out . q . x += cmat . tx		2733183	0		+=			
ANR	2733919	MemberAccess	bbox_out . q . x		2733183	0					
ANR	2733920	MemberAccess	bbox_out . q		2733183	0					
ANR	2733921	Identifier	bbox_out		2733183	0					
ANR	2733922	Identifier	q		2733183	1					
ANR	2733923	Identifier	x		2733183	1					
ANR	2733924	MemberAccess	cmat . tx		2733183	1					
ANR	2733925	Identifier	cmat		2733183	0					
ANR	2733926	Identifier	tx		2733183	1					
ANR	2733927	ExpressionStatement	force_CTM_change = 1	2325:24:97201:97221	2733183	2	True				
ANR	2733928	AssignmentExpression	force_CTM_change = 1		2733183	0		=			
ANR	2733929	Identifier	force_CTM_change		2733183	0					
ANR	2733930	PrimaryExpression	1		2733183	1					
ANR	2733931	IfStatement	if ( floor ( bbox_out . q . x ) > pdev -> width )		2733183	12					
ANR	2733932	Condition	floor ( bbox_out . q . x ) > pdev -> width	2327:24:97269:97301	2733183	0	True				
ANR	2733933	RelationalExpression	floor ( bbox_out . q . x ) > pdev -> width		2733183	0		>			
ANR	2733934	CallExpression	floor ( bbox_out . q . x )		2733183	0					
ANR	2733935	Callee	floor		2733183	0					
ANR	2733936	Identifier	floor		2733183	0					
ANR	2733937	ArgumentList	bbox_out . q . x		2733183	1					
ANR	2733938	Argument	bbox_out . q . x		2733183	0					
ANR	2733939	MemberAccess	bbox_out . q . x		2733183	0					
ANR	2733940	MemberAccess	bbox_out . q		2733183	0					
ANR	2733941	Identifier	bbox_out		2733183	0					
ANR	2733942	Identifier	q		2733183	1					
ANR	2733943	Identifier	x		2733183	1					
ANR	2733944	PtrMemberAccess	pdev -> width		2733183	1					
ANR	2733945	Identifier	pdev		2733183	0					
ANR	2733946	Identifier	width		2733183	1					
ANR	2733947	CompoundStatement		115:59:5951:5951	2733183	1					
ANR	2733948	ExpressionStatement	cmat . tx -= bbox_out . p . x	2328:24:97330:97353	2733183	0	True				
ANR	2733949	AssignmentExpression	cmat . tx -= bbox_out . p . x		2733183	0		-=			
ANR	2733950	MemberAccess	cmat . tx		2733183	0					
ANR	2733951	Identifier	cmat		2733183	0					
ANR	2733952	Identifier	tx		2733183	1					
ANR	2733953	MemberAccess	bbox_out . p . x		2733183	1					
ANR	2733954	MemberAccess	bbox_out . p		2733183	0					
ANR	2733955	Identifier	bbox_out		2733183	0					
ANR	2733956	Identifier	p		2733183	1					
ANR	2733957	Identifier	x		2733183	1					
ANR	2733958	ExpressionStatement	bbox_out . q . x -= bbox_out . p . x	2329:24:97379:97407	2733183	1	True				
ANR	2733959	AssignmentExpression	bbox_out . q . x -= bbox_out . p . x		2733183	0		-=			
ANR	2733960	MemberAccess	bbox_out . q . x		2733183	0					
ANR	2733961	MemberAccess	bbox_out . q		2733183	0					
ANR	2733962	Identifier	bbox_out		2733183	0					
ANR	2733963	Identifier	q		2733183	1					
ANR	2733964	Identifier	x		2733183	1					
ANR	2733965	MemberAccess	bbox_out . p . x		2733183	1					
ANR	2733966	MemberAccess	bbox_out . p		2733183	0					
ANR	2733967	Identifier	bbox_out		2733183	0					
ANR	2733968	Identifier	p		2733183	1					
ANR	2733969	Identifier	x		2733183	1					
ANR	2733970	ExpressionStatement	bbox_out . p . x = 0	2330:24:97433:97449	2733183	2	True				
ANR	2733971	AssignmentExpression	bbox_out . p . x = 0		2733183	0		=			
ANR	2733972	MemberAccess	bbox_out . p . x		2733183	0					
ANR	2733973	MemberAccess	bbox_out . p		2733183	0					
ANR	2733974	Identifier	bbox_out		2733183	0					
ANR	2733975	Identifier	p		2733183	1					
ANR	2733976	Identifier	x		2733183	1					
ANR	2733977	PrimaryExpression	0		2733183	1					
ANR	2733978	ExpressionStatement	force_CTM_change = 1	2331:24:97475:97495	2733183	3	True				
ANR	2733979	AssignmentExpression	force_CTM_change = 1		2733183	0		=			
ANR	2733980	Identifier	force_CTM_change		2733183	0					
ANR	2733981	PrimaryExpression	1		2733183	1					
ANR	2733982	IfStatement	if ( bbox_out . p . y < 0 )		2733183	13					
ANR	2733983	Condition	bbox_out . p . y < 0	2333:24:97543:97558	2733183	0	True				
ANR	2733984	RelationalExpression	bbox_out . p . y < 0		2733183	0		<			
ANR	2733985	MemberAccess	bbox_out . p . y		2733183	0					
ANR	2733986	MemberAccess	bbox_out . p		2733183	0					
ANR	2733987	Identifier	bbox_out		2733183	0					
ANR	2733988	Identifier	p		2733183	1					
ANR	2733989	Identifier	y		2733183	1					
ANR	2733990	PrimaryExpression	0		2733183	1					
ANR	2733991	CompoundStatement		121:42:6208:6208	2733183	1					
ANR	2733992	ExpressionStatement	cmat . ty = bbox_out . p . y * - 1	2334:24:97587:97614	2733183	0	True				
ANR	2733993	AssignmentExpression	cmat . ty = bbox_out . p . y * - 1		2733183	0		=			
ANR	2733994	MemberAccess	cmat . ty		2733183	0					
ANR	2733995	Identifier	cmat		2733183	0					
ANR	2733996	Identifier	ty		2733183	1					
ANR	2733997	MultiplicativeExpression	bbox_out . p . y * - 1		2733183	1		*			
ANR	2733998	MemberAccess	bbox_out . p . y		2733183	0					
ANR	2733999	MemberAccess	bbox_out . p		2733183	0					
ANR	2734000	Identifier	bbox_out		2733183	0					
ANR	2734001	Identifier	p		2733183	1					
ANR	2734002	Identifier	y		2733183	1					
ANR	2734003	UnaryOperationExpression	- 1		2733183	1					
ANR	2734004	UnaryOperator	-		2733183	0					
ANR	2734005	PrimaryExpression	1		2733183	1					
ANR	2734006	ExpressionStatement	bbox_out . q . y += cmat . ty	2335:24:97640:97663	2733183	1	True				
ANR	2734007	AssignmentExpression	bbox_out . q . y += cmat . ty		2733183	0		+=			
ANR	2734008	MemberAccess	bbox_out . q . y		2733183	0					
ANR	2734009	MemberAccess	bbox_out . q		2733183	0					
ANR	2734010	Identifier	bbox_out		2733183	0					
ANR	2734011	Identifier	q		2733183	1					
ANR	2734012	Identifier	y		2733183	1					
ANR	2734013	MemberAccess	cmat . ty		2733183	1					
ANR	2734014	Identifier	cmat		2733183	0					
ANR	2734015	Identifier	ty		2733183	1					
ANR	2734016	ExpressionStatement	force_CTM_change = 1	2336:24:97689:97709	2733183	2	True				
ANR	2734017	AssignmentExpression	force_CTM_change = 1		2733183	0		=			
ANR	2734018	Identifier	force_CTM_change		2733183	0					
ANR	2734019	PrimaryExpression	1		2733183	1					
ANR	2734020	IfStatement	if ( floor ( bbox_out . q . y ) > pdev -> height )		2733183	14					
ANR	2734021	Condition	floor ( bbox_out . q . y ) > pdev -> height	2338:24:97757:97790	2733183	0	True				
ANR	2734022	RelationalExpression	floor ( bbox_out . q . y ) > pdev -> height		2733183	0		>			
ANR	2734023	CallExpression	floor ( bbox_out . q . y )		2733183	0					
ANR	2734024	Callee	floor		2733183	0					
ANR	2734025	Identifier	floor		2733183	0					
ANR	2734026	ArgumentList	bbox_out . q . y		2733183	1					
ANR	2734027	Argument	bbox_out . q . y		2733183	0					
ANR	2734028	MemberAccess	bbox_out . q . y		2733183	0					
ANR	2734029	MemberAccess	bbox_out . q		2733183	0					
ANR	2734030	Identifier	bbox_out		2733183	0					
ANR	2734031	Identifier	q		2733183	1					
ANR	2734032	Identifier	y		2733183	1					
ANR	2734033	PtrMemberAccess	pdev -> height		2733183	1					
ANR	2734034	Identifier	pdev		2733183	0					
ANR	2734035	Identifier	height		2733183	1					
ANR	2734036	CompoundStatement		126:60:6440:6440	2733183	1					
ANR	2734037	ExpressionStatement	cmat . ty += pdev -> height - bbox_out . q . y	2339:24:97819:97857	2733183	0	True				
ANR	2734038	AssignmentExpression	cmat . ty += pdev -> height - bbox_out . q . y		2733183	0		+=			
ANR	2734039	MemberAccess	cmat . ty		2733183	0					
ANR	2734040	Identifier	cmat		2733183	0					
ANR	2734041	Identifier	ty		2733183	1					
ANR	2734042	AdditiveExpression	pdev -> height - bbox_out . q . y		2733183	1		-			
ANR	2734043	PtrMemberAccess	pdev -> height		2733183	0					
ANR	2734044	Identifier	pdev		2733183	0					
ANR	2734045	Identifier	height		2733183	1					
ANR	2734046	MemberAccess	bbox_out . q . y		2733183	1					
ANR	2734047	MemberAccess	bbox_out . q		2733183	0					
ANR	2734048	Identifier	bbox_out		2733183	0					
ANR	2734049	Identifier	q		2733183	1					
ANR	2734050	Identifier	y		2733183	1					
ANR	2734051	ExpressionStatement	force_CTM_change = 1	2340:24:97883:97903	2733183	1	True				
ANR	2734052	AssignmentExpression	force_CTM_change = 1		2733183	0		=			
ANR	2734053	Identifier	force_CTM_change		2733183	0					
ANR	2734054	PrimaryExpression	1		2733183	1					
ANR	2734055	IfStatement	if ( force_CTM_change )		2733183	15					
ANR	2734056	Condition	force_CTM_change	2343:24:97952:97967	2733183	0	True				
ANR	2734057	Identifier	force_CTM_change		2733183	0					
ANR	2734058	CompoundStatement		131:42:6617:6617	2733183	1					
ANR	2734059	ExpressionStatement	"code = gs_matrix_multiply ( & tmplate -> CTM , & cmat , & new_mat )"	2344:24:97996:98053	2733183	0	True				
ANR	2734060	AssignmentExpression	"code = gs_matrix_multiply ( & tmplate -> CTM , & cmat , & new_mat )"		2733183	0		=			
ANR	2734061	Identifier	code		2733183	0					
ANR	2734062	CallExpression	"gs_matrix_multiply ( & tmplate -> CTM , & cmat , & new_mat )"		2733183	1					
ANR	2734063	Callee	gs_matrix_multiply		2733183	0					
ANR	2734064	Identifier	gs_matrix_multiply		2733183	0					
ANR	2734065	ArgumentList	& tmplate -> CTM		2733183	1					
ANR	2734066	Argument	& tmplate -> CTM		2733183	0					
ANR	2734067	UnaryOperationExpression	& tmplate -> CTM		2733183	0					
ANR	2734068	UnaryOperator	&		2733183	0					
ANR	2734069	PtrMemberAccess	tmplate -> CTM		2733183	1					
ANR	2734070	Identifier	tmplate		2733183	0					
ANR	2734071	Identifier	CTM		2733183	1					
ANR	2734072	Argument	& cmat		2733183	1					
ANR	2734073	UnaryOperationExpression	& cmat		2733183	0					
ANR	2734074	UnaryOperator	&		2733183	0					
ANR	2734075	Identifier	cmat		2733183	1					
ANR	2734076	Argument	& new_mat		2733183	2					
ANR	2734077	UnaryOperationExpression	& new_mat		2733183	0					
ANR	2734078	UnaryOperator	&		2733183	0					
ANR	2734079	Identifier	new_mat		2733183	1					
ANR	2734080	IfStatement	if ( code < 0 )		2733183	1					
ANR	2734081	Condition	code < 0	2345:28:98083:98090	2733183	0	True				
ANR	2734082	RelationalExpression	code < 0		2733183	0		<			
ANR	2734083	Identifier	code		2733183	0					
ANR	2734084	PrimaryExpression	0		2733183	1					
ANR	2734085	ReturnStatement	return code ;	2346:28:98121:98132	2733183	1	True				
ANR	2734086	Identifier	code		2733183	0					
ANR	2734087	ExpressionStatement	"code = gs_matrix_multiply ( & tmplate -> form_matrix , & new_mat , & cmat )"	2347:24:98158:98223	2733183	2	True				
ANR	2734088	AssignmentExpression	"code = gs_matrix_multiply ( & tmplate -> form_matrix , & new_mat , & cmat )"		2733183	0		=			
ANR	2734089	Identifier	code		2733183	0					
ANR	2734090	CallExpression	"gs_matrix_multiply ( & tmplate -> form_matrix , & new_mat , & cmat )"		2733183	1					
ANR	2734091	Callee	gs_matrix_multiply		2733183	0					
ANR	2734092	Identifier	gs_matrix_multiply		2733183	0					
ANR	2734093	ArgumentList	& tmplate -> form_matrix		2733183	1					
ANR	2734094	Argument	& tmplate -> form_matrix		2733183	0					
ANR	2734095	UnaryOperationExpression	& tmplate -> form_matrix		2733183	0					
ANR	2734096	UnaryOperator	&		2733183	0					
ANR	2734097	PtrMemberAccess	tmplate -> form_matrix		2733183	1					
ANR	2734098	Identifier	tmplate		2733183	0					
ANR	2734099	Identifier	form_matrix		2733183	1					
ANR	2734100	Argument	& new_mat		2733183	1					
ANR	2734101	UnaryOperationExpression	& new_mat		2733183	0					
ANR	2734102	UnaryOperator	&		2733183	0					
ANR	2734103	Identifier	new_mat		2733183	1					
ANR	2734104	Argument	& cmat		2733183	2					
ANR	2734105	UnaryOperationExpression	& cmat		2733183	0					
ANR	2734106	UnaryOperator	&		2733183	0					
ANR	2734107	Identifier	cmat		2733183	1					
ANR	2734108	IfStatement	if ( code < 0 )		2733183	3					
ANR	2734109	Condition	code < 0	2348:28:98253:98260	2733183	0	True				
ANR	2734110	RelationalExpression	code < 0		2733183	0		<			
ANR	2734111	Identifier	code		2733183	0					
ANR	2734112	PrimaryExpression	0		2733183	1					
ANR	2734113	ReturnStatement	return code ;	2349:28:98291:98302	2733183	1	True				
ANR	2734114	Identifier	code		2733183	0					
ANR	2734115	ExpressionStatement	"code = gs_bbox_transform ( & tmplate -> BBox , & cmat , & bbox_out )"	2350:24:98328:98386	2733183	4	True				
ANR	2734116	AssignmentExpression	"code = gs_bbox_transform ( & tmplate -> BBox , & cmat , & bbox_out )"		2733183	0		=			
ANR	2734117	Identifier	code		2733183	0					
ANR	2734118	CallExpression	"gs_bbox_transform ( & tmplate -> BBox , & cmat , & bbox_out )"		2733183	1					
ANR	2734119	Callee	gs_bbox_transform		2733183	0					
ANR	2734120	Identifier	gs_bbox_transform		2733183	0					
ANR	2734121	ArgumentList	& tmplate -> BBox		2733183	1					
ANR	2734122	Argument	& tmplate -> BBox		2733183	0					
ANR	2734123	UnaryOperationExpression	& tmplate -> BBox		2733183	0					
ANR	2734124	UnaryOperator	&		2733183	0					
ANR	2734125	PtrMemberAccess	tmplate -> BBox		2733183	1					
ANR	2734126	Identifier	tmplate		2733183	0					
ANR	2734127	Identifier	BBox		2733183	1					
ANR	2734128	Argument	& cmat		2733183	1					
ANR	2734129	UnaryOperationExpression	& cmat		2733183	0					
ANR	2734130	UnaryOperator	&		2733183	0					
ANR	2734131	Identifier	cmat		2733183	1					
ANR	2734132	Argument	& bbox_out		2733183	2					
ANR	2734133	UnaryOperationExpression	& bbox_out		2733183	0					
ANR	2734134	UnaryOperator	&		2733183	0					
ANR	2734135	Identifier	bbox_out		2733183	1					
ANR	2734136	IfStatement	if ( code < 0 )		2733183	5					
ANR	2734137	Condition	code < 0	2351:28:98416:98423	2733183	0	True				
ANR	2734138	RelationalExpression	code < 0		2733183	0		<			
ANR	2734139	Identifier	code		2733183	0					
ANR	2734140	PrimaryExpression	0		2733183	1					
ANR	2734141	ReturnStatement	return code ;	2352:28:98454:98465	2733183	1	True				
ANR	2734142	Identifier	code		2733183	0					
ANR	2734143	ExpressionStatement	tmplate -> CTM = cmat	2353:24:98491:98510	2733183	6	True				
ANR	2734144	AssignmentExpression	tmplate -> CTM = cmat		2733183	0		=			
ANR	2734145	PtrMemberAccess	tmplate -> CTM		2733183	0					
ANR	2734146	Identifier	tmplate		2733183	0					
ANR	2734147	Identifier	CTM		2733183	1					
ANR	2734148	Identifier	cmat		2733183	1					
ANR	2734149	ExpressionStatement	arry [ 0 ] = bbox_out . p . x	2355:20:98554:98576	2733183	16	True				
ANR	2734150	AssignmentExpression	arry [ 0 ] = bbox_out . p . x		2733183	0		=			
ANR	2734151	ArrayIndexing	arry [ 0 ]		2733183	0					
ANR	2734152	Identifier	arry		2733183	0					
ANR	2734153	PrimaryExpression	0		2733183	1					
ANR	2734154	MemberAccess	bbox_out . p . x		2733183	1					
ANR	2734155	MemberAccess	bbox_out . p		2733183	0					
ANR	2734156	Identifier	bbox_out		2733183	0					
ANR	2734157	Identifier	p		2733183	1					
ANR	2734158	Identifier	x		2733183	1					
ANR	2734159	ExpressionStatement	arry [ 1 ] = bbox_out . p . y	2356:20:98598:98620	2733183	17	True				
ANR	2734160	AssignmentExpression	arry [ 1 ] = bbox_out . p . y		2733183	0		=			
ANR	2734161	ArrayIndexing	arry [ 1 ]		2733183	0					
ANR	2734162	Identifier	arry		2733183	0					
ANR	2734163	PrimaryExpression	1		2733183	1					
ANR	2734164	MemberAccess	bbox_out . p . y		2733183	1					
ANR	2734165	MemberAccess	bbox_out . p		2733183	0					
ANR	2734166	Identifier	bbox_out		2733183	0					
ANR	2734167	Identifier	p		2733183	1					
ANR	2734168	Identifier	y		2733183	1					
ANR	2734169	ExpressionStatement	arry [ 2 ] = bbox_out . q . x	2357:20:98642:98664	2733183	18	True				
ANR	2734170	AssignmentExpression	arry [ 2 ] = bbox_out . q . x		2733183	0		=			
ANR	2734171	ArrayIndexing	arry [ 2 ]		2733183	0					
ANR	2734172	Identifier	arry		2733183	0					
ANR	2734173	PrimaryExpression	2		2733183	1					
ANR	2734174	MemberAccess	bbox_out . q . x		2733183	1					
ANR	2734175	MemberAccess	bbox_out . q		2733183	0					
ANR	2734176	Identifier	bbox_out		2733183	0					
ANR	2734177	Identifier	q		2733183	1					
ANR	2734178	Identifier	x		2733183	1					
ANR	2734179	ExpressionStatement	arry [ 3 ] = bbox_out . q . y	2358:20:98686:98708	2733183	19	True				
ANR	2734180	AssignmentExpression	arry [ 3 ] = bbox_out . q . y		2733183	0		=			
ANR	2734181	ArrayIndexing	arry [ 3 ]		2733183	0					
ANR	2734182	Identifier	arry		2733183	0					
ANR	2734183	PrimaryExpression	3		2733183	1					
ANR	2734184	MemberAccess	bbox_out . q . y		2733183	1					
ANR	2734185	MemberAccess	bbox_out . q		2733183	0					
ANR	2734186	Identifier	bbox_out		2733183	0					
ANR	2734187	Identifier	q		2733183	1					
ANR	2734188	Identifier	y		2733183	1					
ANR	2734189	IfStatement	if ( code >= 0 )		2733183	20					
ANR	2734190	Condition	code >= 0	2359:24:98734:98742	2733183	0	True				
ANR	2734191	RelationalExpression	code >= 0		2733183	0		>=			
ANR	2734192	Identifier	code		2733183	0					
ANR	2734193	PrimaryExpression	0		2733183	1					
ANR	2734194	ExpressionStatement	"code = cos_dict_put_c_key_floats ( pdev , pcd , ""/BBox"" , arry , 4 )"	2360:24:98769:98830	2733183	1	True				
ANR	2734195	AssignmentExpression	"code = cos_dict_put_c_key_floats ( pdev , pcd , ""/BBox"" , arry , 4 )"		2733183	0		=			
ANR	2734196	Identifier	code		2733183	0					
ANR	2734197	CallExpression	"cos_dict_put_c_key_floats ( pdev , pcd , ""/BBox"" , arry , 4 )"		2733183	1					
ANR	2734198	Callee	cos_dict_put_c_key_floats		2733183	0					
ANR	2734199	Identifier	cos_dict_put_c_key_floats		2733183	0					
ANR	2734200	ArgumentList	pdev		2733183	1					
ANR	2734201	Argument	pdev		2733183	0					
ANR	2734202	Identifier	pdev		2733183	0					
ANR	2734203	Argument	pcd		2733183	1					
ANR	2734204	Identifier	pcd		2733183	0					
ANR	2734205	Argument	"""/BBox"""		2733183	2					
ANR	2734206	PrimaryExpression	"""/BBox"""		2733183	0					
ANR	2734207	Argument	arry		2733183	3					
ANR	2734208	Identifier	arry		2733183	0					
ANR	2734209	Argument	4		2733183	4					
ANR	2734210	PrimaryExpression	4		2733183	0					
ANR	2734211	IfStatement	if ( code < 0 )		2733183	21					
ANR	2734212	Condition	code < 0	2361:24:98856:98863	2733183	0	True				
ANR	2734213	RelationalExpression	code < 0		2733183	0		<			
ANR	2734214	Identifier	code		2733183	0					
ANR	2734215	PrimaryExpression	0		2733183	1					
ANR	2734216	ReturnStatement	return code ;	2362:24:98890:98901	2733183	1	True				
ANR	2734217	Identifier	code		2733183	0					
ANR	2734218	ExpressionStatement	arry [ 0 ] = arry [ 3 ] = 1.0f	2368:20:99247:99271	2733183	22	True				
ANR	2734219	AssignmentExpression	arry [ 0 ] = arry [ 3 ] = 1.0f		2733183	0		=			
ANR	2734220	ArrayIndexing	arry [ 0 ]		2733183	0					
ANR	2734221	Identifier	arry		2733183	0					
ANR	2734222	PrimaryExpression	0		2733183	1					
ANR	2734223	AssignmentExpression	arry [ 3 ] = 1.0f		2733183	1		=			
ANR	2734224	ArrayIndexing	arry [ 3 ]		2733183	0					
ANR	2734225	Identifier	arry		2733183	0					
ANR	2734226	PrimaryExpression	3		2733183	1					
ANR	2734227	PrimaryExpression	1.0f		2733183	1					
ANR	2734228	ExpressionStatement	arry [ 1 ] = arry [ 2 ] = arry [ 4 ] = arry [ 5 ] = 0.0f	2369:20:99293:99337	2733183	23	True				
ANR	2734229	AssignmentExpression	arry [ 1 ] = arry [ 2 ] = arry [ 4 ] = arry [ 5 ] = 0.0f		2733183	0		=			
ANR	2734230	ArrayIndexing	arry [ 1 ]		2733183	0					
ANR	2734231	Identifier	arry		2733183	0					
ANR	2734232	PrimaryExpression	1		2733183	1					
ANR	2734233	AssignmentExpression	arry [ 2 ] = arry [ 4 ] = arry [ 5 ] = 0.0f		2733183	1		=			
ANR	2734234	ArrayIndexing	arry [ 2 ]		2733183	0					
ANR	2734235	Identifier	arry		2733183	0					
ANR	2734236	PrimaryExpression	2		2733183	1					
ANR	2734237	AssignmentExpression	arry [ 4 ] = arry [ 5 ] = 0.0f		2733183	1		=			
ANR	2734238	ArrayIndexing	arry [ 4 ]		2733183	0					
ANR	2734239	Identifier	arry		2733183	0					
ANR	2734240	PrimaryExpression	4		2733183	1					
ANR	2734241	AssignmentExpression	arry [ 5 ] = 0.0f		2733183	1		=			
ANR	2734242	ArrayIndexing	arry [ 5 ]		2733183	0					
ANR	2734243	Identifier	arry		2733183	0					
ANR	2734244	PrimaryExpression	5		2733183	1					
ANR	2734245	PrimaryExpression	0.0f		2733183	1					
ANR	2734246	ElseStatement	else		2733183	0					
ANR	2734247	CompoundStatement		158:23:8009:8009	2733183	0					
ANR	2734248	ExpressionStatement	arry [ 0 ] = tmplate -> BBox . p . x	2371:20:99384:99411	2733183	0	True				
ANR	2734249	AssignmentExpression	arry [ 0 ] = tmplate -> BBox . p . x		2733183	0		=			
ANR	2734250	ArrayIndexing	arry [ 0 ]		2733183	0					
ANR	2734251	Identifier	arry		2733183	0					
ANR	2734252	PrimaryExpression	0		2733183	1					
ANR	2734253	MemberAccess	tmplate -> BBox . p . x		2733183	1					
ANR	2734254	MemberAccess	tmplate -> BBox . p		2733183	0					
ANR	2734255	PtrMemberAccess	tmplate -> BBox		2733183	0					
ANR	2734256	Identifier	tmplate		2733183	0					
ANR	2734257	Identifier	BBox		2733183	1					
ANR	2734258	Identifier	p		2733183	1					
ANR	2734259	Identifier	x		2733183	1					
ANR	2734260	ExpressionStatement	arry [ 1 ] = tmplate -> BBox . p . y	2372:20:99433:99460	2733183	1	True				
ANR	2734261	AssignmentExpression	arry [ 1 ] = tmplate -> BBox . p . y		2733183	0		=			
ANR	2734262	ArrayIndexing	arry [ 1 ]		2733183	0					
ANR	2734263	Identifier	arry		2733183	0					
ANR	2734264	PrimaryExpression	1		2733183	1					
ANR	2734265	MemberAccess	tmplate -> BBox . p . y		2733183	1					
ANR	2734266	MemberAccess	tmplate -> BBox . p		2733183	0					
ANR	2734267	PtrMemberAccess	tmplate -> BBox		2733183	0					
ANR	2734268	Identifier	tmplate		2733183	0					
ANR	2734269	Identifier	BBox		2733183	1					
ANR	2734270	Identifier	p		2733183	1					
ANR	2734271	Identifier	y		2733183	1					
ANR	2734272	ExpressionStatement	arry [ 2 ] = tmplate -> BBox . q . x	2373:20:99482:99509	2733183	2	True				
ANR	2734273	AssignmentExpression	arry [ 2 ] = tmplate -> BBox . q . x		2733183	0		=			
ANR	2734274	ArrayIndexing	arry [ 2 ]		2733183	0					
ANR	2734275	Identifier	arry		2733183	0					
ANR	2734276	PrimaryExpression	2		2733183	1					
ANR	2734277	MemberAccess	tmplate -> BBox . q . x		2733183	1					
ANR	2734278	MemberAccess	tmplate -> BBox . q		2733183	0					
ANR	2734279	PtrMemberAccess	tmplate -> BBox		2733183	0					
ANR	2734280	Identifier	tmplate		2733183	0					
ANR	2734281	Identifier	BBox		2733183	1					
ANR	2734282	Identifier	q		2733183	1					
ANR	2734283	Identifier	x		2733183	1					
ANR	2734284	ExpressionStatement	arry [ 3 ] = tmplate -> BBox . q . y	2374:20:99531:99558	2733183	3	True				
ANR	2734285	AssignmentExpression	arry [ 3 ] = tmplate -> BBox . q . y		2733183	0		=			
ANR	2734286	ArrayIndexing	arry [ 3 ]		2733183	0					
ANR	2734287	Identifier	arry		2733183	0					
ANR	2734288	PrimaryExpression	3		2733183	1					
ANR	2734289	MemberAccess	tmplate -> BBox . q . y		2733183	1					
ANR	2734290	MemberAccess	tmplate -> BBox . q		2733183	0					
ANR	2734291	PtrMemberAccess	tmplate -> BBox		2733183	0					
ANR	2734292	Identifier	tmplate		2733183	0					
ANR	2734293	Identifier	BBox		2733183	1					
ANR	2734294	Identifier	q		2733183	1					
ANR	2734295	Identifier	y		2733183	1					
ANR	2734296	IfStatement	if ( code >= 0 )		2733183	4					
ANR	2734297	Condition	code >= 0	2375:24:99584:99592	2733183	0	True				
ANR	2734298	RelationalExpression	code >= 0		2733183	0		>=			
ANR	2734299	Identifier	code		2733183	0					
ANR	2734300	PrimaryExpression	0		2733183	1					
ANR	2734301	ExpressionStatement	"code = cos_dict_put_c_key_floats ( pdev , pcd , ""/BBox"" , arry , 4 )"	2376:24:99619:99680	2733183	1	True				
ANR	2734302	AssignmentExpression	"code = cos_dict_put_c_key_floats ( pdev , pcd , ""/BBox"" , arry , 4 )"		2733183	0		=			
ANR	2734303	Identifier	code		2733183	0					
ANR	2734304	CallExpression	"cos_dict_put_c_key_floats ( pdev , pcd , ""/BBox"" , arry , 4 )"		2733183	1					
ANR	2734305	Callee	cos_dict_put_c_key_floats		2733183	0					
ANR	2734306	Identifier	cos_dict_put_c_key_floats		2733183	0					
ANR	2734307	ArgumentList	pdev		2733183	1					
ANR	2734308	Argument	pdev		2733183	0					
ANR	2734309	Identifier	pdev		2733183	0					
ANR	2734310	Argument	pcd		2733183	1					
ANR	2734311	Identifier	pcd		2733183	0					
ANR	2734312	Argument	"""/BBox"""		2733183	2					
ANR	2734313	PrimaryExpression	"""/BBox"""		2733183	0					
ANR	2734314	Argument	arry		2733183	3					
ANR	2734315	Identifier	arry		2733183	0					
ANR	2734316	Argument	4		2733183	4					
ANR	2734317	PrimaryExpression	4		2733183	0					
ANR	2734318	IfStatement	if ( code < 0 )		2733183	5					
ANR	2734319	Condition	code < 0	2377:24:99706:99713	2733183	0	True				
ANR	2734320	RelationalExpression	code < 0		2733183	0		<			
ANR	2734321	Identifier	code		2733183	0					
ANR	2734322	PrimaryExpression	0		2733183	1					
ANR	2734323	ReturnStatement	return code ;	2378:24:99740:99751	2733183	1	True				
ANR	2734324	Identifier	code		2733183	0					
ANR	2734325	ExpressionStatement	arry [ 0 ] = tmplate -> form_matrix . xx	2380:20:99774:99807	2733183	6	True				
ANR	2734326	AssignmentExpression	arry [ 0 ] = tmplate -> form_matrix . xx		2733183	0		=			
ANR	2734327	ArrayIndexing	arry [ 0 ]		2733183	0					
ANR	2734328	Identifier	arry		2733183	0					
ANR	2734329	PrimaryExpression	0		2733183	1					
ANR	2734330	MemberAccess	tmplate -> form_matrix . xx		2733183	1					
ANR	2734331	PtrMemberAccess	tmplate -> form_matrix		2733183	0					
ANR	2734332	Identifier	tmplate		2733183	0					
ANR	2734333	Identifier	form_matrix		2733183	1					
ANR	2734334	Identifier	xx		2733183	1					
ANR	2734335	ExpressionStatement	arry [ 1 ] = tmplate -> form_matrix . xy	2381:20:99829:99862	2733183	7	True				
ANR	2734336	AssignmentExpression	arry [ 1 ] = tmplate -> form_matrix . xy		2733183	0		=			
ANR	2734337	ArrayIndexing	arry [ 1 ]		2733183	0					
ANR	2734338	Identifier	arry		2733183	0					
ANR	2734339	PrimaryExpression	1		2733183	1					
ANR	2734340	MemberAccess	tmplate -> form_matrix . xy		2733183	1					
ANR	2734341	PtrMemberAccess	tmplate -> form_matrix		2733183	0					
ANR	2734342	Identifier	tmplate		2733183	0					
ANR	2734343	Identifier	form_matrix		2733183	1					
ANR	2734344	Identifier	xy		2733183	1					
ANR	2734345	ExpressionStatement	arry [ 2 ] = tmplate -> form_matrix . yx	2382:20:99884:99917	2733183	8	True				
ANR	2734346	AssignmentExpression	arry [ 2 ] = tmplate -> form_matrix . yx		2733183	0		=			
ANR	2734347	ArrayIndexing	arry [ 2 ]		2733183	0					
ANR	2734348	Identifier	arry		2733183	0					
ANR	2734349	PrimaryExpression	2		2733183	1					
ANR	2734350	MemberAccess	tmplate -> form_matrix . yx		2733183	1					
ANR	2734351	PtrMemberAccess	tmplate -> form_matrix		2733183	0					
ANR	2734352	Identifier	tmplate		2733183	0					
ANR	2734353	Identifier	form_matrix		2733183	1					
ANR	2734354	Identifier	yx		2733183	1					
ANR	2734355	ExpressionStatement	arry [ 3 ] = tmplate -> form_matrix . yy	2383:20:99939:99972	2733183	9	True				
ANR	2734356	AssignmentExpression	arry [ 3 ] = tmplate -> form_matrix . yy		2733183	0		=			
ANR	2734357	ArrayIndexing	arry [ 3 ]		2733183	0					
ANR	2734358	Identifier	arry		2733183	0					
ANR	2734359	PrimaryExpression	3		2733183	1					
ANR	2734360	MemberAccess	tmplate -> form_matrix . yy		2733183	1					
ANR	2734361	PtrMemberAccess	tmplate -> form_matrix		2733183	0					
ANR	2734362	Identifier	tmplate		2733183	0					
ANR	2734363	Identifier	form_matrix		2733183	1					
ANR	2734364	Identifier	yy		2733183	1					
ANR	2734365	ExpressionStatement	arry [ 4 ] = tmplate -> form_matrix . tx	2384:20:99994:100027	2733183	10	True				
ANR	2734366	AssignmentExpression	arry [ 4 ] = tmplate -> form_matrix . tx		2733183	0		=			
ANR	2734367	ArrayIndexing	arry [ 4 ]		2733183	0					
ANR	2734368	Identifier	arry		2733183	0					
ANR	2734369	PrimaryExpression	4		2733183	1					
ANR	2734370	MemberAccess	tmplate -> form_matrix . tx		2733183	1					
ANR	2734371	PtrMemberAccess	tmplate -> form_matrix		2733183	0					
ANR	2734372	Identifier	tmplate		2733183	0					
ANR	2734373	Identifier	form_matrix		2733183	1					
ANR	2734374	Identifier	tx		2733183	1					
ANR	2734375	ExpressionStatement	arry [ 5 ] = tmplate -> form_matrix . ty	2385:20:100049:100082	2733183	11	True				
ANR	2734376	AssignmentExpression	arry [ 5 ] = tmplate -> form_matrix . ty		2733183	0		=			
ANR	2734377	ArrayIndexing	arry [ 5 ]		2733183	0					
ANR	2734378	Identifier	arry		2733183	0					
ANR	2734379	PrimaryExpression	5		2733183	1					
ANR	2734380	MemberAccess	tmplate -> form_matrix . ty		2733183	1					
ANR	2734381	PtrMemberAccess	tmplate -> form_matrix		2733183	0					
ANR	2734382	Identifier	tmplate		2733183	0					
ANR	2734383	Identifier	form_matrix		2733183	1					
ANR	2734384	Identifier	ty		2733183	1					
ANR	2734385	ExpressionStatement	"pprintg2 ( pdev -> strm , ""%g 0 0 %g 0 0 cm\\n"" , 72.0 / pdev -> HWResolution [ 0 ] , 72.0 / pdev -> HWResolution [ 1 ] )"	2387:20:100105:100232	2733183	12	True				
ANR	2734386	CallExpression	"pprintg2 ( pdev -> strm , ""%g 0 0 %g 0 0 cm\\n"" , 72.0 / pdev -> HWResolution [ 0 ] , 72.0 / pdev -> HWResolution [ 1 ] )"		2733183	0					
ANR	2734387	Callee	pprintg2		2733183	0					
ANR	2734388	Identifier	pprintg2		2733183	0					
ANR	2734389	ArgumentList	pdev -> strm		2733183	1					
ANR	2734390	Argument	pdev -> strm		2733183	0					
ANR	2734391	PtrMemberAccess	pdev -> strm		2733183	0					
ANR	2734392	Identifier	pdev		2733183	0					
ANR	2734393	Identifier	strm		2733183	1					
ANR	2734394	Argument	"""%g 0 0 %g 0 0 cm\\n"""		2733183	1					
ANR	2734395	PrimaryExpression	"""%g 0 0 %g 0 0 cm\\n"""		2733183	0					
ANR	2734396	Argument	72.0 / pdev -> HWResolution [ 0 ]		2733183	2					
ANR	2734397	MultiplicativeExpression	72.0 / pdev -> HWResolution [ 0 ]		2733183	0		/			
ANR	2734398	PrimaryExpression	72.0		2733183	0					
ANR	2734399	ArrayIndexing	pdev -> HWResolution [ 0 ]		2733183	1					
ANR	2734400	PtrMemberAccess	pdev -> HWResolution		2733183	0					
ANR	2734401	Identifier	pdev		2733183	0					
ANR	2734402	Identifier	HWResolution		2733183	1					
ANR	2734403	PrimaryExpression	0		2733183	1					
ANR	2734404	Argument	72.0 / pdev -> HWResolution [ 1 ]		2733183	3					
ANR	2734405	MultiplicativeExpression	72.0 / pdev -> HWResolution [ 1 ]		2733183	0		/			
ANR	2734406	PrimaryExpression	72.0		2733183	0					
ANR	2734407	ArrayIndexing	pdev -> HWResolution [ 1 ]		2733183	1					
ANR	2734408	PtrMemberAccess	pdev -> HWResolution		2733183	0					
ANR	2734409	Identifier	pdev		2733183	0					
ANR	2734410	Identifier	HWResolution		2733183	1					
ANR	2734411	PrimaryExpression	1		2733183	1					
ANR	2734412	ExpressionStatement	"code = cos_dict_put_c_key_floats ( pdev , pcd , ""/Matrix"" , arry , 6 )"	2391:16:100269:100332	2733183	18	True				
ANR	2734413	AssignmentExpression	"code = cos_dict_put_c_key_floats ( pdev , pcd , ""/Matrix"" , arry , 6 )"		2733183	0		=			
ANR	2734414	Identifier	code		2733183	0					
ANR	2734415	CallExpression	"cos_dict_put_c_key_floats ( pdev , pcd , ""/Matrix"" , arry , 6 )"		2733183	1					
ANR	2734416	Callee	cos_dict_put_c_key_floats		2733183	0					
ANR	2734417	Identifier	cos_dict_put_c_key_floats		2733183	0					
ANR	2734418	ArgumentList	pdev		2733183	1					
ANR	2734419	Argument	pdev		2733183	0					
ANR	2734420	Identifier	pdev		2733183	0					
ANR	2734421	Argument	pcd		2733183	1					
ANR	2734422	Identifier	pcd		2733183	0					
ANR	2734423	Argument	"""/Matrix"""		2733183	2					
ANR	2734424	PrimaryExpression	"""/Matrix"""		2733183	0					
ANR	2734425	Argument	arry		2733183	3					
ANR	2734426	Identifier	arry		2733183	0					
ANR	2734427	Argument	6		2733183	4					
ANR	2734428	PrimaryExpression	6		2733183	0					
ANR	2734429	IfStatement	if ( code < 0 )		2733183	19					
ANR	2734430	Condition	code < 0	2392:20:100354:100361	2733183	0	True				
ANR	2734431	RelationalExpression	code < 0		2733183	0		<			
ANR	2734432	Identifier	code		2733183	0					
ANR	2734433	PrimaryExpression	0		2733183	1					
ANR	2734434	ReturnStatement	return code ;	2393:20:100384:100395	2733183	1	True				
ANR	2734435	Identifier	code		2733183	0					
ANR	2734436	IfStatement	if ( ! pdev -> PDFFormName )		2733183	20					
ANR	2734437	Condition	! pdev -> PDFFormName	2400:20:100737:100754	2733183	0	True				
ANR	2734438	UnaryOperationExpression	! pdev -> PDFFormName		2733183	0					
ANR	2734439	UnaryOperator	!		2733183	0					
ANR	2734440	PtrMemberAccess	pdev -> PDFFormName		2733183	1					
ANR	2734441	Identifier	pdev		2733183	0					
ANR	2734442	Identifier	PDFFormName		2733183	1					
ANR	2734443	CompoundStatement		188:40:9404:9404	2733183	1					
ANR	2734444	ExpressionStatement	tmplate -> CTM . xx = pdev -> HWResolution [ 0 ] / 72	2401:20:100779:100823	2733183	0	True				
ANR	2734445	AssignmentExpression	tmplate -> CTM . xx = pdev -> HWResolution [ 0 ] / 72		2733183	0		=			
ANR	2734446	MemberAccess	tmplate -> CTM . xx		2733183	0					
ANR	2734447	PtrMemberAccess	tmplate -> CTM		2733183	0					
ANR	2734448	Identifier	tmplate		2733183	0					
ANR	2734449	Identifier	CTM		2733183	1					
ANR	2734450	Identifier	xx		2733183	1					
ANR	2734451	MultiplicativeExpression	pdev -> HWResolution [ 0 ] / 72		2733183	1		/			
ANR	2734452	ArrayIndexing	pdev -> HWResolution [ 0 ]		2733183	0					
ANR	2734453	PtrMemberAccess	pdev -> HWResolution		2733183	0					
ANR	2734454	Identifier	pdev		2733183	0					
ANR	2734455	Identifier	HWResolution		2733183	1					
ANR	2734456	PrimaryExpression	0		2733183	1					
ANR	2734457	PrimaryExpression	72		2733183	1					
ANR	2734458	ExpressionStatement	tmplate -> CTM . xy = 0.0	2402:20:100845:100866	2733183	1	True				
ANR	2734459	AssignmentExpression	tmplate -> CTM . xy = 0.0		2733183	0		=			
ANR	2734460	MemberAccess	tmplate -> CTM . xy		2733183	0					
ANR	2734461	PtrMemberAccess	tmplate -> CTM		2733183	0					
ANR	2734462	Identifier	tmplate		2733183	0					
ANR	2734463	Identifier	CTM		2733183	1					
ANR	2734464	Identifier	xy		2733183	1					
ANR	2734465	PrimaryExpression	0.0		2733183	1					
ANR	2734466	ExpressionStatement	tmplate -> CTM . yx = 0.0	2403:20:100888:100909	2733183	2	True				
ANR	2734467	AssignmentExpression	tmplate -> CTM . yx = 0.0		2733183	0		=			
ANR	2734468	MemberAccess	tmplate -> CTM . yx		2733183	0					
ANR	2734469	PtrMemberAccess	tmplate -> CTM		2733183	0					
ANR	2734470	Identifier	tmplate		2733183	0					
ANR	2734471	Identifier	CTM		2733183	1					
ANR	2734472	Identifier	yx		2733183	1					
ANR	2734473	PrimaryExpression	0.0		2733183	1					
ANR	2734474	ExpressionStatement	tmplate -> CTM . yy = pdev -> HWResolution [ 0 ] / 72	2404:20:100931:100975	2733183	3	True				
ANR	2734475	AssignmentExpression	tmplate -> CTM . yy = pdev -> HWResolution [ 0 ] / 72		2733183	0		=			
ANR	2734476	MemberAccess	tmplate -> CTM . yy		2733183	0					
ANR	2734477	PtrMemberAccess	tmplate -> CTM		2733183	0					
ANR	2734478	Identifier	tmplate		2733183	0					
ANR	2734479	Identifier	CTM		2733183	1					
ANR	2734480	Identifier	yy		2733183	1					
ANR	2734481	MultiplicativeExpression	pdev -> HWResolution [ 0 ] / 72		2733183	1		/			
ANR	2734482	ArrayIndexing	pdev -> HWResolution [ 0 ]		2733183	0					
ANR	2734483	PtrMemberAccess	pdev -> HWResolution		2733183	0					
ANR	2734484	Identifier	pdev		2733183	0					
ANR	2734485	Identifier	HWResolution		2733183	1					
ANR	2734486	PrimaryExpression	0		2733183	1					
ANR	2734487	PrimaryExpression	72		2733183	1					
ANR	2734488	ExpressionStatement	tmplate -> CTM . tx = 0.0	2405:20:100997:101018	2733183	4	True				
ANR	2734489	AssignmentExpression	tmplate -> CTM . tx = 0.0		2733183	0		=			
ANR	2734490	MemberAccess	tmplate -> CTM . tx		2733183	0					
ANR	2734491	PtrMemberAccess	tmplate -> CTM		2733183	0					
ANR	2734492	Identifier	tmplate		2733183	0					
ANR	2734493	Identifier	CTM		2733183	1					
ANR	2734494	Identifier	tx		2733183	1					
ANR	2734495	PrimaryExpression	0.0		2733183	1					
ANR	2734496	ExpressionStatement	tmplate -> CTM . ty = 0.0	2406:20:101040:101061	2733183	5	True				
ANR	2734497	AssignmentExpression	tmplate -> CTM . ty = 0.0		2733183	0		=			
ANR	2734498	MemberAccess	tmplate -> CTM . ty		2733183	0					
ANR	2734499	PtrMemberAccess	tmplate -> CTM		2733183	0					
ANR	2734500	Identifier	tmplate		2733183	0					
ANR	2734501	Identifier	CTM		2733183	1					
ANR	2734502	Identifier	ty		2733183	1					
ANR	2734503	PrimaryExpression	0.0		2733183	1					
ANR	2734504	ExpressionStatement	pdev -> substream_Resources = pcd_Resources	2408:20:101084:101125	2733183	6	True				
ANR	2734505	AssignmentExpression	pdev -> substream_Resources = pcd_Resources		2733183	0		=			
ANR	2734506	PtrMemberAccess	pdev -> substream_Resources		2733183	0					
ANR	2734507	Identifier	pdev		2733183	0					
ANR	2734508	Identifier	substream_Resources		2733183	1					
ANR	2734509	Identifier	pcd_Resources		2733183	1					
ANR	2734510	ExpressionStatement	pres -> rid = id	2409:20:101147:101161	2733183	7	True				
ANR	2734511	AssignmentExpression	pres -> rid = id		2733183	0		=			
ANR	2734512	PtrMemberAccess	pres -> rid		2733183	0					
ANR	2734513	Identifier	pres		2733183	0					
ANR	2734514	Identifier	rid		2733183	1					
ANR	2734515	Identifier	id		2733183	1					
ANR	2734516	IfStatement	if ( code >= 0 )		2733183	8					
ANR	2734517	Condition	code >= 0	2410:24:101187:101195	2733183	0	True				
ANR	2734518	RelationalExpression	code >= 0		2733183	0		>=			
ANR	2734519	Identifier	code		2733183	0					
ANR	2734520	PrimaryExpression	0		2733183	1					
ANR	2734521	ExpressionStatement	pdev -> HighLevelForm ++	2411:24:101222:101243	2733183	1	True				
ANR	2734522	PostIncDecOperationExpression	pdev -> HighLevelForm ++		2733183	0					
ANR	2734523	PtrMemberAccess	pdev -> HighLevelForm		2733183	0					
ANR	2734524	Identifier	pdev		2733183	0					
ANR	2734525	Identifier	HighLevelForm		2733183	1					
ANR	2734526	IncDec	++		2733183	1					
ANR	2734527	ReturnStatement	return 1 ;	2412:20:101265:101273	2733183	9	True				
ANR	2734528	PrimaryExpression	1		2733183	0					
ANR	2734529	ElseStatement	else		2733183	0					
ANR	2734530	CompoundStatement		201:23:9945:9945	2733183	0					
ANR	2734531	ExpressionStatement	pdev -> substream_Resources = pcd_Resources	2419:20:101654:101695	2733183	0	True				
ANR	2734532	AssignmentExpression	pdev -> substream_Resources = pcd_Resources		2733183	0		=			
ANR	2734533	PtrMemberAccess	pdev -> substream_Resources		2733183	0					
ANR	2734534	Identifier	pdev		2733183	0					
ANR	2734535	Identifier	substream_Resources		2733183	1					
ANR	2734536	Identifier	pcd_Resources		2733183	1					
ANR	2734537	ExpressionStatement	pres -> rid = id	2420:20:101717:101731	2733183	1	True				
ANR	2734538	AssignmentExpression	pres -> rid = id		2733183	0		=			
ANR	2734539	PtrMemberAccess	pres -> rid		2733183	0					
ANR	2734540	Identifier	pres		2733183	0					
ANR	2734541	Identifier	rid		2733183	1					
ANR	2734542	Identifier	id		2733183	1					
ANR	2734543	IfStatement	if ( code >= 0 )		2733183	2					
ANR	2734544	Condition	code >= 0	2421:24:101757:101765	2733183	0	True				
ANR	2734545	RelationalExpression	code >= 0		2733183	0		>=			
ANR	2734546	Identifier	code		2733183	0					
ANR	2734547	PrimaryExpression	0		2733183	1					
ANR	2734548	ExpressionStatement	pdev -> HighLevelForm ++	2422:24:101792:101813	2733183	1	True				
ANR	2734549	PostIncDecOperationExpression	pdev -> HighLevelForm ++		2733183	0					
ANR	2734550	PtrMemberAccess	pdev -> HighLevelForm		2733183	0					
ANR	2734551	Identifier	pdev		2733183	0					
ANR	2734552	Identifier	HighLevelForm		2733183	1					
ANR	2734553	IncDec	++		2733183	1					
ANR	2734554	ReturnStatement	return force_CTM_change ;	2423:20:101835:101858	2733183	3	True				
ANR	2734555	Identifier	force_CTM_change		2733183	0					
ANR	2734556	ReturnStatement	return code ;	2426:12:101904:101915	2733183	13	True				
ANR	2734557	Identifier	code		2733183	0					
ANR	2734558	Label	case gxdso_form_end :	2427:8:101925:101944	2733183	14	True				
ANR	2734559	Identifier	gxdso_form_end		2733183	0					
ANR	2734560	IfStatement	if ( ( ! pdev -> ForOPDFRead || pdev -> HighLevelForm == 1 ) && pdev -> PatternDepth == 0 )		2733183	15					
ANR	2734561	Condition	( ! pdev -> ForOPDFRead || pdev -> HighLevelForm == 1 ) && pdev -> PatternDepth == 0	2429:16:102045:102119	2733183	0	True				
ANR	2734562	AndExpression	( ! pdev -> ForOPDFRead || pdev -> HighLevelForm == 1 ) && pdev -> PatternDepth == 0		2733183	0		&&			
ANR	2734563	OrExpression	! pdev -> ForOPDFRead || pdev -> HighLevelForm == 1		2733183	0		||			
ANR	2734564	UnaryOperationExpression	! pdev -> ForOPDFRead		2733183	0					
ANR	2734565	UnaryOperator	!		2733183	0					
ANR	2734566	PtrMemberAccess	pdev -> ForOPDFRead		2733183	1					
ANR	2734567	Identifier	pdev		2733183	0					
ANR	2734568	Identifier	ForOPDFRead		2733183	1					
ANR	2734569	EqualityExpression	pdev -> HighLevelForm == 1		2733183	1		==			
ANR	2734570	PtrMemberAccess	pdev -> HighLevelForm		2733183	0					
ANR	2734571	Identifier	pdev		2733183	0					
ANR	2734572	Identifier	HighLevelForm		2733183	1					
ANR	2734573	PrimaryExpression	1		2733183	1					
ANR	2734574	EqualityExpression	pdev -> PatternDepth == 0		2733183	1		==			
ANR	2734575	PtrMemberAccess	pdev -> PatternDepth		2733183	0					
ANR	2734576	Identifier	pdev		2733183	0					
ANR	2734577	Identifier	PatternDepth		2733183	1					
ANR	2734578	PrimaryExpression	0		2733183	1					
ANR	2734579	CompoundStatement		217:93:10769:10769	2733183	1					
ANR	2734580	IfStatement	if ( pdev -> CompatibilityLevel <= 1.7 )		2733183	0					
ANR	2734581	Condition	pdev -> CompatibilityLevel <= 1.7	2430:20:102144:102174	2733183	0	True				
ANR	2734582	RelationalExpression	pdev -> CompatibilityLevel <= 1.7		2733183	0		<=			
ANR	2734583	PtrMemberAccess	pdev -> CompatibilityLevel		2733183	0					
ANR	2734584	Identifier	pdev		2733183	0					
ANR	2734585	Identifier	CompatibilityLevel		2733183	1					
ANR	2734586	PrimaryExpression	1.7		2733183	1					
ANR	2734587	CompoundStatement		218:53:10824:10824	2733183	1					
ANR	2734588	ExpressionStatement	"code = pdf_add_procsets ( pdev -> substream_Resources , pdev -> procsets )"	2431:20:102199:102265	2733183	0	True				
ANR	2734589	AssignmentExpression	"code = pdf_add_procsets ( pdev -> substream_Resources , pdev -> procsets )"		2733183	0		=			
ANR	2734590	Identifier	code		2733183	0					
ANR	2734591	CallExpression	"pdf_add_procsets ( pdev -> substream_Resources , pdev -> procsets )"		2733183	1					
ANR	2734592	Callee	pdf_add_procsets		2733183	0					
ANR	2734593	Identifier	pdf_add_procsets		2733183	0					
ANR	2734594	ArgumentList	pdev -> substream_Resources		2733183	1					
ANR	2734595	Argument	pdev -> substream_Resources		2733183	0					
ANR	2734596	PtrMemberAccess	pdev -> substream_Resources		2733183	0					
ANR	2734597	Identifier	pdev		2733183	0					
ANR	2734598	Identifier	substream_Resources		2733183	1					
ANR	2734599	Argument	pdev -> procsets		2733183	1					
ANR	2734600	PtrMemberAccess	pdev -> procsets		2733183	0					
ANR	2734601	Identifier	pdev		2733183	0					
ANR	2734602	Identifier	procsets		2733183	1					
ANR	2734603	IfStatement	if ( code < 0 )		2733183	1					
ANR	2734604	Condition	code < 0	2432:24:102291:102298	2733183	0	True				
ANR	2734605	RelationalExpression	code < 0		2733183	0		<			
ANR	2734606	Identifier	code		2733183	0					
ANR	2734607	PrimaryExpression	0		2733183	1					
ANR	2734608	ReturnStatement	return code ;	2433:24:102325:102336	2733183	1	True				
ANR	2734609	Identifier	code		2733183	0					
ANR	2734610	ExpressionStatement	pres = pres1 = pdev -> accumulating_substream_resource	2435:16:102372:102424	2733183	1	True				
ANR	2734611	AssignmentExpression	pres = pres1 = pdev -> accumulating_substream_resource		2733183	0		=			
ANR	2734612	Identifier	pres		2733183	0					
ANR	2734613	AssignmentExpression	pres1 = pdev -> accumulating_substream_resource		2733183	1		=			
ANR	2734614	Identifier	pres1		2733183	0					
ANR	2734615	PtrMemberAccess	pdev -> accumulating_substream_resource		2733183	1					
ANR	2734616	Identifier	pdev		2733183	0					
ANR	2734617	Identifier	accumulating_substream_resource		2733183	1					
ANR	2734618	ExpressionStatement	code = pdf_exit_substream ( pdev )	2436:16:102442:102473	2733183	2	True				
ANR	2734619	AssignmentExpression	code = pdf_exit_substream ( pdev )		2733183	0		=			
ANR	2734620	Identifier	code		2733183	0					
ANR	2734621	CallExpression	pdf_exit_substream ( pdev )		2733183	1					
ANR	2734622	Callee	pdf_exit_substream		2733183	0					
ANR	2734623	Identifier	pdf_exit_substream		2733183	0					
ANR	2734624	ArgumentList	pdev		2733183	1					
ANR	2734625	Argument	pdev		2733183	0					
ANR	2734626	Identifier	pdev		2733183	0					
ANR	2734627	IfStatement	if ( code < 0 )		2733183	3					
ANR	2734628	Condition	code < 0	2437:20:102495:102502	2733183	0	True				
ANR	2734629	RelationalExpression	code < 0		2733183	0		<			
ANR	2734630	Identifier	code		2733183	0					
ANR	2734631	PrimaryExpression	0		2733183	1					
ANR	2734632	ReturnStatement	return code ;	2438:20:102525:102536	2733183	1	True				
ANR	2734633	Identifier	code		2733183	0					
ANR	2734634	ExpressionStatement	"code = pdf_find_same_resource ( pdev , resourceXObject , & pres , check_unsubstituted2 )"	2439:16:102554:102635	2733183	4	True				
ANR	2734635	AssignmentExpression	"code = pdf_find_same_resource ( pdev , resourceXObject , & pres , check_unsubstituted2 )"		2733183	0		=			
ANR	2734636	Identifier	code		2733183	0					
ANR	2734637	CallExpression	"pdf_find_same_resource ( pdev , resourceXObject , & pres , check_unsubstituted2 )"		2733183	1					
ANR	2734638	Callee	pdf_find_same_resource		2733183	0					
ANR	2734639	Identifier	pdf_find_same_resource		2733183	0					
ANR	2734640	ArgumentList	pdev		2733183	1					
ANR	2734641	Argument	pdev		2733183	0					
ANR	2734642	Identifier	pdev		2733183	0					
ANR	2734643	Argument	resourceXObject		2733183	1					
ANR	2734644	Identifier	resourceXObject		2733183	0					
ANR	2734645	Argument	& pres		2733183	2					
ANR	2734646	UnaryOperationExpression	& pres		2733183	0					
ANR	2734647	UnaryOperator	&		2733183	0					
ANR	2734648	Identifier	pres		2733183	1					
ANR	2734649	Argument	check_unsubstituted2		2733183	3					
ANR	2734650	Identifier	check_unsubstituted2		2733183	0					
ANR	2734651	IfStatement	if ( code < 0 )		2733183	5					
ANR	2734652	Condition	code < 0	2440:20:102657:102664	2733183	0	True				
ANR	2734653	RelationalExpression	code < 0		2733183	0		<			
ANR	2734654	Identifier	code		2733183	0					
ANR	2734655	PrimaryExpression	0		2733183	1					
ANR	2734656	ReturnStatement	return code ;	2441:20:102687:102698	2733183	1	True				
ANR	2734657	Identifier	code		2733183	0					
ANR	2734658	IfStatement	if ( code > 0 )		2733183	6					
ANR	2734659	Condition	code > 0	2442:20:102720:102727	2733183	0	True				
ANR	2734660	RelationalExpression	code > 0		2733183	0		>			
ANR	2734661	Identifier	code		2733183	0					
ANR	2734662	PrimaryExpression	0		2733183	1					
ANR	2734663	CompoundStatement		230:30:11377:11377	2733183	1					
ANR	2734664	ExpressionStatement	"code = pdf_cancel_resource ( pdev , pres1 , resourceXObject )"	2443:20:102752:102808	2733183	0	True				
ANR	2734665	AssignmentExpression	"code = pdf_cancel_resource ( pdev , pres1 , resourceXObject )"		2733183	0		=			
ANR	2734666	Identifier	code		2733183	0					
ANR	2734667	CallExpression	"pdf_cancel_resource ( pdev , pres1 , resourceXObject )"		2733183	1					
ANR	2734668	Callee	pdf_cancel_resource		2733183	0					
ANR	2734669	Identifier	pdf_cancel_resource		2733183	0					
ANR	2734670	ArgumentList	pdev		2733183	1					
ANR	2734671	Argument	pdev		2733183	0					
ANR	2734672	Identifier	pdev		2733183	0					
ANR	2734673	Argument	pres1		2733183	1					
ANR	2734674	Identifier	pres1		2733183	0					
ANR	2734675	Argument	resourceXObject		2733183	2					
ANR	2734676	Identifier	resourceXObject		2733183	0					
ANR	2734677	IfStatement	if ( code < 0 )		2733183	1					
ANR	2734678	Condition	code < 0	2444:24:102834:102841	2733183	0	True				
ANR	2734679	RelationalExpression	code < 0		2733183	0		<			
ANR	2734680	Identifier	code		2733183	0					
ANR	2734681	PrimaryExpression	0		2733183	1					
ANR	2734682	ReturnStatement	return code ;	2445:24:102868:102879	2733183	1	True				
ANR	2734683	Identifier	code		2733183	0					
ANR	2734684	ExpressionStatement	pres -> where_used |= pdev -> used_mask	2446:20:102901:102936	2733183	2	True				
ANR	2734685	AssignmentExpression	pres -> where_used |= pdev -> used_mask		2733183	0		|=			
ANR	2734686	PtrMemberAccess	pres -> where_used		2733183	0					
ANR	2734687	Identifier	pres		2733183	0					
ANR	2734688	Identifier	where_used		2733183	1					
ANR	2734689	PtrMemberAccess	pdev -> used_mask		2733183	1					
ANR	2734690	Identifier	pdev		2733183	0					
ANR	2734691	Identifier	used_mask		2733183	1					
ANR	2734692	ElseStatement	else		2733183	0					
ANR	2734693	IfStatement	if ( pres -> object -> id < 0 )		2733183	0					
ANR	2734694	Condition	pres -> object -> id < 0	2447:27:102965:102984	2733183	0	True				
ANR	2734695	RelationalExpression	pres -> object -> id < 0		2733183	0		<			
ANR	2734696	PtrMemberAccess	pres -> object -> id		2733183	0					
ANR	2734697	PtrMemberAccess	pres -> object		2733183	0					
ANR	2734698	Identifier	pres		2733183	0					
ANR	2734699	Identifier	object		2733183	1					
ANR	2734700	Identifier	id		2733183	1					
ANR	2734701	PrimaryExpression	0		2733183	1					
ANR	2734702	ExpressionStatement	"pdf_reserve_object_id ( pdev , pres , 0 )"	2448:20:103007:103043	2733183	1	True				
ANR	2734703	CallExpression	"pdf_reserve_object_id ( pdev , pres , 0 )"		2733183	0					
ANR	2734704	Callee	pdf_reserve_object_id		2733183	0					
ANR	2734705	Identifier	pdf_reserve_object_id		2733183	0					
ANR	2734706	ArgumentList	pdev		2733183	1					
ANR	2734707	Argument	pdev		2733183	0					
ANR	2734708	Identifier	pdev		2733183	0					
ANR	2734709	Argument	pres		2733183	1					
ANR	2734710	Identifier	pres		2733183	0					
ANR	2734711	Argument	0		2733183	2					
ANR	2734712	PrimaryExpression	0		2733183	0					
ANR	2734713	IfStatement	if ( pdev -> PDFFormName )		2733183	7					
ANR	2734714	Condition	pdev -> PDFFormName	2449:20:103065:103081	2733183	0	True				
ANR	2734715	PtrMemberAccess	pdev -> PDFFormName		2733183	0					
ANR	2734716	Identifier	pdev		2733183	0					
ANR	2734717	Identifier	PDFFormName		2733183	1					
ANR	2734718	CompoundStatement		238:20:11753:11770	2733183	1					
ANR	2734719	IdentifierDeclStatement	cos_value_t value ;	2450:20:103106:103123	2733183	0	True				
ANR	2734720	IdentifierDecl	value		2733183	0					
ANR	2734721	IdentifierDeclType	cos_value_t		2733183	0					
ANR	2734722	Identifier	value		2733183	1					
ANR	2734723	ExpressionStatement	"code = cos_dict_put ( pdev -> local_named_objects , ( const byte * ) pdev -> PDFFormName , strlen ( pdev -> PDFFormName ) , cos_object_value ( & value , pres -> object ) )"	2452:20:103146:103316	2733183	1	True				
ANR	2734724	AssignmentExpression	"code = cos_dict_put ( pdev -> local_named_objects , ( const byte * ) pdev -> PDFFormName , strlen ( pdev -> PDFFormName ) , cos_object_value ( & value , pres -> object ) )"		2733183	0		=			
ANR	2734725	Identifier	code		2733183	0					
ANR	2734726	CallExpression	"cos_dict_put ( pdev -> local_named_objects , ( const byte * ) pdev -> PDFFormName , strlen ( pdev -> PDFFormName ) , cos_object_value ( & value , pres -> object ) )"		2733183	1					
ANR	2734727	Callee	cos_dict_put		2733183	0					
ANR	2734728	Identifier	cos_dict_put		2733183	0					
ANR	2734729	ArgumentList	pdev -> local_named_objects		2733183	1					
ANR	2734730	Argument	pdev -> local_named_objects		2733183	0					
ANR	2734731	PtrMemberAccess	pdev -> local_named_objects		2733183	0					
ANR	2734732	Identifier	pdev		2733183	0					
ANR	2734733	Identifier	local_named_objects		2733183	1					
ANR	2734734	Argument	( const byte * ) pdev -> PDFFormName		2733183	1					
ANR	2734735	CastExpression	( const byte * ) pdev -> PDFFormName		2733183	0					
ANR	2734736	CastTarget	const byte *		2733183	0					
ANR	2734737	PtrMemberAccess	pdev -> PDFFormName		2733183	1					
ANR	2734738	Identifier	pdev		2733183	0					
ANR	2734739	Identifier	PDFFormName		2733183	1					
ANR	2734740	Argument	strlen ( pdev -> PDFFormName )		2733183	2					
ANR	2734741	CallExpression	strlen ( pdev -> PDFFormName )		2733183	0					
ANR	2734742	Callee	strlen		2733183	0					
ANR	2734743	Identifier	strlen		2733183	0					
ANR	2734744	ArgumentList	pdev -> PDFFormName		2733183	1					
ANR	2734745	Argument	pdev -> PDFFormName		2733183	0					
ANR	2734746	PtrMemberAccess	pdev -> PDFFormName		2733183	0					
ANR	2734747	Identifier	pdev		2733183	0					
ANR	2734748	Identifier	PDFFormName		2733183	1					
ANR	2734749	Argument	"cos_object_value ( & value , pres -> object )"		2733183	3					
ANR	2734750	CallExpression	"cos_object_value ( & value , pres -> object )"		2733183	0					
ANR	2734751	Callee	cos_object_value		2733183	0					
ANR	2734752	Identifier	cos_object_value		2733183	0					
ANR	2734753	ArgumentList	& value		2733183	1					
ANR	2734754	Argument	& value		2733183	0					
ANR	2734755	UnaryOperationExpression	& value		2733183	0					
ANR	2734756	UnaryOperator	&		2733183	0					
ANR	2734757	Identifier	value		2733183	1					
ANR	2734758	Argument	pres -> object		2733183	1					
ANR	2734759	PtrMemberAccess	pres -> object		2733183	0					
ANR	2734760	Identifier	pres		2733183	0					
ANR	2734761	Identifier	object		2733183	1					
ANR	2734762	IfStatement	if ( code < 0 )		2733183	2					
ANR	2734763	Condition	code < 0	2455:24:103343:103350	2733183	0	True				
ANR	2734764	RelationalExpression	code < 0		2733183	0		<			
ANR	2734765	Identifier	code		2733183	0					
ANR	2734766	PrimaryExpression	0		2733183	1					
ANR	2734767	ReturnStatement	return code ;	2456:24:103377:103388	2733183	1	True				
ANR	2734768	Identifier	code		2733183	0					
ANR	2734769	ExpressionStatement	"pdf_drop_resource_from_chain ( pdev , pres , resourceXObject )"	2457:20:103410:103467	2733183	3	True				
ANR	2734770	CallExpression	"pdf_drop_resource_from_chain ( pdev , pres , resourceXObject )"		2733183	0					
ANR	2734771	Callee	pdf_drop_resource_from_chain		2733183	0					
ANR	2734772	Identifier	pdf_drop_resource_from_chain		2733183	0					
ANR	2734773	ArgumentList	pdev		2733183	1					
ANR	2734774	Argument	pdev		2733183	0					
ANR	2734775	Identifier	pdev		2733183	0					
ANR	2734776	Argument	pres		2733183	1					
ANR	2734777	Identifier	pres		2733183	0					
ANR	2734778	Argument	resourceXObject		2733183	2					
ANR	2734779	Identifier	resourceXObject		2733183	0					
ANR	2734780	ExpressionStatement	"gs_free_object ( pdev -> memory -> non_gc_memory , pdev -> PDFFormName , ""free Name oof Form for pdfmark"" )"	2459:20:103490:103586	2733183	4	True				
ANR	2734781	CallExpression	"gs_free_object ( pdev -> memory -> non_gc_memory , pdev -> PDFFormName , ""free Name oof Form for pdfmark"" )"		2733183	0					
ANR	2734782	Callee	gs_free_object		2733183	0					
ANR	2734783	Identifier	gs_free_object		2733183	0					
ANR	2734784	ArgumentList	pdev -> memory -> non_gc_memory		2733183	1					
ANR	2734785	Argument	pdev -> memory -> non_gc_memory		2733183	0					
ANR	2734786	PtrMemberAccess	pdev -> memory -> non_gc_memory		2733183	0					
ANR	2734787	PtrMemberAccess	pdev -> memory		2733183	0					
ANR	2734788	Identifier	pdev		2733183	0					
ANR	2734789	Identifier	memory		2733183	1					
ANR	2734790	Identifier	non_gc_memory		2733183	1					
ANR	2734791	Argument	pdev -> PDFFormName		2733183	1					
ANR	2734792	PtrMemberAccess	pdev -> PDFFormName		2733183	0					
ANR	2734793	Identifier	pdev		2733183	0					
ANR	2734794	Identifier	PDFFormName		2733183	1					
ANR	2734795	Argument	"""free Name oof Form for pdfmark"""		2733183	2					
ANR	2734796	PrimaryExpression	"""free Name oof Form for pdfmark"""		2733183	0					
ANR	2734797	ExpressionStatement	pdev -> PDFFormName = 0x00	2460:20:103608:103632	2733183	5	True				
ANR	2734798	AssignmentExpression	pdev -> PDFFormName = 0x00		2733183	0		=			
ANR	2734799	PtrMemberAccess	pdev -> PDFFormName		2733183	0					
ANR	2734800	Identifier	pdev		2733183	0					
ANR	2734801	Identifier	PDFFormName		2733183	1					
ANR	2734802	PrimaryExpression	0x00		2733183	1					
ANR	2734803	ElseStatement	else		2733183	0					
ANR	2734804	CompoundStatement		249:23:12304:12304	2733183	0					
ANR	2734805	ExpressionStatement	"pprintld1 ( pdev -> strm , ""/R%ld Do Q\\n"" , pdf_resource_id ( pres ) )"	2462:20:103679:103739	2733183	0	True				
ANR	2734806	CallExpression	"pprintld1 ( pdev -> strm , ""/R%ld Do Q\\n"" , pdf_resource_id ( pres ) )"		2733183	0					
ANR	2734807	Callee	pprintld1		2733183	0					
ANR	2734808	Identifier	pprintld1		2733183	0					
ANR	2734809	ArgumentList	pdev -> strm		2733183	1					
ANR	2734810	Argument	pdev -> strm		2733183	0					
ANR	2734811	PtrMemberAccess	pdev -> strm		2733183	0					
ANR	2734812	Identifier	pdev		2733183	0					
ANR	2734813	Identifier	strm		2733183	1					
ANR	2734814	Argument	"""/R%ld Do Q\\n"""		2733183	1					
ANR	2734815	PrimaryExpression	"""/R%ld Do Q\\n"""		2733183	0					
ANR	2734816	Argument	pdf_resource_id ( pres )		2733183	2					
ANR	2734817	CallExpression	pdf_resource_id ( pres )		2733183	0					
ANR	2734818	Callee	pdf_resource_id		2733183	0					
ANR	2734819	Identifier	pdf_resource_id		2733183	0					
ANR	2734820	ArgumentList	pres		2733183	1					
ANR	2734821	Argument	pres		2733183	0					
ANR	2734822	Identifier	pres		2733183	0					
ANR	2734823	ExpressionStatement	pdev -> HighLevelForm --	2464:16:103775:103796	2733183	8	True				
ANR	2734824	PostIncDecOperationExpression	pdev -> HighLevelForm --		2733183	0					
ANR	2734825	PtrMemberAccess	pdev -> HighLevelForm		2733183	0					
ANR	2734826	Identifier	pdev		2733183	0					
ANR	2734827	Identifier	HighLevelForm		2733183	1					
ANR	2734828	IncDec	--		2733183	1					
ANR	2734829	IfStatement	if ( pdev -> accumulating_substream_resource )		2733183	9					
ANR	2734830	Condition	pdev -> accumulating_substream_resource	2465:20:103818:103854	2733183	0	True				
ANR	2734831	PtrMemberAccess	pdev -> accumulating_substream_resource		2733183	0					
ANR	2734832	Identifier	pdev		2733183	0					
ANR	2734833	Identifier	accumulating_substream_resource		2733183	1					
ANR	2734834	CompoundStatement		253:59:12504:12504	2733183	1					
ANR	2734835	ExpressionStatement	"code = pdf_add_resource ( pdev , pdev -> substream_Resources , ""/XObject"" , pres )"	2466:20:103879:103953	2733183	0	True				
ANR	2734836	AssignmentExpression	"code = pdf_add_resource ( pdev , pdev -> substream_Resources , ""/XObject"" , pres )"		2733183	0		=			
ANR	2734837	Identifier	code		2733183	0					
ANR	2734838	CallExpression	"pdf_add_resource ( pdev , pdev -> substream_Resources , ""/XObject"" , pres )"		2733183	1					
ANR	2734839	Callee	pdf_add_resource		2733183	0					
ANR	2734840	Identifier	pdf_add_resource		2733183	0					
ANR	2734841	ArgumentList	pdev		2733183	1					
ANR	2734842	Argument	pdev		2733183	0					
ANR	2734843	Identifier	pdev		2733183	0					
ANR	2734844	Argument	pdev -> substream_Resources		2733183	1					
ANR	2734845	PtrMemberAccess	pdev -> substream_Resources		2733183	0					
ANR	2734846	Identifier	pdev		2733183	0					
ANR	2734847	Identifier	substream_Resources		2733183	1					
ANR	2734848	Argument	"""/XObject"""		2733183	2					
ANR	2734849	PrimaryExpression	"""/XObject"""		2733183	0					
ANR	2734850	Argument	pres		2733183	3					
ANR	2734851	Identifier	pres		2733183	0					
ANR	2734852	IfStatement	if ( code < 0 )		2733183	1					
ANR	2734853	Condition	code < 0	2467:24:103979:103986	2733183	0	True				
ANR	2734854	RelationalExpression	code < 0		2733183	0		<			
ANR	2734855	Identifier	code		2733183	0					
ANR	2734856	PrimaryExpression	0		2733183	1					
ANR	2734857	ReturnStatement	return code ;	2468:24:104013:104024	2733183	1	True				
ANR	2734858	Identifier	code		2733183	0					
ANR	2734859	ExpressionStatement	pdev -> LastFormID = pdf_resource_id ( pres )	2470:16:104060:104100	2733183	10	True				
ANR	2734860	AssignmentExpression	pdev -> LastFormID = pdf_resource_id ( pres )		2733183	0		=			
ANR	2734861	PtrMemberAccess	pdev -> LastFormID		2733183	0					
ANR	2734862	Identifier	pdev		2733183	0					
ANR	2734863	Identifier	LastFormID		2733183	1					
ANR	2734864	CallExpression	pdf_resource_id ( pres )		2733183	1					
ANR	2734865	Callee	pdf_resource_id		2733183	0					
ANR	2734866	Identifier	pdf_resource_id		2733183	0					
ANR	2734867	ArgumentList	pres		2733183	1					
ANR	2734868	Argument	pres		2733183	0					
ANR	2734869	Identifier	pres		2733183	0					
ANR	2734870	ReturnStatement	return 0 ;	2472:12:104128:104136	2733183	16	True				
ANR	2734871	PrimaryExpression	0		2733183	0					
ANR	2734872	Label	case gxdso_get_form_ID :	2473:8:104146:104168	2733183	17	True				
ANR	2734873	Identifier	gxdso_get_form_ID		2733183	0					
ANR	2734874	CompoundStatement		263:16:12847:12861	2733183	18					
ANR	2734875	IdentifierDeclStatement	int * ID = data ;	2475:16:104200:104214	2733183	0	True				
ANR	2734876	IdentifierDecl	* ID = data		2733183	0					
ANR	2734877	IdentifierDeclType	int *		2733183	0					
ANR	2734878	Identifier	ID		2733183	1					
ANR	2734879	AssignmentExpression	* ID = data		2733183	2		=			
ANR	2734880	Identifier	data		2733183	0					
ANR	2734881	Identifier	data		2733183	1					
ANR	2734882	ExpressionStatement	* ID = pdev -> LastFormID	2476:16:104232:104254	2733183	1	True				
ANR	2734883	AssignmentExpression	* ID = pdev -> LastFormID		2733183	0		=			
ANR	2734884	UnaryOperationExpression	* ID		2733183	0					
ANR	2734885	UnaryOperator	*		2733183	0					
ANR	2734886	Identifier	ID		2733183	1					
ANR	2734887	PtrMemberAccess	pdev -> LastFormID		2733183	1					
ANR	2734888	Identifier	pdev		2733183	0					
ANR	2734889	Identifier	LastFormID		2733183	1					
ANR	2734890	ReturnStatement	return 0 ;	2478:12:104282:104290	2733183	19	True				
ANR	2734891	PrimaryExpression	0		2733183	0					
ANR	2734892	Label	case gxdso_repeat_form :	2479:8:104300:104322	2733183	20	True				
ANR	2734893	Identifier	gxdso_repeat_form		2733183	0					
ANR	2734894	CompoundStatement		269:16:13001:13057	2733183	21					
ANR	2734895	IdentifierDeclStatement	gs_form_template_t * tmplate = ( gs_form_template_t * ) data ;	2481:16:104354:104410	2733183	0	True				
ANR	2734896	IdentifierDecl	* tmplate = ( gs_form_template_t * ) data		2733183	0					
ANR	2734897	IdentifierDeclType	gs_form_template_t *		2733183	0					
ANR	2734898	Identifier	tmplate		2733183	1					
ANR	2734899	AssignmentExpression	* tmplate = ( gs_form_template_t * ) data		2733183	2		=			
ANR	2734900	Identifier	tmplate		2733183	0					
ANR	2734901	CastExpression	( gs_form_template_t * ) data		2733183	1					
ANR	2734902	CastTarget	gs_form_template_t *		2733183	0					
ANR	2734903	Identifier	data		2733183	1					
ANR	2734904	ExpressionStatement	code = pdfwrite_pdf_open_document ( pdev )	2484:16:104499:104538	2733183	1	True				
ANR	2734905	AssignmentExpression	code = pdfwrite_pdf_open_document ( pdev )		2733183	0		=			
ANR	2734906	Identifier	code		2733183	0					
ANR	2734907	CallExpression	pdfwrite_pdf_open_document ( pdev )		2733183	1					
ANR	2734908	Callee	pdfwrite_pdf_open_document		2733183	0					
ANR	2734909	Identifier	pdfwrite_pdf_open_document		2733183	0					
ANR	2734910	ArgumentList	pdev		2733183	1					
ANR	2734911	Argument	pdev		2733183	0					
ANR	2734912	Identifier	pdev		2733183	0					
ANR	2734913	IfStatement	if ( code < 0 )		2733183	2					
ANR	2734914	Condition	code < 0	2485:20:104560:104567	2733183	0	True				
ANR	2734915	RelationalExpression	code < 0		2733183	0		<			
ANR	2734916	Identifier	code		2733183	0					
ANR	2734917	PrimaryExpression	0		2733183	1					
ANR	2734918	ReturnStatement	return code ;	2486:20:104590:104601	2733183	1	True				
ANR	2734919	Identifier	code		2733183	0					
ANR	2734920	ExpressionStatement	"code = pdf_open_contents ( pdev , PDF_IN_STREAM )"	2487:16:104619:104664	2733183	3	True				
ANR	2734921	AssignmentExpression	"code = pdf_open_contents ( pdev , PDF_IN_STREAM )"		2733183	0		=			
ANR	2734922	Identifier	code		2733183	0					
ANR	2734923	CallExpression	"pdf_open_contents ( pdev , PDF_IN_STREAM )"		2733183	1					
ANR	2734924	Callee	pdf_open_contents		2733183	0					
ANR	2734925	Identifier	pdf_open_contents		2733183	0					
ANR	2734926	ArgumentList	pdev		2733183	1					
ANR	2734927	Argument	pdev		2733183	0					
ANR	2734928	Identifier	pdev		2733183	0					
ANR	2734929	Argument	PDF_IN_STREAM		2733183	1					
ANR	2734930	Identifier	PDF_IN_STREAM		2733183	0					
ANR	2734931	IfStatement	if ( code < 0 )		2733183	4					
ANR	2734932	Condition	code < 0	2488:20:104686:104693	2733183	0	True				
ANR	2734933	RelationalExpression	code < 0		2733183	0		<			
ANR	2734934	Identifier	code		2733183	0					
ANR	2734935	PrimaryExpression	0		2733183	1					
ANR	2734936	ReturnStatement	return code ;	2489:20:104716:104727	2733183	1	True				
ANR	2734937	Identifier	code		2733183	0					
ANR	2734938	ExpressionStatement	"code = pdf_put_clip_path ( pdev , tmplate -> pcpath )"	2491:16:104816:104863	2733183	5	True				
ANR	2734939	AssignmentExpression	"code = pdf_put_clip_path ( pdev , tmplate -> pcpath )"		2733183	0		=			
ANR	2734940	Identifier	code		2733183	0					
ANR	2734941	CallExpression	"pdf_put_clip_path ( pdev , tmplate -> pcpath )"		2733183	1					
ANR	2734942	Callee	pdf_put_clip_path		2733183	0					
ANR	2734943	Identifier	pdf_put_clip_path		2733183	0					
ANR	2734944	ArgumentList	pdev		2733183	1					
ANR	2734945	Argument	pdev		2733183	0					
ANR	2734946	Identifier	pdev		2733183	0					
ANR	2734947	Argument	tmplate -> pcpath		2733183	1					
ANR	2734948	PtrMemberAccess	tmplate -> pcpath		2733183	0					
ANR	2734949	Identifier	tmplate		2733183	0					
ANR	2734950	Identifier	pcpath		2733183	1					
ANR	2734951	IfStatement	if ( code < 0 )		2733183	6					
ANR	2734952	Condition	code < 0	2492:20:104885:104892	2733183	0	True				
ANR	2734953	RelationalExpression	code < 0		2733183	0		<			
ANR	2734954	Identifier	code		2733183	0					
ANR	2734955	PrimaryExpression	0		2733183	1					
ANR	2734956	ReturnStatement	return code ;	2493:20:104915:104926	2733183	1	True				
ANR	2734957	Identifier	code		2733183	0					
ANR	2734958	ExpressionStatement	"pprintg6 ( pdev -> strm , ""q %g %g %g %g %g %g cm\\n"" , tmplate -> CTM . xx , tmplate -> CTM . xy , tmplate -> CTM . yx , tmplate -> CTM . yy , tmplate -> CTM . tx , tmplate -> CTM . ty )"	2498:16:105208:105383	2733183	7	True				
ANR	2734959	CallExpression	"pprintg6 ( pdev -> strm , ""q %g %g %g %g %g %g cm\\n"" , tmplate -> CTM . xx , tmplate -> CTM . xy , tmplate -> CTM . yx , tmplate -> CTM . yy , tmplate -> CTM . tx , tmplate -> CTM . ty )"		2733183	0					
ANR	2734960	Callee	pprintg6		2733183	0					
ANR	2734961	Identifier	pprintg6		2733183	0					
ANR	2734962	ArgumentList	pdev -> strm		2733183	1					
ANR	2734963	Argument	pdev -> strm		2733183	0					
ANR	2734964	PtrMemberAccess	pdev -> strm		2733183	0					
ANR	2734965	Identifier	pdev		2733183	0					
ANR	2734966	Identifier	strm		2733183	1					
ANR	2734967	Argument	"""q %g %g %g %g %g %g cm\\n"""		2733183	1					
ANR	2734968	PrimaryExpression	"""q %g %g %g %g %g %g cm\\n"""		2733183	0					
ANR	2734969	Argument	tmplate -> CTM . xx		2733183	2					
ANR	2734970	MemberAccess	tmplate -> CTM . xx		2733183	0					
ANR	2734971	PtrMemberAccess	tmplate -> CTM		2733183	0					
ANR	2734972	Identifier	tmplate		2733183	0					
ANR	2734973	Identifier	CTM		2733183	1					
ANR	2734974	Identifier	xx		2733183	1					
ANR	2734975	Argument	tmplate -> CTM . xy		2733183	3					
ANR	2734976	MemberAccess	tmplate -> CTM . xy		2733183	0					
ANR	2734977	PtrMemberAccess	tmplate -> CTM		2733183	0					
ANR	2734978	Identifier	tmplate		2733183	0					
ANR	2734979	Identifier	CTM		2733183	1					
ANR	2734980	Identifier	xy		2733183	1					
ANR	2734981	Argument	tmplate -> CTM . yx		2733183	4					
ANR	2734982	MemberAccess	tmplate -> CTM . yx		2733183	0					
ANR	2734983	PtrMemberAccess	tmplate -> CTM		2733183	0					
ANR	2734984	Identifier	tmplate		2733183	0					
ANR	2734985	Identifier	CTM		2733183	1					
ANR	2734986	Identifier	yx		2733183	1					
ANR	2734987	Argument	tmplate -> CTM . yy		2733183	5					
ANR	2734988	MemberAccess	tmplate -> CTM . yy		2733183	0					
ANR	2734989	PtrMemberAccess	tmplate -> CTM		2733183	0					
ANR	2734990	Identifier	tmplate		2733183	0					
ANR	2734991	Identifier	CTM		2733183	1					
ANR	2734992	Identifier	yy		2733183	1					
ANR	2734993	Argument	tmplate -> CTM . tx		2733183	6					
ANR	2734994	MemberAccess	tmplate -> CTM . tx		2733183	0					
ANR	2734995	PtrMemberAccess	tmplate -> CTM		2733183	0					
ANR	2734996	Identifier	tmplate		2733183	0					
ANR	2734997	Identifier	CTM		2733183	1					
ANR	2734998	Identifier	tx		2733183	1					
ANR	2734999	Argument	tmplate -> CTM . ty		2733183	7					
ANR	2735000	MemberAccess	tmplate -> CTM . ty		2733183	0					
ANR	2735001	PtrMemberAccess	tmplate -> CTM		2733183	0					
ANR	2735002	Identifier	tmplate		2733183	0					
ANR	2735003	Identifier	CTM		2733183	1					
ANR	2735004	Identifier	ty		2733183	1					
ANR	2735005	ExpressionStatement	"pprintld1 ( pdev -> strm , ""/R%ld Do Q\\n"" , tmplate -> FormID )"	2500:16:105401:105455	2733183	8	True				
ANR	2735006	CallExpression	"pprintld1 ( pdev -> strm , ""/R%ld Do Q\\n"" , tmplate -> FormID )"		2733183	0					
ANR	2735007	Callee	pprintld1		2733183	0					
ANR	2735008	Identifier	pprintld1		2733183	0					
ANR	2735009	ArgumentList	pdev -> strm		2733183	1					
ANR	2735010	Argument	pdev -> strm		2733183	0					
ANR	2735011	PtrMemberAccess	pdev -> strm		2733183	0					
ANR	2735012	Identifier	pdev		2733183	0					
ANR	2735013	Identifier	strm		2733183	1					
ANR	2735014	Argument	"""/R%ld Do Q\\n"""		2733183	1					
ANR	2735015	PrimaryExpression	"""/R%ld Do Q\\n"""		2733183	0					
ANR	2735016	Argument	tmplate -> FormID		2733183	2					
ANR	2735017	PtrMemberAccess	tmplate -> FormID		2733183	0					
ANR	2735018	Identifier	tmplate		2733183	0					
ANR	2735019	Identifier	FormID		2733183	1					
ANR	2735020	ExpressionStatement	"pres = pdf_find_resource_by_resource_id ( pdev , resourceXObject , tmplate -> FormID )"	2501:16:105473:105552	2733183	9	True				
ANR	2735021	AssignmentExpression	"pres = pdf_find_resource_by_resource_id ( pdev , resourceXObject , tmplate -> FormID )"		2733183	0		=			
ANR	2735022	Identifier	pres		2733183	0					
ANR	2735023	CallExpression	"pdf_find_resource_by_resource_id ( pdev , resourceXObject , tmplate -> FormID )"		2733183	1					
ANR	2735024	Callee	pdf_find_resource_by_resource_id		2733183	0					
ANR	2735025	Identifier	pdf_find_resource_by_resource_id		2733183	0					
ANR	2735026	ArgumentList	pdev		2733183	1					
ANR	2735027	Argument	pdev		2733183	0					
ANR	2735028	Identifier	pdev		2733183	0					
ANR	2735029	Argument	resourceXObject		2733183	1					
ANR	2735030	Identifier	resourceXObject		2733183	0					
ANR	2735031	Argument	tmplate -> FormID		2733183	2					
ANR	2735032	PtrMemberAccess	tmplate -> FormID		2733183	0					
ANR	2735033	Identifier	tmplate		2733183	0					
ANR	2735034	Identifier	FormID		2733183	1					
ANR	2735035	IfStatement	if ( pres == NULL )		2733183	10					
ANR	2735036	Condition	pres == NULL	2502:20:105574:105585	2733183	0	True				
ANR	2735037	EqualityExpression	pres == NULL		2733183	0		==			
ANR	2735038	Identifier	pres		2733183	0					
ANR	2735039	Identifier	NULL		2733183	1					
ANR	2735040	ExpressionStatement	return_error ( gs_error_undefined )	2503:20:105608:105640	2733183	1	True				
ANR	2735041	CallExpression	return_error ( gs_error_undefined )		2733183	0					
ANR	2735042	Callee	return_error		2733183	0					
ANR	2735043	Identifier	return_error		2733183	0					
ANR	2735044	ArgumentList	gs_error_undefined		2733183	1					
ANR	2735045	Argument	gs_error_undefined		2733183	0					
ANR	2735046	Identifier	gs_error_undefined		2733183	0					
ANR	2735047	ExpressionStatement	pres -> where_used |= pdev -> used_mask	2504:16:105658:105693	2733183	11	True				
ANR	2735048	AssignmentExpression	pres -> where_used |= pdev -> used_mask		2733183	0		|=			
ANR	2735049	PtrMemberAccess	pres -> where_used		2733183	0					
ANR	2735050	Identifier	pres		2733183	0					
ANR	2735051	Identifier	where_used		2733183	1					
ANR	2735052	PtrMemberAccess	pdev -> used_mask		2733183	1					
ANR	2735053	Identifier	pdev		2733183	0					
ANR	2735054	Identifier	used_mask		2733183	1					
ANR	2735055	IfStatement	if ( pdev -> accumulating_substream_resource )		2733183	12					
ANR	2735056	Condition	pdev -> accumulating_substream_resource	2505:20:105715:105751	2733183	0	True				
ANR	2735057	PtrMemberAccess	pdev -> accumulating_substream_resource		2733183	0					
ANR	2735058	Identifier	pdev		2733183	0					
ANR	2735059	Identifier	accumulating_substream_resource		2733183	1					
ANR	2735060	CompoundStatement		293:59:14401:14401	2733183	1					
ANR	2735061	ExpressionStatement	"code = pdf_add_resource ( pdev , pdev -> substream_Resources , ""/XObject"" , pres )"	2506:20:105776:105850	2733183	0	True				
ANR	2735062	AssignmentExpression	"code = pdf_add_resource ( pdev , pdev -> substream_Resources , ""/XObject"" , pres )"		2733183	0		=			
ANR	2735063	Identifier	code		2733183	0					
ANR	2735064	CallExpression	"pdf_add_resource ( pdev , pdev -> substream_Resources , ""/XObject"" , pres )"		2733183	1					
ANR	2735065	Callee	pdf_add_resource		2733183	0					
ANR	2735066	Identifier	pdf_add_resource		2733183	0					
ANR	2735067	ArgumentList	pdev		2733183	1					
ANR	2735068	Argument	pdev		2733183	0					
ANR	2735069	Identifier	pdev		2733183	0					
ANR	2735070	Argument	pdev -> substream_Resources		2733183	1					
ANR	2735071	PtrMemberAccess	pdev -> substream_Resources		2733183	0					
ANR	2735072	Identifier	pdev		2733183	0					
ANR	2735073	Identifier	substream_Resources		2733183	1					
ANR	2735074	Argument	"""/XObject"""		2733183	2					
ANR	2735075	PrimaryExpression	"""/XObject"""		2733183	0					
ANR	2735076	Argument	pres		2733183	3					
ANR	2735077	Identifier	pres		2733183	0					
ANR	2735078	IfStatement	if ( code < 0 )		2733183	1					
ANR	2735079	Condition	code < 0	2507:24:105876:105883	2733183	0	True				
ANR	2735080	RelationalExpression	code < 0		2733183	0		<			
ANR	2735081	Identifier	code		2733183	0					
ANR	2735082	PrimaryExpression	0		2733183	1					
ANR	2735083	ReturnStatement	return code ;	2508:24:105910:105921	2733183	1	True				
ANR	2735084	Identifier	code		2733183	0					
ANR	2735085	ReturnStatement	return 0 ;	2511:12:105967:105975	2733183	22	True				
ANR	2735086	PrimaryExpression	0		2733183	0					
ANR	2735087	Label	case gxdso_pattern_start_accum :	2512:8:105985:106015	2733183	23	True				
ANR	2735088	Identifier	gxdso_pattern_start_accum		2733183	0					
ANR	2735089	CompoundStatement		304:16:14834:14872	2733183	24					
ANR	2735090	IdentifierDeclStatement	pattern_accum_param_s * param = ( pattern_accum_param_s * ) data ;	2514:16:106047:106107	2733183	0	True				
ANR	2735091	IdentifierDecl	* param = ( pattern_accum_param_s * ) data		2733183	0					
ANR	2735092	IdentifierDeclType	pattern_accum_param_s *		2733183	0					
ANR	2735093	Identifier	param		2733183	1					
ANR	2735094	AssignmentExpression	* param = ( pattern_accum_param_s * ) data		2733183	2		=			
ANR	2735095	Identifier	param		2733183	0					
ANR	2735096	CastExpression	( pattern_accum_param_s * ) data		2733183	1					
ANR	2735097	CastTarget	pattern_accum_param_s *		2733183	0					
ANR	2735098	Identifier	data		2733183	1					
ANR	2735099	IdentifierDeclStatement	gs_pattern1_instance_t * pinst = param -> pinst ;	2515:16:106125:106169	2733183	1	True				
ANR	2735100	IdentifierDecl	* pinst = param -> pinst		2733183	0					
ANR	2735101	IdentifierDeclType	gs_pattern1_instance_t *		2733183	0					
ANR	2735102	Identifier	pinst		2733183	1					
ANR	2735103	AssignmentExpression	* pinst = param -> pinst		2733183	2		=			
ANR	2735104	Identifier	pinst		2733183	0					
ANR	2735105	PtrMemberAccess	param -> pinst		2733183	1					
ANR	2735106	Identifier	param		2733183	0					
ANR	2735107	Identifier	pinst		2733183	1					
ANR	2735108	IdentifierDeclStatement	gs_gstate * pgs = param -> graphics_state ;	2516:16:106187:106225	2733183	2	True				
ANR	2735109	IdentifierDecl	* pgs = param -> graphics_state		2733183	0					
ANR	2735110	IdentifierDeclType	gs_gstate *		2733183	0					
ANR	2735111	Identifier	pgs		2733183	1					
ANR	2735112	AssignmentExpression	* pgs = param -> graphics_state		2733183	2		=			
ANR	2735113	Identifier	pgs		2733183	0					
ANR	2735114	PtrMemberAccess	param -> graphics_state		2733183	1					
ANR	2735115	Identifier	param		2733183	0					
ANR	2735116	Identifier	graphics_state		2733183	1					
ANR	2735117	ExpressionStatement	id = param -> pinst_id	2518:16:106244:106264	2733183	3	True				
ANR	2735118	AssignmentExpression	id = param -> pinst_id		2733183	0		=			
ANR	2735119	Identifier	id		2733183	0					
ANR	2735120	PtrMemberAccess	param -> pinst_id		2733183	1					
ANR	2735121	Identifier	param		2733183	0					
ANR	2735122	Identifier	pinst_id		2733183	1					
ANR	2735123	ExpressionStatement	"code = pdf_check_soft_mask ( pdev , ( gs_gstate * ) pgs )"	2519:16:106282:106332	2733183	4	True				
ANR	2735124	AssignmentExpression	"code = pdf_check_soft_mask ( pdev , ( gs_gstate * ) pgs )"		2733183	0		=			
ANR	2735125	Identifier	code		2733183	0					
ANR	2735126	CallExpression	"pdf_check_soft_mask ( pdev , ( gs_gstate * ) pgs )"		2733183	1					
ANR	2735127	Callee	pdf_check_soft_mask		2733183	0					
ANR	2735128	Identifier	pdf_check_soft_mask		2733183	0					
ANR	2735129	ArgumentList	pdev		2733183	1					
ANR	2735130	Argument	pdev		2733183	0					
ANR	2735131	Identifier	pdev		2733183	0					
ANR	2735132	Argument	( gs_gstate * ) pgs		2733183	1					
ANR	2735133	CastExpression	( gs_gstate * ) pgs		2733183	0					
ANR	2735134	CastTarget	gs_gstate *		2733183	0					
ANR	2735135	Identifier	pgs		2733183	1					
ANR	2735136	IfStatement	if ( code < 0 )		2733183	5					
ANR	2735137	Condition	code < 0	2520:20:106354:106361	2733183	0	True				
ANR	2735138	RelationalExpression	code < 0		2733183	0		<			
ANR	2735139	Identifier	code		2733183	0					
ANR	2735140	PrimaryExpression	0		2733183	1					
ANR	2735141	ReturnStatement	return code ;	2521:20:106384:106395	2733183	1	True				
ANR	2735142	Identifier	code		2733183	0					
ANR	2735143	ExpressionStatement	"code = pdf_enter_substream ( pdev , resourcePattern , id , & pres , false , pdev -> CompressStreams )"	2522:16:106413:106527	2733183	6	True				
ANR	2735144	AssignmentExpression	"code = pdf_enter_substream ( pdev , resourcePattern , id , & pres , false , pdev -> CompressStreams )"		2733183	0		=			
ANR	2735145	Identifier	code		2733183	0					
ANR	2735146	CallExpression	"pdf_enter_substream ( pdev , resourcePattern , id , & pres , false , pdev -> CompressStreams )"		2733183	1					
ANR	2735147	Callee	pdf_enter_substream		2733183	0					
ANR	2735148	Identifier	pdf_enter_substream		2733183	0					
ANR	2735149	ArgumentList	pdev		2733183	1					
ANR	2735150	Argument	pdev		2733183	0					
ANR	2735151	Identifier	pdev		2733183	0					
ANR	2735152	Argument	resourcePattern		2733183	1					
ANR	2735153	Identifier	resourcePattern		2733183	0					
ANR	2735154	Argument	id		2733183	2					
ANR	2735155	Identifier	id		2733183	0					
ANR	2735156	Argument	& pres		2733183	3					
ANR	2735157	UnaryOperationExpression	& pres		2733183	0					
ANR	2735158	UnaryOperator	&		2733183	0					
ANR	2735159	Identifier	pres		2733183	1					
ANR	2735160	Argument	false		2733183	4					
ANR	2735161	Identifier	false		2733183	0					
ANR	2735162	Argument	pdev -> CompressStreams		2733183	5					
ANR	2735163	PtrMemberAccess	pdev -> CompressStreams		2733183	0					
ANR	2735164	Identifier	pdev		2733183	0					
ANR	2735165	Identifier	CompressStreams		2733183	1					
ANR	2735166	IfStatement	if ( code < 0 )		2733183	7					
ANR	2735167	Condition	code < 0	2524:20:106549:106556	2733183	0	True				
ANR	2735168	RelationalExpression	code < 0		2733183	0		<			
ANR	2735169	Identifier	code		2733183	0					
ANR	2735170	PrimaryExpression	0		2733183	1					
ANR	2735171	ReturnStatement	return code ;	2525:20:106579:106590	2733183	1	True				
ANR	2735172	Identifier	code		2733183	0					
ANR	2735173	ExpressionStatement	pdev -> state . soft_mask_id = pgs -> soft_mask_id	2533:16:107198:107242	2733183	8	True				
ANR	2735174	AssignmentExpression	pdev -> state . soft_mask_id = pgs -> soft_mask_id		2733183	0		=			
ANR	2735175	MemberAccess	pdev -> state . soft_mask_id		2733183	0					
ANR	2735176	PtrMemberAccess	pdev -> state		2733183	0					
ANR	2735177	Identifier	pdev		2733183	0					
ANR	2735178	Identifier	state		2733183	1					
ANR	2735179	Identifier	soft_mask_id		2733183	1					
ANR	2735180	PtrMemberAccess	pgs -> soft_mask_id		2733183	1					
ANR	2735181	Identifier	pgs		2733183	0					
ANR	2735182	Identifier	soft_mask_id		2733183	1					
ANR	2735183	ExpressionStatement	pres -> rid = id	2534:16:107260:107274	2733183	9	True				
ANR	2735184	AssignmentExpression	pres -> rid = id		2733183	0		=			
ANR	2735185	PtrMemberAccess	pres -> rid		2733183	0					
ANR	2735186	Identifier	pres		2733183	0					
ANR	2735187	Identifier	rid		2733183	1					
ANR	2735188	Identifier	id		2733183	1					
ANR	2735189	ExpressionStatement	"code = pdf_store_pattern1_params ( pdev , pres , pinst )"	2535:16:107292:107343	2733183	10	True				
ANR	2735190	AssignmentExpression	"code = pdf_store_pattern1_params ( pdev , pres , pinst )"		2733183	0		=			
ANR	2735191	Identifier	code		2733183	0					
ANR	2735192	CallExpression	"pdf_store_pattern1_params ( pdev , pres , pinst )"		2733183	1					
ANR	2735193	Callee	pdf_store_pattern1_params		2733183	0					
ANR	2735194	Identifier	pdf_store_pattern1_params		2733183	0					
ANR	2735195	ArgumentList	pdev		2733183	1					
ANR	2735196	Argument	pdev		2733183	0					
ANR	2735197	Identifier	pdev		2733183	0					
ANR	2735198	Argument	pres		2733183	1					
ANR	2735199	Identifier	pres		2733183	0					
ANR	2735200	Argument	pinst		2733183	2					
ANR	2735201	Identifier	pinst		2733183	0					
ANR	2735202	IfStatement	if ( code < 0 )		2733183	11					
ANR	2735203	Condition	code < 0	2536:20:107365:107372	2733183	0	True				
ANR	2735204	RelationalExpression	code < 0		2733183	0		<			
ANR	2735205	Identifier	code		2733183	0					
ANR	2735206	PrimaryExpression	0		2733183	1					
ANR	2735207	ReturnStatement	return code ;	2537:20:107395:107406	2733183	1	True				
ANR	2735208	Identifier	code		2733183	0					
ANR	2735209	ExpressionStatement	"pprintg2 ( pdev -> strm , ""%g 0 0 %g 0 0 cm\\n"" , 72.0 / pdev -> HWResolution [ 0 ] , 72.0 / pdev -> HWResolution [ 1 ] )"	2539:16:107530:107657	2733183	12	True				
ANR	2735210	CallExpression	"pprintg2 ( pdev -> strm , ""%g 0 0 %g 0 0 cm\\n"" , 72.0 / pdev -> HWResolution [ 0 ] , 72.0 / pdev -> HWResolution [ 1 ] )"		2733183	0					
ANR	2735211	Callee	pprintg2		2733183	0					
ANR	2735212	Identifier	pprintg2		2733183	0					
ANR	2735213	ArgumentList	pdev -> strm		2733183	1					
ANR	2735214	Argument	pdev -> strm		2733183	0					
ANR	2735215	PtrMemberAccess	pdev -> strm		2733183	0					
ANR	2735216	Identifier	pdev		2733183	0					
ANR	2735217	Identifier	strm		2733183	1					
ANR	2735218	Argument	"""%g 0 0 %g 0 0 cm\\n"""		2733183	1					
ANR	2735219	PrimaryExpression	"""%g 0 0 %g 0 0 cm\\n"""		2733183	0					
ANR	2735220	Argument	72.0 / pdev -> HWResolution [ 0 ]		2733183	2					
ANR	2735221	MultiplicativeExpression	72.0 / pdev -> HWResolution [ 0 ]		2733183	0		/			
ANR	2735222	PrimaryExpression	72.0		2733183	0					
ANR	2735223	ArrayIndexing	pdev -> HWResolution [ 0 ]		2733183	1					
ANR	2735224	PtrMemberAccess	pdev -> HWResolution		2733183	0					
ANR	2735225	Identifier	pdev		2733183	0					
ANR	2735226	Identifier	HWResolution		2733183	1					
ANR	2735227	PrimaryExpression	0		2733183	1					
ANR	2735228	Argument	72.0 / pdev -> HWResolution [ 1 ]		2733183	3					
ANR	2735229	MultiplicativeExpression	72.0 / pdev -> HWResolution [ 1 ]		2733183	0		/			
ANR	2735230	PrimaryExpression	72.0		2733183	0					
ANR	2735231	ArrayIndexing	pdev -> HWResolution [ 1 ]		2733183	1					
ANR	2735232	PtrMemberAccess	pdev -> HWResolution		2733183	0					
ANR	2735233	Identifier	pdev		2733183	0					
ANR	2735234	Identifier	HWResolution		2733183	1					
ANR	2735235	PrimaryExpression	1		2733183	1					
ANR	2735236	ExpressionStatement	pdev -> PatternDepth ++	2541:16:107675:107695	2733183	13	True				
ANR	2735237	PostIncDecOperationExpression	pdev -> PatternDepth ++		2733183	0					
ANR	2735238	PtrMemberAccess	pdev -> PatternDepth		2733183	0					
ANR	2735239	Identifier	pdev		2733183	0					
ANR	2735240	Identifier	PatternDepth		2733183	1					
ANR	2735241	IncDec	++		2733183	1					
ANR	2735242	ReturnStatement	return 1 ;	2543:12:107723:107731	2733183	25	True				
ANR	2735243	PrimaryExpression	1		2733183	0					
ANR	2735244	Label	case gxdso_pattern_finish_accum :	2544:8:107741:107772	2733183	26	True				
ANR	2735245	Identifier	gxdso_pattern_finish_accum		2733183	0					
ANR	2735246	IfStatement	if ( pdev -> CompatibilityLevel <= 1.7 )		2733183	27					
ANR	2735247	Condition	pdev -> CompatibilityLevel <= 1.7	2545:16:107790:107820	2733183	0	True				
ANR	2735248	RelationalExpression	pdev -> CompatibilityLevel <= 1.7		2733183	0		<=			
ANR	2735249	PtrMemberAccess	pdev -> CompatibilityLevel		2733183	0					
ANR	2735250	Identifier	pdev		2733183	0					
ANR	2735251	Identifier	CompatibilityLevel		2733183	1					
ANR	2735252	PrimaryExpression	1.7		2733183	1					
ANR	2735253	CompoundStatement		333:49:16470:16470	2733183	1					
ANR	2735254	IfStatement	if ( pdev -> substream_Resources == NULL )		2733183	0					
ANR	2735255	Condition	pdev -> substream_Resources == NULL	2546:20:107845:107877	2733183	0	True				
ANR	2735256	EqualityExpression	pdev -> substream_Resources == NULL		2733183	0		==			
ANR	2735257	PtrMemberAccess	pdev -> substream_Resources		2733183	0					
ANR	2735258	Identifier	pdev		2733183	0					
ANR	2735259	Identifier	substream_Resources		2733183	1					
ANR	2735260	Identifier	NULL		2733183	1					
ANR	2735261	CompoundStatement		334:55:16527:16527	2733183	1					
ANR	2735262	ExpressionStatement	"pdev -> substream_Resources = cos_dict_alloc ( pdev , ""pdf_pattern(Resources)"" )"	2547:20:107902:107976	2733183	0	True				
ANR	2735263	AssignmentExpression	"pdev -> substream_Resources = cos_dict_alloc ( pdev , ""pdf_pattern(Resources)"" )"		2733183	0		=			
ANR	2735264	PtrMemberAccess	pdev -> substream_Resources		2733183	0					
ANR	2735265	Identifier	pdev		2733183	0					
ANR	2735266	Identifier	substream_Resources		2733183	1					
ANR	2735267	CallExpression	"cos_dict_alloc ( pdev , ""pdf_pattern(Resources)"" )"		2733183	1					
ANR	2735268	Callee	cos_dict_alloc		2733183	0					
ANR	2735269	Identifier	cos_dict_alloc		2733183	0					
ANR	2735270	ArgumentList	pdev		2733183	1					
ANR	2735271	Argument	pdev		2733183	0					
ANR	2735272	Identifier	pdev		2733183	0					
ANR	2735273	Argument	"""pdf_pattern(Resources)"""		2733183	1					
ANR	2735274	PrimaryExpression	"""pdf_pattern(Resources)"""		2733183	0					
ANR	2735275	IfStatement	if ( pdev -> substream_Resources == NULL )		2733183	1					
ANR	2735276	Condition	pdev -> substream_Resources == NULL	2548:24:108002:108034	2733183	0	True				
ANR	2735277	EqualityExpression	pdev -> substream_Resources == NULL		2733183	0		==			
ANR	2735278	PtrMemberAccess	pdev -> substream_Resources		2733183	0					
ANR	2735279	Identifier	pdev		2733183	0					
ANR	2735280	Identifier	substream_Resources		2733183	1					
ANR	2735281	Identifier	NULL		2733183	1					
ANR	2735282	ExpressionStatement	return_error ( gs_error_VMerror )	2549:24:108061:108091	2733183	1	True				
ANR	2735283	CallExpression	return_error ( gs_error_VMerror )		2733183	0					
ANR	2735284	Callee	return_error		2733183	0					
ANR	2735285	Identifier	return_error		2733183	0					
ANR	2735286	ArgumentList	gs_error_VMerror		2733183	1					
ANR	2735287	Argument	gs_error_VMerror		2733183	0					
ANR	2735288	Identifier	gs_error_VMerror		2733183	0					
ANR	2735289	ExpressionStatement	"code = pdf_add_procsets ( pdev -> substream_Resources , pdev -> procsets )"	2551:16:108127:108193	2733183	1	True				
ANR	2735290	AssignmentExpression	"code = pdf_add_procsets ( pdev -> substream_Resources , pdev -> procsets )"		2733183	0		=			
ANR	2735291	Identifier	code		2733183	0					
ANR	2735292	CallExpression	"pdf_add_procsets ( pdev -> substream_Resources , pdev -> procsets )"		2733183	1					
ANR	2735293	Callee	pdf_add_procsets		2733183	0					
ANR	2735294	Identifier	pdf_add_procsets		2733183	0					
ANR	2735295	ArgumentList	pdev -> substream_Resources		2733183	1					
ANR	2735296	Argument	pdev -> substream_Resources		2733183	0					
ANR	2735297	PtrMemberAccess	pdev -> substream_Resources		2733183	0					
ANR	2735298	Identifier	pdev		2733183	0					
ANR	2735299	Identifier	substream_Resources		2733183	1					
ANR	2735300	Argument	pdev -> procsets		2733183	1					
ANR	2735301	PtrMemberAccess	pdev -> procsets		2733183	0					
ANR	2735302	Identifier	pdev		2733183	0					
ANR	2735303	Identifier	procsets		2733183	1					
ANR	2735304	IfStatement	if ( code < 0 )		2733183	2					
ANR	2735305	Condition	code < 0	2552:20:108215:108222	2733183	0	True				
ANR	2735306	RelationalExpression	code < 0		2733183	0		<			
ANR	2735307	Identifier	code		2733183	0					
ANR	2735308	PrimaryExpression	0		2733183	1					
ANR	2735309	ReturnStatement	return code ;	2553:20:108245:108256	2733183	1	True				
ANR	2735310	Identifier	code		2733183	0					
ANR	2735311	ExpressionStatement	pres = pres1 = pdev -> accumulating_substream_resource	2555:12:108284:108336	2733183	28	True				
ANR	2735312	AssignmentExpression	pres = pres1 = pdev -> accumulating_substream_resource		2733183	0		=			
ANR	2735313	Identifier	pres		2733183	0					
ANR	2735314	AssignmentExpression	pres1 = pdev -> accumulating_substream_resource		2733183	1		=			
ANR	2735315	Identifier	pres1		2733183	0					
ANR	2735316	PtrMemberAccess	pdev -> accumulating_substream_resource		2733183	1					
ANR	2735317	Identifier	pdev		2733183	0					
ANR	2735318	Identifier	accumulating_substream_resource		2733183	1					
ANR	2735319	ExpressionStatement	code = pdf_exit_substream ( pdev )	2556:12:108350:108381	2733183	29	True				
ANR	2735320	AssignmentExpression	code = pdf_exit_substream ( pdev )		2733183	0		=			
ANR	2735321	Identifier	code		2733183	0					
ANR	2735322	CallExpression	pdf_exit_substream ( pdev )		2733183	1					
ANR	2735323	Callee	pdf_exit_substream		2733183	0					
ANR	2735324	Identifier	pdf_exit_substream		2733183	0					
ANR	2735325	ArgumentList	pdev		2733183	1					
ANR	2735326	Argument	pdev		2733183	0					
ANR	2735327	Identifier	pdev		2733183	0					
ANR	2735328	IfStatement	if ( code < 0 )		2733183	30					
ANR	2735329	Condition	code < 0	2557:16:108399:108406	2733183	0	True				
ANR	2735330	RelationalExpression	code < 0		2733183	0		<			
ANR	2735331	Identifier	code		2733183	0					
ANR	2735332	PrimaryExpression	0		2733183	1					
ANR	2735333	ReturnStatement	return code ;	2558:16:108425:108436	2733183	1	True				
ANR	2735334	Identifier	code		2733183	0					
ANR	2735335	IfStatement	if ( pdev -> substituted_pattern_count > 300 && pdev -> substituted_pattern_drop_page != pdev -> next_page )		2733183	31					
ANR	2735336	Condition	pdev -> substituted_pattern_count > 300 && pdev -> substituted_pattern_drop_page != pdev -> next_page	2559:16:108454:108568	2733183	0	True				
ANR	2735337	AndExpression	pdev -> substituted_pattern_count > 300 && pdev -> substituted_pattern_drop_page != pdev -> next_page		2733183	0		&&			
ANR	2735338	RelationalExpression	pdev -> substituted_pattern_count > 300		2733183	0		>			
ANR	2735339	PtrMemberAccess	pdev -> substituted_pattern_count		2733183	0					
ANR	2735340	Identifier	pdev		2733183	0					
ANR	2735341	Identifier	substituted_pattern_count		2733183	1					
ANR	2735342	PrimaryExpression	300		2733183	1					
ANR	2735343	EqualityExpression	pdev -> substituted_pattern_drop_page != pdev -> next_page		2733183	1		!=			
ANR	2735344	PtrMemberAccess	pdev -> substituted_pattern_drop_page		2733183	0					
ANR	2735345	Identifier	pdev		2733183	0					
ANR	2735346	Identifier	substituted_pattern_drop_page		2733183	1					
ANR	2735347	PtrMemberAccess	pdev -> next_page		2733183	1					
ANR	2735348	Identifier	pdev		2733183	0					
ANR	2735349	Identifier	next_page		2733183	1					
ANR	2735350	CompoundStatement		348:76:17218:17218	2733183	1					
ANR	2735351	ExpressionStatement	"pdf_drop_resources ( pdev , resourcePattern , check_unsubstituted1 )"	2561:16:108605:108668	2733183	0	True				
ANR	2735352	CallExpression	"pdf_drop_resources ( pdev , resourcePattern , check_unsubstituted1 )"		2733183	0					
ANR	2735353	Callee	pdf_drop_resources		2733183	0					
ANR	2735354	Identifier	pdf_drop_resources		2733183	0					
ANR	2735355	ArgumentList	pdev		2733183	1					
ANR	2735356	Argument	pdev		2733183	0					
ANR	2735357	Identifier	pdev		2733183	0					
ANR	2735358	Argument	resourcePattern		2733183	1					
ANR	2735359	Identifier	resourcePattern		2733183	0					
ANR	2735360	Argument	check_unsubstituted1		2733183	2					
ANR	2735361	Identifier	check_unsubstituted1		2733183	0					
ANR	2735362	ExpressionStatement	pdev -> substituted_pattern_count = 0	2562:16:108686:108721	2733183	1	True				
ANR	2735363	AssignmentExpression	pdev -> substituted_pattern_count = 0		2733183	0		=			
ANR	2735364	PtrMemberAccess	pdev -> substituted_pattern_count		2733183	0					
ANR	2735365	Identifier	pdev		2733183	0					
ANR	2735366	Identifier	substituted_pattern_count		2733183	1					
ANR	2735367	PrimaryExpression	0		2733183	1					
ANR	2735368	ExpressionStatement	pdev -> substituted_pattern_drop_page = pdev -> next_page	2563:16:108739:108792	2733183	2	True				
ANR	2735369	AssignmentExpression	pdev -> substituted_pattern_drop_page = pdev -> next_page		2733183	0		=			
ANR	2735370	PtrMemberAccess	pdev -> substituted_pattern_drop_page		2733183	0					
ANR	2735371	Identifier	pdev		2733183	0					
ANR	2735372	Identifier	substituted_pattern_drop_page		2733183	1					
ANR	2735373	PtrMemberAccess	pdev -> next_page		2733183	1					
ANR	2735374	Identifier	pdev		2733183	0					
ANR	2735375	Identifier	next_page		2733183	1					
ANR	2735376	ExpressionStatement	"code = pdf_find_same_resource ( pdev , resourcePattern , & pres , check_unsubstituted2 )"	2565:12:108820:108901	2733183	32	True				
ANR	2735377	AssignmentExpression	"code = pdf_find_same_resource ( pdev , resourcePattern , & pres , check_unsubstituted2 )"		2733183	0		=			
ANR	2735378	Identifier	code		2733183	0					
ANR	2735379	CallExpression	"pdf_find_same_resource ( pdev , resourcePattern , & pres , check_unsubstituted2 )"		2733183	1					
ANR	2735380	Callee	pdf_find_same_resource		2733183	0					
ANR	2735381	Identifier	pdf_find_same_resource		2733183	0					
ANR	2735382	ArgumentList	pdev		2733183	1					
ANR	2735383	Argument	pdev		2733183	0					
ANR	2735384	Identifier	pdev		2733183	0					
ANR	2735385	Argument	resourcePattern		2733183	1					
ANR	2735386	Identifier	resourcePattern		2733183	0					
ANR	2735387	Argument	& pres		2733183	2					
ANR	2735388	UnaryOperationExpression	& pres		2733183	0					
ANR	2735389	UnaryOperator	&		2733183	0					
ANR	2735390	Identifier	pres		2733183	1					
ANR	2735391	Argument	check_unsubstituted2		2733183	3					
ANR	2735392	Identifier	check_unsubstituted2		2733183	0					
ANR	2735393	IfStatement	if ( code < 0 )		2733183	33					
ANR	2735394	Condition	code < 0	2566:16:108919:108926	2733183	0	True				
ANR	2735395	RelationalExpression	code < 0		2733183	0		<			
ANR	2735396	Identifier	code		2733183	0					
ANR	2735397	PrimaryExpression	0		2733183	1					
ANR	2735398	ReturnStatement	return code ;	2567:16:108945:108956	2733183	1	True				
ANR	2735399	Identifier	code		2733183	0					
ANR	2735400	IfStatement	if ( code > 0 )		2733183	34					
ANR	2735401	Condition	code > 0	2568:16:108974:108981	2733183	0	True				
ANR	2735402	RelationalExpression	code > 0		2733183	0		>			
ANR	2735403	Identifier	code		2733183	0					
ANR	2735404	PrimaryExpression	0		2733183	1					
ANR	2735405	CompoundStatement		357:16:17649:17693	2733183	1					
ANR	2735406	IdentifierDeclStatement	pdf_pattern_t * ppat = ( pdf_pattern_t * ) pres1 ;	2569:16:109002:109046	2733183	0	True				
ANR	2735407	IdentifierDecl	* ppat = ( pdf_pattern_t * ) pres1		2733183	0					
ANR	2735408	IdentifierDeclType	pdf_pattern_t *		2733183	0					
ANR	2735409	Identifier	ppat		2733183	1					
ANR	2735410	AssignmentExpression	* ppat = ( pdf_pattern_t * ) pres1		2733183	2		=			
ANR	2735411	Identifier	ppat		2733183	0					
ANR	2735412	CastExpression	( pdf_pattern_t * ) pres1		2733183	1					
ANR	2735413	CastTarget	pdf_pattern_t *		2733183	0					
ANR	2735414	Identifier	pres1		2733183	1					
ANR	2735415	ExpressionStatement	"code = pdf_cancel_resource ( pdev , pres1 , resourcePattern )"	2571:16:109065:109121	2733183	1	True				
ANR	2735416	AssignmentExpression	"code = pdf_cancel_resource ( pdev , pres1 , resourcePattern )"		2733183	0		=			
ANR	2735417	Identifier	code		2733183	0					
ANR	2735418	CallExpression	"pdf_cancel_resource ( pdev , pres1 , resourcePattern )"		2733183	1					
ANR	2735419	Callee	pdf_cancel_resource		2733183	0					
ANR	2735420	Identifier	pdf_cancel_resource		2733183	0					
ANR	2735421	ArgumentList	pdev		2733183	1					
ANR	2735422	Argument	pdev		2733183	0					
ANR	2735423	Identifier	pdev		2733183	0					
ANR	2735424	Argument	pres1		2733183	1					
ANR	2735425	Identifier	pres1		2733183	0					
ANR	2735426	Argument	resourcePattern		2733183	2					
ANR	2735427	Identifier	resourcePattern		2733183	0					
ANR	2735428	IfStatement	if ( code < 0 )		2733183	2					
ANR	2735429	Condition	code < 0	2572:20:109143:109150	2733183	0	True				
ANR	2735430	RelationalExpression	code < 0		2733183	0		<			
ANR	2735431	Identifier	code		2733183	0					
ANR	2735432	PrimaryExpression	0		2733183	1					
ANR	2735433	ReturnStatement	return code ;	2573:20:109173:109184	2733183	1	True				
ANR	2735434	Identifier	code		2733183	0					
ANR	2735435	ExpressionStatement	ppat -> substitute = ( pdf_pattern_t * ) pres	2575:16:109280:109320	2733183	3	True				
ANR	2735436	AssignmentExpression	ppat -> substitute = ( pdf_pattern_t * ) pres		2733183	0		=			
ANR	2735437	PtrMemberAccess	ppat -> substitute		2733183	0					
ANR	2735438	Identifier	ppat		2733183	0					
ANR	2735439	Identifier	substitute		2733183	1					
ANR	2735440	CastExpression	( pdf_pattern_t * ) pres		2733183	1					
ANR	2735441	CastTarget	pdf_pattern_t *		2733183	0					
ANR	2735442	Identifier	pres		2733183	1					
ANR	2735443	ExpressionStatement	pres -> where_used |= pdev -> used_mask	2576:16:109338:109373	2733183	4	True				
ANR	2735444	AssignmentExpression	pres -> where_used |= pdev -> used_mask		2733183	0		|=			
ANR	2735445	PtrMemberAccess	pres -> where_used		2733183	0					
ANR	2735446	Identifier	pres		2733183	0					
ANR	2735447	Identifier	where_used		2733183	1					
ANR	2735448	PtrMemberAccess	pdev -> used_mask		2733183	1					
ANR	2735449	Identifier	pdev		2733183	0					
ANR	2735450	Identifier	used_mask		2733183	1					
ANR	2735451	ExpressionStatement	pdev -> substituted_pattern_count ++	2577:16:109391:109424	2733183	5	True				
ANR	2735452	PostIncDecOperationExpression	pdev -> substituted_pattern_count ++		2733183	0					
ANR	2735453	PtrMemberAccess	pdev -> substituted_pattern_count		2733183	0					
ANR	2735454	Identifier	pdev		2733183	0					
ANR	2735455	Identifier	substituted_pattern_count		2733183	1					
ANR	2735456	IncDec	++		2733183	1					
ANR	2735457	ElseStatement	else		2733183	0					
ANR	2735458	IfStatement	if ( pres -> object -> id < 0 )		2733183	0					
ANR	2735459	Condition	pres -> object -> id < 0	2578:23:109449:109468	2733183	0	True				
ANR	2735460	RelationalExpression	pres -> object -> id < 0		2733183	0		<			
ANR	2735461	PtrMemberAccess	pres -> object -> id		2733183	0					
ANR	2735462	PtrMemberAccess	pres -> object		2733183	0					
ANR	2735463	Identifier	pres		2733183	0					
ANR	2735464	Identifier	object		2733183	1					
ANR	2735465	Identifier	id		2733183	1					
ANR	2735466	PrimaryExpression	0		2733183	1					
ANR	2735467	ExpressionStatement	"pdf_reserve_object_id ( pdev , pres , 0 )"	2579:16:109487:109523	2733183	1	True				
ANR	2735468	CallExpression	"pdf_reserve_object_id ( pdev , pres , 0 )"		2733183	0					
ANR	2735469	Callee	pdf_reserve_object_id		2733183	0					
ANR	2735470	Identifier	pdf_reserve_object_id		2733183	0					
ANR	2735471	ArgumentList	pdev		2733183	1					
ANR	2735472	Argument	pdev		2733183	0					
ANR	2735473	Identifier	pdev		2733183	0					
ANR	2735474	Argument	pres		2733183	1					
ANR	2735475	Identifier	pres		2733183	0					
ANR	2735476	Argument	0		2733183	2					
ANR	2735477	PrimaryExpression	0		2733183	0					
ANR	2735478	ExpressionStatement	pdev -> PatternDepth --	2580:12:109537:109557	2733183	35	True				
ANR	2735479	PostIncDecOperationExpression	pdev -> PatternDepth --		2733183	0					
ANR	2735480	PtrMemberAccess	pdev -> PatternDepth		2733183	0					
ANR	2735481	Identifier	pdev		2733183	0					
ANR	2735482	Identifier	PatternDepth		2733183	1					
ANR	2735483	IncDec	--		2733183	1					
ANR	2735484	ReturnStatement	return 1 ;	2581:12:109571:109579	2733183	36	True				
ANR	2735485	PrimaryExpression	1		2733183	0					
ANR	2735486	Label	case gxdso_pattern_load :	2582:8:109589:109612	2733183	37	True				
ANR	2735487	Identifier	gxdso_pattern_load		2733183	0					
ANR	2735488	ExpressionStatement	"pres = pdf_find_resource_by_gs_id ( pdev , resourcePattern , id )"	2583:12:109626:109686	2733183	38	True				
ANR	2735489	AssignmentExpression	"pres = pdf_find_resource_by_gs_id ( pdev , resourcePattern , id )"		2733183	0		=			
ANR	2735490	Identifier	pres		2733183	0					
ANR	2735491	CallExpression	"pdf_find_resource_by_gs_id ( pdev , resourcePattern , id )"		2733183	1					
ANR	2735492	Callee	pdf_find_resource_by_gs_id		2733183	0					
ANR	2735493	Identifier	pdf_find_resource_by_gs_id		2733183	0					
ANR	2735494	ArgumentList	pdev		2733183	1					
ANR	2735495	Argument	pdev		2733183	0					
ANR	2735496	Identifier	pdev		2733183	0					
ANR	2735497	Argument	resourcePattern		2733183	1					
ANR	2735498	Identifier	resourcePattern		2733183	0					
ANR	2735499	Argument	id		2733183	2					
ANR	2735500	Identifier	id		2733183	0					
ANR	2735501	IfStatement	if ( pres == 0 )		2733183	39					
ANR	2735502	Condition	pres == 0	2584:16:109704:109712	2733183	0	True				
ANR	2735503	EqualityExpression	pres == 0		2733183	0		==			
ANR	2735504	Identifier	pres		2733183	0					
ANR	2735505	PrimaryExpression	0		2733183	1					
ANR	2735506	ExpressionStatement	return_error ( gs_error_undefined )	2585:7:109722:109754	2733183	1	True				
ANR	2735507	CallExpression	return_error ( gs_error_undefined )		2733183	0					
ANR	2735508	Callee	return_error		2733183	0					
ANR	2735509	Identifier	return_error		2733183	0					
ANR	2735510	ArgumentList	gs_error_undefined		2733183	1					
ANR	2735511	Argument	gs_error_undefined		2733183	0					
ANR	2735512	Identifier	gs_error_undefined		2733183	0					
ANR	2735513	ExpressionStatement	pres = pdf_substitute_pattern ( pres )	2586:12:109768:109803	2733183	40	True				
ANR	2735514	AssignmentExpression	pres = pdf_substitute_pattern ( pres )		2733183	0		=			
ANR	2735515	Identifier	pres		2733183	0					
ANR	2735516	CallExpression	pdf_substitute_pattern ( pres )		2733183	1					
ANR	2735517	Callee	pdf_substitute_pattern		2733183	0					
ANR	2735518	Identifier	pdf_substitute_pattern		2733183	0					
ANR	2735519	ArgumentList	pres		2733183	1					
ANR	2735520	Argument	pres		2733183	0					
ANR	2735521	Identifier	pres		2733183	0					
ANR	2735522	ExpressionStatement	pres -> where_used |= pdev -> used_mask	2587:12:109817:109852	2733183	41	True				
ANR	2735523	AssignmentExpression	pres -> where_used |= pdev -> used_mask		2733183	0		|=			
ANR	2735524	PtrMemberAccess	pres -> where_used		2733183	0					
ANR	2735525	Identifier	pres		2733183	0					
ANR	2735526	Identifier	where_used		2733183	1					
ANR	2735527	PtrMemberAccess	pdev -> used_mask		2733183	1					
ANR	2735528	Identifier	pdev		2733183	0					
ANR	2735529	Identifier	used_mask		2733183	1					
ANR	2735530	ExpressionStatement	"code = pdf_add_resource ( pdev , pdev -> substream_Resources , ""/Pattern"" , pres )"	2588:12:109866:109940	2733183	42	True				
ANR	2735531	AssignmentExpression	"code = pdf_add_resource ( pdev , pdev -> substream_Resources , ""/Pattern"" , pres )"		2733183	0		=			
ANR	2735532	Identifier	code		2733183	0					
ANR	2735533	CallExpression	"pdf_add_resource ( pdev , pdev -> substream_Resources , ""/Pattern"" , pres )"		2733183	1					
ANR	2735534	Callee	pdf_add_resource		2733183	0					
ANR	2735535	Identifier	pdf_add_resource		2733183	0					
ANR	2735536	ArgumentList	pdev		2733183	1					
ANR	2735537	Argument	pdev		2733183	0					
ANR	2735538	Identifier	pdev		2733183	0					
ANR	2735539	Argument	pdev -> substream_Resources		2733183	1					
ANR	2735540	PtrMemberAccess	pdev -> substream_Resources		2733183	0					
ANR	2735541	Identifier	pdev		2733183	0					
ANR	2735542	Identifier	substream_Resources		2733183	1					
ANR	2735543	Argument	"""/Pattern"""		2733183	2					
ANR	2735544	PrimaryExpression	"""/Pattern"""		2733183	0					
ANR	2735545	Argument	pres		2733183	3					
ANR	2735546	Identifier	pres		2733183	0					
ANR	2735547	IfStatement	if ( code < 0 )		2733183	43					
ANR	2735548	Condition	code < 0	2589:16:109958:109965	2733183	0	True				
ANR	2735549	RelationalExpression	code < 0		2733183	0		<			
ANR	2735550	Identifier	code		2733183	0					
ANR	2735551	PrimaryExpression	0		2733183	1					
ANR	2735552	ReturnStatement	return code ;	2590:16:109984:109995	2733183	1	True				
ANR	2735553	Identifier	code		2733183	0					
ANR	2735554	ReturnStatement	return 1 ;	2591:12:110009:110017	2733183	44	True				
ANR	2735555	PrimaryExpression	1		2733183	0					
ANR	2735556	Label	case gxdso_pattern_shading_area :	2592:8:110027:110058	2733183	45	True				
ANR	2735557	Identifier	gxdso_pattern_shading_area		2733183	0					
ANR	2735558	ReturnStatement	return 0 ;	2593:12:110072:110080	2733183	46	True				
ANR	2735559	PrimaryExpression	0		2733183	0					
ANR	2735560	Label	case gxdso_pattern_is_cpath_accum :	2594:8:110090:110123	2733183	47	True				
ANR	2735561	Identifier	gxdso_pattern_is_cpath_accum		2733183	0					
ANR	2735562	ReturnStatement	return 0 ;	2595:12:110137:110145	2733183	48	True				
ANR	2735563	PrimaryExpression	0		2733183	0					
ANR	2735564	Label	case gxdso_pattern_shfill_doesnt_need_path :	2596:8:110155:110197	2733183	49	True				
ANR	2735565	Identifier	gxdso_pattern_shfill_doesnt_need_path		2733183	0					
ANR	2735566	ReturnStatement	return 0 ;	2597:12:110211:110219	2733183	50	True				
ANR	2735567	PrimaryExpression	0		2733183	0					
ANR	2735568	Label	case gxdso_pattern_handles_clip_path :	2598:8:110278:110314	2733183	51	True				
ANR	2735569	Identifier	gxdso_pattern_handles_clip_path		2733183	0					
ANR	2735570	ReturnStatement	return 0 ;	2605:12:110735:110743	2733183	52	True				
ANR	2735571	PrimaryExpression	0		2733183	0					
ANR	2735572	Label	case gxdso_supports_hlcolor :	2606:8:110753:110780	2733183	53	True				
ANR	2735573	Identifier	gxdso_supports_hlcolor		2733183	0					
ANR	2735574	ReturnStatement	return 1 ;	2611:12:111079:111087	2733183	54	True				
ANR	2735575	PrimaryExpression	1		2733183	0					
ANR	2735576	Label	case gxdso_needs_invariant_palette :	2612:8:111097:111131	2733183	55	True				
ANR	2735577	Identifier	gxdso_needs_invariant_palette		2733183	0					
ANR	2735578	ReturnStatement	return 1 ;	2616:12:111313:111321	2733183	56	True				
ANR	2735579	PrimaryExpression	1		2733183	0					
ANR	2735580	Label	case gxdso_JPEG_passthrough_query :	2617:8:111331:111364	2733183	57	True				
ANR	2735581	Identifier	gxdso_JPEG_passthrough_query		2733183	0					
ANR	2735582	ExpressionStatement	pdev -> JPEG_PassThrough = pdev -> params . PassThroughJPEGImages	2618:12:111378:111437	2733183	58	True				
ANR	2735583	AssignmentExpression	pdev -> JPEG_PassThrough = pdev -> params . PassThroughJPEGImages		2733183	0		=			
ANR	2735584	PtrMemberAccess	pdev -> JPEG_PassThrough		2733183	0					
ANR	2735585	Identifier	pdev		2733183	0					
ANR	2735586	Identifier	JPEG_PassThrough		2733183	1					
ANR	2735587	MemberAccess	pdev -> params . PassThroughJPEGImages		2733183	1					
ANR	2735588	PtrMemberAccess	pdev -> params		2733183	0					
ANR	2735589	Identifier	pdev		2733183	0					
ANR	2735590	Identifier	params		2733183	1					
ANR	2735591	Identifier	PassThroughJPEGImages		2733183	1					
ANR	2735592	ReturnStatement	return 1 ;	2619:12:111451:111459	2733183	59	True				
ANR	2735593	PrimaryExpression	1		2733183	0					
ANR	2735594	BreakStatement	break ;	2620:12:111473:111478	2733183	60	True				
ANR	2735595	Label	case gxdso_JPEG_passthrough_begin :	2621:8:111488:111521	2733183	61	True				
ANR	2735596	Identifier	gxdso_JPEG_passthrough_begin		2733183	0					
ANR	2735597	ReturnStatement	return 0 ;	2622:12:111535:111543	2733183	62	True				
ANR	2735598	PrimaryExpression	0		2733183	0					
ANR	2735599	BreakStatement	break ;	2623:12:111557:111562	2733183	63	True				
ANR	2735600	Label	case gxdso_JPEG_passthrough_data :	2624:8:111572:111604	2733183	64	True				
ANR	2735601	Identifier	gxdso_JPEG_passthrough_data		2733183	0					
ANR	2735602	IfStatement	if ( pdev -> JPEG_PassThrough && pdev -> PassThroughWriter )		2733183	65					
ANR	2735603	Condition	pdev -> JPEG_PassThrough && pdev -> PassThroughWriter	2625:16:111622:111670	2733183	0	True				
ANR	2735604	AndExpression	pdev -> JPEG_PassThrough && pdev -> PassThroughWriter		2733183	0		&&			
ANR	2735605	PtrMemberAccess	pdev -> JPEG_PassThrough		2733183	0					
ANR	2735606	Identifier	pdev		2733183	0					
ANR	2735607	Identifier	JPEG_PassThrough		2733183	1					
ANR	2735608	PtrMemberAccess	pdev -> PassThroughWriter		2733183	1					
ANR	2735609	Identifier	pdev		2733183	0					
ANR	2735610	Identifier	PassThroughWriter		2733183	1					
ANR	2735611	CompoundStatement		415:16:20350:20361	2733183	1					
ANR	2735612	IdentifierDeclStatement	uint ignore ;	2627:16:111703:111714	2733183	0	True				
ANR	2735613	IdentifierDecl	ignore		2733183	0					
ANR	2735614	IdentifierDeclType	uint		2733183	0					
ANR	2735615	Identifier	ignore		2733183	1					
ANR	2735616	IfStatement	"if ( sputs ( pdev -> PassThroughWriter , data , size , & ignore ) < 0 )"		2733183	1					
ANR	2735617	Condition	"sputs ( pdev -> PassThroughWriter , data , size , & ignore ) < 0"	2628:20:111736:111844	2733183	0	True				
ANR	2735618	RelationalExpression	"sputs ( pdev -> PassThroughWriter , data , size , & ignore ) < 0"		2733183	0		<			
ANR	2735619	CallExpression	"sputs ( pdev -> PassThroughWriter , data , size , & ignore )"		2733183	0					
ANR	2735620	Callee	sputs		2733183	0					
ANR	2735621	Identifier	sputs		2733183	0					
ANR	2735622	ArgumentList	pdev -> PassThroughWriter		2733183	1					
ANR	2735623	Argument	pdev -> PassThroughWriter		2733183	0					
ANR	2735624	PtrMemberAccess	pdev -> PassThroughWriter		2733183	0					
ANR	2735625	Identifier	pdev		2733183	0					
ANR	2735626	Identifier	PassThroughWriter		2733183	1					
ANR	2735627	Argument	data		2733183	1					
ANR	2735628	Identifier	data		2733183	0					
ANR	2735629	Argument	size		2733183	2					
ANR	2735630	Identifier	size		2733183	0					
ANR	2735631	Argument	& ignore		2733183	3					
ANR	2735632	UnaryOperationExpression	& ignore		2733183	0					
ANR	2735633	UnaryOperator	&		2733183	0					
ANR	2735634	Identifier	ignore		2733183	1					
ANR	2735635	PrimaryExpression	0		2733183	1					
ANR	2735636	ExpressionStatement	return_error ( gs_error_ioerror )	2631:27:111874:111904	2733183	1	True				
ANR	2735637	CallExpression	return_error ( gs_error_ioerror )		2733183	0					
ANR	2735638	Callee	return_error		2733183	0					
ANR	2735639	Identifier	return_error		2733183	0					
ANR	2735640	ArgumentList	gs_error_ioerror		2733183	1					
ANR	2735641	Argument	gs_error_ioerror		2733183	0					
ANR	2735642	Identifier	gs_error_ioerror		2733183	0					
ANR	2735643	ReturnStatement	return 0 ;	2633:12:111932:111940	2733183	66	True				
ANR	2735644	PrimaryExpression	0		2733183	0					
ANR	2735645	BreakStatement	break ;	2634:12:111954:111959	2733183	67	True				
ANR	2735646	Label	case gxdso_JPEG_passthrough_end :	2635:8:111969:112000	2733183	68	True				
ANR	2735647	Identifier	gxdso_JPEG_passthrough_end		2733183	0					
ANR	2735648	ExpressionStatement	pdev -> JPEG_PassThrough = 0	2636:12:112014:112040	2733183	69	True				
ANR	2735649	AssignmentExpression	pdev -> JPEG_PassThrough = 0		2733183	0		=			
ANR	2735650	PtrMemberAccess	pdev -> JPEG_PassThrough		2733183	0					
ANR	2735651	Identifier	pdev		2733183	0					
ANR	2735652	Identifier	JPEG_PassThrough		2733183	1					
ANR	2735653	PrimaryExpression	0		2733183	1					
ANR	2735654	ExpressionStatement	pdev -> PassThroughWriter = 0	2637:12:112054:112081	2733183	70	True				
ANR	2735655	AssignmentExpression	pdev -> PassThroughWriter = 0		2733183	0		=			
ANR	2735656	PtrMemberAccess	pdev -> PassThroughWriter		2733183	0					
ANR	2735657	Identifier	pdev		2733183	0					
ANR	2735658	Identifier	PassThroughWriter		2733183	1					
ANR	2735659	PrimaryExpression	0		2733183	1					
ANR	2735660	ReturnStatement	return 0 ;	2638:12:112095:112103	2733183	71	True				
ANR	2735661	PrimaryExpression	0		2733183	0					
ANR	2735662	BreakStatement	break ;	2639:12:112117:112122	2733183	72	True				
ANR	2735663	Label	case gxdso_get_dev_param :	2640:8:112132:112156	2733183	73	True				
ANR	2735664	Identifier	gxdso_get_dev_param		2733183	0					
ANR	2735665	CompoundStatement		431:16:20861:20911	2733183	74					
ANR	2735666	IdentifierDeclStatement	int code ;	2642:16:112188:112196	2733183	0	True				
ANR	2735667	IdentifierDecl	code		2733183	0					
ANR	2735668	IdentifierDeclType	int		2733183	0					
ANR	2735669	Identifier	code		2733183	1					
ANR	2735670	IdentifierDeclStatement	dev_param_req_t * request = ( dev_param_req_t * ) data ;	2643:16:112214:112264	2733183	1	True				
ANR	2735671	IdentifierDecl	* request = ( dev_param_req_t * ) data		2733183	0					
ANR	2735672	IdentifierDeclType	dev_param_req_t *		2733183	0					
ANR	2735673	Identifier	request		2733183	1					
ANR	2735674	AssignmentExpression	* request = ( dev_param_req_t * ) data		2733183	2		=			
ANR	2735675	Identifier	request		2733183	0					
ANR	2735676	CastExpression	( dev_param_req_t * ) data		2733183	1					
ANR	2735677	CastTarget	dev_param_req_t *		2733183	0					
ANR	2735678	Identifier	data		2733183	1					
ANR	2735679	ExpressionStatement	"code = gdev_pdf_get_param ( pdev1 , request -> Param , request -> list )"	2644:16:112282:112345	2733183	2	True				
ANR	2735680	AssignmentExpression	"code = gdev_pdf_get_param ( pdev1 , request -> Param , request -> list )"		2733183	0		=			
ANR	2735681	Identifier	code		2733183	0					
ANR	2735682	CallExpression	"gdev_pdf_get_param ( pdev1 , request -> Param , request -> list )"		2733183	1					
ANR	2735683	Callee	gdev_pdf_get_param		2733183	0					
ANR	2735684	Identifier	gdev_pdf_get_param		2733183	0					
ANR	2735685	ArgumentList	pdev1		2733183	1					
ANR	2735686	Argument	pdev1		2733183	0					
ANR	2735687	Identifier	pdev1		2733183	0					
ANR	2735688	Argument	request -> Param		2733183	1					
ANR	2735689	PtrMemberAccess	request -> Param		2733183	0					
ANR	2735690	Identifier	request		2733183	0					
ANR	2735691	Identifier	Param		2733183	1					
ANR	2735692	Argument	request -> list		2733183	2					
ANR	2735693	PtrMemberAccess	request -> list		2733183	0					
ANR	2735694	Identifier	request		2733183	0					
ANR	2735695	Identifier	list		2733183	1					
ANR	2735696	IfStatement	if ( code != gs_error_undefined )		2733183	3					
ANR	2735697	Condition	code != gs_error_undefined	2645:20:112367:112392	2733183	0	True				
ANR	2735698	EqualityExpression	code != gs_error_undefined		2733183	0		!=			
ANR	2735699	Identifier	code		2733183	0					
ANR	2735700	Identifier	gs_error_undefined		2733183	1					
ANR	2735701	ReturnStatement	return code ;	2646:20:112415:112426	2733183	1	True				
ANR	2735702	Identifier	code		2733183	0					
ANR	2735703	ReturnStatement	"return gx_default_dev_spec_op ( pdev1 , dev_spec_op , data , size ) ;"	2650:4:112483:112544	2733183	5	True				
ANR	2735704	CallExpression	"gx_default_dev_spec_op ( pdev1 , dev_spec_op , data , size )"		2733183	0					
ANR	2735705	Callee	gx_default_dev_spec_op		2733183	0					
ANR	2735706	Identifier	gx_default_dev_spec_op		2733183	0					
ANR	2735707	ArgumentList	pdev1		2733183	1					
ANR	2735708	Argument	pdev1		2733183	0					
ANR	2735709	Identifier	pdev1		2733183	0					
ANR	2735710	Argument	dev_spec_op		2733183	1					
ANR	2735711	Identifier	dev_spec_op		2733183	0					
ANR	2735712	Argument	data		2733183	2					
ANR	2735713	Identifier	data		2733183	0					
ANR	2735714	Argument	size		2733183	3					
ANR	2735715	Identifier	size		2733183	0					
ANR	2735716	ReturnType	int		2733183	1					
ANR	2735717	Identifier	gdev_pdf_dev_spec_op		2733183	2					
ANR	2735718	ParameterList	"gx_device * pdev1 , int dev_spec_op , void * data , int size"		2733183	3					
ANR	2735719	Parameter	gx_device * pdev1	2212:21:91295:91310	2733183	0	True				
ANR	2735720	ParameterType	gx_device *		2733183	0					
ANR	2735721	Identifier	pdev1		2733183	1					
ANR	2735722	Parameter	int dev_spec_op	2212:39:91313:91327	2733183	1	True				
ANR	2735723	ParameterType	int		2733183	0					
ANR	2735724	Identifier	dev_spec_op		2733183	1					
ANR	2735725	Parameter	void * data	2212:56:91330:91339	2733183	2	True				
ANR	2735726	ParameterType	void *		2733183	0					
ANR	2735727	Identifier	data		2733183	1					
ANR	2735728	Parameter	int size	2212:68:91342:91349	2733183	3	True				
ANR	2735729	ParameterType	int		2733183	0					
ANR	2735730	Identifier	size		2733183	1					
ANR	2735731	CFGEntryNode	ENTRY		2733183		True				
ANR	2735732	CFGExitNode	EXIT		2733183		True				
ANR	2735733	Symbol	pres		2733183						
ANR	2735734	Symbol	bbox_out . q . y		2733183						
ANR	2735735	Symbol	pdev -> strm		2733183						
ANR	2735736	Symbol	* pgs		2733183						
ANR	2735737	Symbol	pdev -> memory -> non_gc_memory		2733183						
ANR	2735738	Symbol	bbox_out . q . x		2733183						
ANR	2735739	Symbol	ppat		2733183						
ANR	2735740	Symbol	dev_spec_op		2733183						
ANR	2735741	Symbol	cmat . xy		2733183						
ANR	2735742	Symbol	tmplate -> BBox . q		2733183						
ANR	2735743	Symbol	pdf_open_contents		2733183						
ANR	2735744	Symbol	& new_mat		2733183						
ANR	2735745	Symbol	cmat . xx		2733183						
ANR	2735746	Symbol	& bbox_out		2733183						
ANR	2735747	Symbol	tmplate -> BBox		2733183						
ANR	2735748	Symbol	tmplate -> BBox . p		2733183						
ANR	2735749	Symbol	* pdev -> memory		2733183						
ANR	2735750	Symbol	resourcePattern		2733183						
ANR	2735751	Symbol	pdev -> substituted_pattern_drop_page		2733183						
ANR	2735752	Symbol	pdev -> JPEG_PassThrough		2733183						
ANR	2735753	Symbol	arry		2733183						
ANR	2735754	Symbol	gx_default_dev_spec_op		2733183						
ANR	2735755	Symbol	id		2733183						
ANR	2735756	Symbol	ID		2733183						
ANR	2735757	Symbol	gs_bbox_transform		2733183						
ANR	2735758	Symbol	& cmat		2733183						
ANR	2735759	Symbol	pdf_check_soft_mask		2733183						
ANR	2735760	Symbol	pdev -> accumulating_substream_resource		2733183						
ANR	2735761	Symbol	pdf_substitute_pattern		2733183						
ANR	2735762	Symbol	pres -> object		2733183						
ANR	2735763	Symbol	pdf_find_same_resource		2733183						
ANR	2735764	Symbol	& pres		2733183						
ANR	2735765	Symbol	gs_matrix_multiply		2733183						
ANR	2735766	Symbol	param -> pinst		2733183						
ANR	2735767	Symbol	pdev -> state . soft_mask_id		2733183						
ANR	2735768	Symbol	pdev -> HighLevelForm		2733183						
ANR	2735769	Symbol	pdf_put_clip_path		2733183						
ANR	2735770	Symbol	cmat . yx		2733183						
ANR	2735771	Symbol	tmplate -> form_matrix . tx		2733183						
ANR	2735772	Symbol	cos_dict_alloc		2733183						
ANR	2735773	Symbol	cmat . yy		2733183						
ANR	2735774	Symbol	tmplate -> form_matrix . ty		2733183						
ANR	2735775	Symbol	tmplate -> BBox . p . y		2733183						
ANR	2735776	Symbol	tmplate -> form_matrix		2733183						
ANR	2735777	Symbol	tmplate -> BBox . p . x		2733183						
ANR	2735778	Symbol	cmat		2733183						
ANR	2735779	Symbol	size		2733183						
ANR	2735780	Symbol	* request		2733183						
ANR	2735781	Symbol	ppat -> substitute		2733183						
ANR	2735782	Symbol	new_mat		2733183						
ANR	2735783	Symbol	* pres -> object		2733183						
ANR	2735784	Symbol	* * pres		2733183						
ANR	2735785	Symbol	* tmplate		2733183						
ANR	2735786	Symbol	pdf_resource_id		2733183						
ANR	2735787	Symbol	COS_OBJECT		2733183						
ANR	2735788	Symbol	cos_dict_put_c_key_floats		2733183						
ANR	2735789	Symbol	& ignore		2733183						
ANR	2735790	Symbol	tmplate -> form_matrix . yx		2733183						
ANR	2735791	Symbol	PDF_IN_STREAM		2733183						
ANR	2735792	Symbol	tmplate -> form_matrix . yy		2733183						
ANR	2735793	Symbol	pdev -> local_named_objects		2733183						
ANR	2735794	Symbol	pdev -> substituted_pattern_count		2733183						
ANR	2735795	Symbol	pdev -> PatternDepth		2733183						
ANR	2735796	Symbol	pgs		2733183						
ANR	2735797	Symbol	pres1		2733183						
ANR	2735798	Symbol	& tmplate -> form_matrix		2733183						
ANR	2735799	Symbol	cos_dict_put_c_strings		2733183						
ANR	2735800	Symbol	pdev -> CompatibilityLevel		2733183						
ANR	2735801	Symbol	pdf_store_pattern1_params		2733183						
ANR	2735802	Symbol	tmplate -> CTM		2733183						
ANR	2735803	Symbol	tmplate -> FormID		2733183						
ANR	2735804	Symbol	pdf_cancel_resource		2733183						
ANR	2735805	Symbol	i		2733183						
ANR	2735806	Symbol	param -> graphics_state		2733183						
ANR	2735807	Symbol	pdev -> PassThroughWriter		2733183						
ANR	2735808	Symbol	gdev_pdf_get_param		2733183						
ANR	2735809	Symbol	tmplate -> CTM . ty		2733183						
ANR	2735810	Symbol	tmplate -> CTM . tx		2733183						
ANR	2735811	Symbol	pdev -> procsets		2733183						
ANR	2735812	Symbol	force_CTM_change		2733183						
ANR	2735813	Symbol	pdev1		2733183						
ANR	2735814	Symbol	* pdev		2733183						
ANR	2735815	Symbol	pdev -> used_mask		2733183						
ANR	2735816	Symbol	& value		2733183						
ANR	2735817	Symbol	data		2733183						
ANR	2735818	Symbol	cmat . ty		2733183						
ANR	2735819	Symbol	tmplate -> pgs		2733183						
ANR	2735820	Symbol	cmat . tx		2733183						
ANR	2735821	Symbol	gs_error_undefined		2733183						
ANR	2735822	Symbol	pdev -> next_page		2733183						
ANR	2735823	Symbol	tmplate -> pcpath		2733183						
ANR	2735824	Symbol	bbox_out . p . x		2733183						
ANR	2735825	Symbol	pdev		2733183						
ANR	2735826	Symbol	bbox_out . p . y		2733183						
ANR	2735827	Symbol	pdev -> HWResolution		2733183						
ANR	2735828	Symbol	strlen		2733183						
ANR	2735829	Symbol	tmplate		2733183						
ANR	2735830	Symbol	pdev -> memory		2733183						
ANR	2735831	Symbol	& tmplate -> BBox		2733183						
ANR	2735832	Symbol	pdf_find_resource_by_resource_id		2733183						
ANR	2735833	Symbol	pdev -> ForOPDFRead		2733183						
ANR	2735834	Symbol	cos_dict_put_c_key_object		2733183						
ANR	2735835	Symbol	cos_stream_dict		2733183						
ANR	2735836	Symbol	cos_dict_put		2733183						
ANR	2735837	Symbol	NULL		2733183						
ANR	2735838	Symbol	pdev -> PDFFormName		2733183						
ANR	2735839	Symbol	* pdev -> HWResolution		2733183						
ANR	2735840	Symbol	pdf_find_resource_by_gs_id		2733183						
ANR	2735841	Symbol	pdev -> state		2733183						
ANR	2735842	Symbol	pdf_enter_substream		2733183						
ANR	2735843	Symbol	tmplate -> form_matrix . xx		2733183						
ANR	2735844	Symbol	tmplate -> form_matrix . xy		2733183						
ANR	2735845	Symbol	* param		2733183						
ANR	2735846	Symbol	pdev -> width		2733183						
ANR	2735847	Symbol	sputs		2733183						
ANR	2735848	Symbol	bbox_out		2733183						
ANR	2735849	Symbol	pdev -> substream_Resources		2733183						
ANR	2735850	Symbol	check_unsubstituted2		2733183						
ANR	2735851	Symbol	request		2733183						
ANR	2735852	Symbol	& tmplate -> CTM		2733183						
ANR	2735853	Symbol	* ID		2733183						
ANR	2735854	Symbol	code		2733183						
ANR	2735855	Symbol	resourceXObject		2733183						
ANR	2735856	Symbol	* pres		2733183						
ANR	2735857	Symbol	* * pdev		2733183						
ANR	2735858	Symbol	* ppat		2733183						
ANR	2735859	Symbol	request -> list		2733183						
ANR	2735860	Symbol	pcd_Resources		2733183						
ANR	2735861	Symbol	pdev -> height		2733183						
ANR	2735862	Symbol	pdf_exit_substream		2733183						
ANR	2735863	Symbol	param -> pinst_id		2733183						
ANR	2735864	Symbol	check_unsubstituted1		2733183						
ANR	2735865	Symbol	pcd		2733183						
ANR	2735866	Symbol	cos_object_value		2733183						
ANR	2735867	Symbol	request -> Param		2733183						
ANR	2735868	Symbol	pgs -> soft_mask_id		2733183						
ANR	2735869	Symbol	tmplate -> CTM . yy		2733183						
ANR	2735870	Symbol	param		2733183						
ANR	2735871	Symbol	tmplate -> CTM . yx		2733183						
ANR	2735872	Symbol	ignore		2733183						
ANR	2735873	Symbol	floor		2733183						
ANR	2735874	Symbol	value		2733183						
ANR	2735875	Symbol	tmplate -> BBox . q . x		2733183						
ANR	2735876	Symbol	tmplate -> BBox . q . y		2733183						
ANR	2735877	Symbol	bbox_out . p		2733183						
ANR	2735878	Symbol	bbox_out . q		2733183						
ANR	2735879	Symbol	gs_alloc_bytes		2733183						
ANR	2735880	Symbol	pdfwrite_pdf_open_document		2733183						
ANR	2735881	Symbol	false		2733183						
ANR	2735882	Symbol	gs_error_ioerror		2733183						
ANR	2735883	Symbol	pres -> object -> id		2733183						
ANR	2735884	Symbol	pinst		2733183						
ANR	2735885	Symbol	pdf_add_procsets		2733183						
ANR	2735886	Symbol	gs_error_VMerror		2733183						
ANR	2735887	Symbol	* arry		2733183						
ANR	2735888	Symbol	pdev -> params		2733183						
ANR	2735889	Symbol	* i		2733183						
ANR	2735890	Symbol	pdev -> CompressStreams		2733183						
ANR	2735891	Symbol	pdf_add_resource		2733183						
ANR	2735892	Symbol	tmplate -> CTM . xy		2733183						
ANR	2735893	Symbol	tmplate -> CTM . xx		2733183						
ANR	2735894	Symbol	pres -> rid		2733183						
ANR	2735895	Symbol	pdev -> LastFormID		2733183						
ANR	2735896	Symbol	pdev -> params . PassThroughJPEGImages		2733183						
ANR	2735897	Symbol	pres -> where_used		2733183						
