start	end	type	var
5000237	5000238	IS_AST_PARENT	
5000237	5000239	IS_AST_PARENT	
5000240	5000241	IS_AST_PARENT	
5000240	5000242	IS_AST_PARENT	
5000237	5000240	IS_AST_PARENT	
5000236	5000237	IS_AST_PARENT	
5000235	5000236	IS_AST_PARENT	
5000245	5000246	IS_AST_PARENT	
5000244	5000245	IS_AST_PARENT	
5000248	5000249	IS_AST_PARENT	
5000247	5000248	IS_AST_PARENT	
5000250	5000251	IS_AST_PARENT	
5000247	5000250	IS_AST_PARENT	
5000252	5000253	IS_AST_PARENT	
5000247	5000252	IS_AST_PARENT	
5000244	5000247	IS_AST_PARENT	
5000243	5000244	IS_AST_PARENT	
5000235	5000243	IS_AST_PARENT	
5000255	5000256	IS_AST_PARENT	
5000255	5000257	IS_AST_PARENT	
5000255	5000258	IS_AST_PARENT	
5000254	5000255	IS_AST_PARENT	
5000235	5000254	IS_AST_PARENT	
5000260	5000261	IS_AST_PARENT	
5000260	5000262	IS_AST_PARENT	
5000263	5000264	IS_AST_PARENT	
5000267	5000268	IS_AST_PARENT	
5000267	5000269	IS_AST_PARENT	
5000266	5000267	IS_AST_PARENT	
5000265	5000266	IS_AST_PARENT	
5000271	5000272	IS_AST_PARENT	
5000270	5000271	IS_AST_PARENT	
5000273	5000274	IS_AST_PARENT	
5000270	5000273	IS_AST_PARENT	
5000275	5000276	IS_AST_PARENT	
5000270	5000275	IS_AST_PARENT	
5000265	5000270	IS_AST_PARENT	
5000263	5000265	IS_AST_PARENT	
5000260	5000263	IS_AST_PARENT	
5000259	5000260	IS_AST_PARENT	
5000235	5000259	IS_AST_PARENT	
5000278	5000279	IS_AST_PARENT	
5000277	5000278	IS_AST_PARENT	
5000284	5000285	IS_AST_PARENT	
5000284	5000286	IS_AST_PARENT	
5000283	5000284	IS_AST_PARENT	
5000282	5000283	IS_AST_PARENT	
5000289	5000290	IS_AST_PARENT	
5000289	5000291	IS_AST_PARENT	
5000288	5000289	IS_AST_PARENT	
5000287	5000288	IS_AST_PARENT	
5000282	5000287	IS_AST_PARENT	
5000281	5000282	IS_AST_PARENT	
5000280	5000281	IS_AST_PARENT	
5000295	5000296	IS_AST_PARENT	
5000295	5000297	IS_AST_PARENT	
5000294	5000295	IS_AST_PARENT	
5000293	5000294	IS_AST_PARENT	
5000300	5000301	IS_AST_PARENT	
5000300	5000302	IS_AST_PARENT	
5000299	5000300	IS_AST_PARENT	
5000298	5000299	IS_AST_PARENT	
5000293	5000298	IS_AST_PARENT	
5000292	5000293	IS_AST_PARENT	
5000280	5000292	IS_AST_PARENT	
5000306	5000307	IS_AST_PARENT	
5000306	5000308	IS_AST_PARENT	
5000305	5000306	IS_AST_PARENT	
5000304	5000305	IS_AST_PARENT	
5000304	5000309	IS_AST_PARENT	
5000303	5000304	IS_AST_PARENT	
5000280	5000303	IS_AST_PARENT	
5000313	5000314	IS_AST_PARENT	
5000313	5000315	IS_AST_PARENT	
5000312	5000313	IS_AST_PARENT	
5000311	5000312	IS_AST_PARENT	
5000311	5000316	IS_AST_PARENT	
5000310	5000311	IS_AST_PARENT	
5000280	5000310	IS_AST_PARENT	
5000319	5000320	IS_AST_PARENT	
5000319	5000321	IS_AST_PARENT	
5000318	5000319	IS_AST_PARENT	
5000318	5000322	IS_AST_PARENT	
5000317	5000318	IS_AST_PARENT	
5000280	5000317	IS_AST_PARENT	
5000324	5000325	IS_AST_PARENT	
5000324	5000326	IS_AST_PARENT	
5000327	5000328	IS_AST_PARENT	
5000327	5000329	IS_AST_PARENT	
5000324	5000327	IS_AST_PARENT	
5000323	5000324	IS_AST_PARENT	
5000280	5000323	IS_AST_PARENT	
5000335	5000336	IS_AST_PARENT	
5000335	5000337	IS_AST_PARENT	
5000334	5000335	IS_AST_PARENT	
5000333	5000334	IS_AST_PARENT	
5000339	5000340	IS_AST_PARENT	
5000338	5000339	IS_AST_PARENT	
5000341	5000342	IS_AST_PARENT	
5000338	5000341	IS_AST_PARENT	
5000333	5000338	IS_AST_PARENT	
5000332	5000333	IS_AST_PARENT	
5000343	5000344	IS_AST_PARENT	
5000343	5000345	IS_AST_PARENT	
5000332	5000343	IS_AST_PARENT	
5000331	5000332	IS_AST_PARENT	
5000330	5000331	IS_AST_PARENT	
5000348	5000349	IS_AST_PARENT	
5000348	5000350	IS_AST_PARENT	
5000347	5000348	IS_AST_PARENT	
5000346	5000347	IS_AST_PARENT	
5000330	5000346	IS_AST_PARENT	
5000355	5000356	IS_AST_PARENT	
5000354	5000355	IS_AST_PARENT	
5000358	5000359	IS_AST_PARENT	
5000357	5000358	IS_AST_PARENT	
5000360	5000361	IS_AST_PARENT	
5000357	5000360	IS_AST_PARENT	
5000362	5000363	IS_AST_PARENT	
5000357	5000362	IS_AST_PARENT	
5000364	5000365	IS_AST_PARENT	
5000357	5000364	IS_AST_PARENT	
5000366	5000367	IS_AST_PARENT	
5000357	5000366	IS_AST_PARENT	
5000354	5000357	IS_AST_PARENT	
5000353	5000354	IS_AST_PARENT	
5000352	5000353	IS_AST_PARENT	
5000351	5000352	IS_AST_PARENT	
5000330	5000351	IS_AST_PARENT	
5000280	5000330	IS_AST_PARENT	
5000280	5000368	IS_AST_PARENT	
5000369	5000370	IS_AST_PARENT	
5000280	5000369	IS_AST_PARENT	
5000372	5000373	IS_AST_PARENT	
5000372	5000374	IS_AST_PARENT	
5000371	5000372	IS_AST_PARENT	
5000280	5000371	IS_AST_PARENT	
5000277	5000280	IS_AST_PARENT	
5000379	5000380	IS_AST_PARENT	
5000378	5000379	IS_AST_PARENT	
5000382	5000383	IS_AST_PARENT	
5000381	5000382	IS_AST_PARENT	
5000384	5000385	IS_AST_PARENT	
5000381	5000384	IS_AST_PARENT	
5000386	5000387	IS_AST_PARENT	
5000381	5000386	IS_AST_PARENT	
5000393	5000394	IS_AST_PARENT	
5000393	5000395	IS_AST_PARENT	
5000392	5000393	IS_AST_PARENT	
5000391	5000392	IS_AST_PARENT	
5000391	5000396	IS_AST_PARENT	
5000390	5000391	IS_AST_PARENT	
5000389	5000390	IS_AST_PARENT	
5000399	5000400	IS_AST_PARENT	
5000399	5000401	IS_AST_PARENT	
5000398	5000399	IS_AST_PARENT	
5000397	5000398	IS_AST_PARENT	
5000397	5000402	IS_AST_PARENT	
5000389	5000397	IS_AST_PARENT	
5000389	5000403	IS_AST_PARENT	
5000388	5000389	IS_AST_PARENT	
5000381	5000388	IS_AST_PARENT	
5000378	5000381	IS_AST_PARENT	
5000377	5000378	IS_AST_PARENT	
5000376	5000377	IS_AST_PARENT	
5000375	5000376	IS_AST_PARENT	
5000277	5000375	IS_AST_PARENT	
5000235	5000277	IS_AST_PARENT	
5000404	5000405	IS_AST_PARENT	
5000235	5000404	IS_AST_PARENT	
5000234	5000235	IS_AST_PARENT	
5000234	5000406	IS_AST_PARENT	
5000234	5000407	IS_AST_PARENT	
5000409	5000410	IS_AST_PARENT	
5000409	5000411	IS_AST_PARENT	
5000408	5000409	IS_AST_PARENT	
5000412	5000413	IS_AST_PARENT	
5000412	5000414	IS_AST_PARENT	
5000408	5000412	IS_AST_PARENT	
5000415	5000416	IS_AST_PARENT	
5000415	5000417	IS_AST_PARENT	
5000408	5000415	IS_AST_PARENT	
5000418	5000419	IS_AST_PARENT	
5000418	5000420	IS_AST_PARENT	
5000408	5000418	IS_AST_PARENT	
5000421	5000422	IS_AST_PARENT	
5000421	5000423	IS_AST_PARENT	
5000408	5000421	IS_AST_PARENT	
5000234	5000408	IS_AST_PARENT	
5000424	5000409	FLOWS_TO	
5000409	5000412	FLOWS_TO	
5000412	5000415	FLOWS_TO	
5000415	5000418	FLOWS_TO	
5000418	5000421	FLOWS_TO	
5000421	5000236	FLOWS_TO	
5000236	5000243	FLOWS_TO	
5000243	5000254	FLOWS_TO	
5000254	5000259	FLOWS_TO	
5000259	5000278	FLOWS_TO	
5000278	5000281	FLOWS_TO	
5000278	5000377	FLOWS_TO	
5000281	5000292	FLOWS_TO	
5000292	5000303	FLOWS_TO	
5000303	5000310	FLOWS_TO	
5000310	5000317	FLOWS_TO	
5000317	5000323	FLOWS_TO	
5000323	5000331	FLOWS_TO	
5000331	5000347	FLOWS_TO	
5000331	5000353	FLOWS_TO	
5000347	5000368	FLOWS_TO	
5000353	5000368	FLOWS_TO	
5000368	5000369	FLOWS_TO	
5000369	5000371	FLOWS_TO	
5000371	5000404	FLOWS_TO	
5000377	5000404	FLOWS_TO	
5000404	5000425	FLOWS_TO	
5000371	5000426	USE	
5000372	5000426	USE	
5000259	5000427	USE	
5000263	5000427	USE	
5000409	5000428	DEF	
5000243	5000428	USE	
5000252	5000428	USE	
5000353	5000428	USE	
5000362	5000428	USE	
5000377	5000428	USE	
5000386	5000428	USE	
5000418	5000429	DEF	
5000317	5000429	USE	
5000319	5000429	USE	
5000323	5000429	DEF	
5000327	5000429	DEF	
5000323	5000429	USE	
5000327	5000429	USE	
5000331	5000429	USE	
5000343	5000429	USE	
5000236	5000430	DEF	
5000240	5000430	DEF	
5000236	5000430	USE	
5000240	5000430	USE	
5000243	5000431	USE	
5000248	5000431	USE	
5000353	5000431	USE	
5000358	5000431	USE	
5000377	5000431	USE	
5000382	5000431	USE	
5000259	5000432	USE	
5000271	5000432	USE	
5000317	5000433	DEF	
5000318	5000433	DEF	
5000331	5000433	USE	
5000323	5000434	DEF	
5000324	5000434	DEF	
5000331	5000434	USE	
5000339	5000434	USE	
5000331	5000435	USE	
5000331	5000436	USE	
5000259	5000437	DEF	
5000260	5000437	DEF	
5000263	5000437	DEF	
5000278	5000437	USE	
5000281	5000437	USE	
5000284	5000437	USE	
5000292	5000437	USE	
5000295	5000437	USE	
5000303	5000437	USE	
5000306	5000437	USE	
5000310	5000437	USE	
5000313	5000437	USE	
5000331	5000437	USE	
5000335	5000437	USE	
5000371	5000437	DEF	
5000372	5000437	DEF	
5000415	5000438	DEF	
5000292	5000438	USE	
5000299	5000438	USE	
5000353	5000438	USE	
5000366	5000438	USE	
5000236	5000439	DEF	
5000237	5000439	DEF	
5000347	5000439	DEF	
5000348	5000439	DEF	
5000404	5000439	USE	
5000347	5000440	USE	
5000348	5000440	USE	
5000259	5000441	USE	
5000273	5000441	USE	
5000377	5000442	USE	
5000390	5000442	USE	
5000388	5000442	USE	
5000254	5000443	DEF	
5000255	5000443	DEF	
5000259	5000443	USE	
5000263	5000443	USE	
5000267	5000443	USE	
5000377	5000443	USE	
5000399	5000443	USE	
5000390	5000443	USE	
5000388	5000443	USE	
5000393	5000443	USE	
5000412	5000444	DEF	
5000281	5000444	USE	
5000288	5000444	USE	
5000353	5000444	USE	
5000364	5000444	USE	
5000421	5000445	DEF	
5000331	5000445	USE	
5000341	5000445	USE	
5000409	5000243	REACHES	credd_host
5000418	5000317	REACHES	pw
5000418	5000323	REACHES	pw
5000323	5000331	REACHES	pw
5000409	5000353	REACHES	credd_host
5000409	5000377	REACHES	credd_host
5000317	5000425	REACHES	* pw
5000323	5000331	REACHES	my_buffer
5000317	5000331	REACHES	* pw
5000259	5000278	REACHES	credd_sock
5000259	5000281	REACHES	credd_sock
5000259	5000292	REACHES	credd_sock
5000259	5000303	REACHES	credd_sock
5000259	5000310	REACHES	credd_sock
5000259	5000331	REACHES	credd_sock
5000415	5000292	REACHES	domain
5000415	5000353	REACHES	domain
5000236	5000404	REACHES	got_password
5000347	5000404	REACHES	got_password
5000254	5000259	REACHES	credd
5000254	5000377	REACHES	credd
5000412	5000281	REACHES	username
5000421	5000331	REACHES	cb
5000412	5000353	REACHES	username
5000424	5000409	CONTROLS	
5000424	5000412	CONTROLS	
5000424	5000415	CONTROLS	
5000424	5000418	CONTROLS	
5000424	5000421	CONTROLS	
5000424	5000236	CONTROLS	
5000424	5000243	CONTROLS	
5000424	5000254	CONTROLS	
5000424	5000259	CONTROLS	
5000424	5000278	CONTROLS	
5000424	5000404	CONTROLS	
5000278	5000281	CONTROLS	
5000278	5000292	CONTROLS	
5000278	5000303	CONTROLS	
5000278	5000310	CONTROLS	
5000278	5000317	CONTROLS	
5000278	5000323	CONTROLS	
5000278	5000331	CONTROLS	
5000278	5000368	CONTROLS	
5000278	5000369	CONTROLS	
5000278	5000371	CONTROLS	
5000278	5000377	CONTROLS	
5000331	5000347	CONTROLS	
5000331	5000353	CONTROLS	
5000409	5000412	DOM	
5000368	5000369	DOM	
5000278	5000377	DOM	
5000243	5000254	DOM	
5000317	5000323	DOM	
5000421	5000236	DOM	
5000281	5000292	DOM	
5000424	5000424	DOM	
5000331	5000368	DOM	
5000369	5000371	DOM	
5000412	5000415	DOM	
5000278	5000281	DOM	
5000259	5000278	DOM	
5000310	5000317	DOM	
5000331	5000353	DOM	
5000424	5000409	DOM	
5000254	5000259	DOM	
5000236	5000243	DOM	
5000404	5000425	DOM	
5000418	5000421	DOM	
5000303	5000310	DOM	
5000415	5000418	DOM	
5000292	5000303	DOM	
5000278	5000404	DOM	
5000323	5000331	DOM	
5000331	5000347	DOM	
5000371	5000369	POST_DOM	
5000415	5000412	POST_DOM	
5000404	5000377	POST_DOM	
5000331	5000323	POST_DOM	
5000259	5000254	POST_DOM	
5000243	5000236	POST_DOM	
5000303	5000292	POST_DOM	
5000369	5000368	POST_DOM	
5000409	5000424	POST_DOM	
5000404	5000371	POST_DOM	
5000418	5000415	POST_DOM	
5000292	5000281	POST_DOM	
5000404	5000278	POST_DOM	
5000323	5000317	POST_DOM	
5000368	5000353	POST_DOM	
5000412	5000409	POST_DOM	
5000278	5000259	POST_DOM	
5000254	5000243	POST_DOM	
5000425	5000425	POST_DOM	
5000236	5000421	POST_DOM	
5000317	5000310	POST_DOM	
5000421	5000418	POST_DOM	
5000310	5000303	POST_DOM	
5000425	5000404	POST_DOM	
5000368	5000331	POST_DOM	
5000368	5000347	POST_DOM	
5000233	5000234	IS_FUNCTION_OF_AST	
5000233	5000424	IS_FUNCTION_OF_CFG	
5000232	5000233	IS_FILE_OF	
5000450	5000451	IS_AST_PARENT	
5000450	5000452	IS_AST_PARENT	
5000453	5000454	IS_AST_PARENT	
5000453	5000455	IS_AST_PARENT	
5000450	5000453	IS_AST_PARENT	
5000449	5000450	IS_AST_PARENT	
5000448	5000449	IS_AST_PARENT	
5000457	5000458	IS_AST_PARENT	
5000457	5000459	IS_AST_PARENT	
5000456	5000457	IS_AST_PARENT	
5000448	5000456	IS_AST_PARENT	
5000463	5000464	IS_AST_PARENT	
5000463	5000465	IS_AST_PARENT	
5000462	5000463	IS_AST_PARENT	
5000461	5000462	IS_AST_PARENT	
5000467	5000468	IS_AST_PARENT	
5000466	5000467	IS_AST_PARENT	
5000469	5000470	IS_AST_PARENT	
5000466	5000469	IS_AST_PARENT	
5000471	5000472	IS_AST_PARENT	
5000466	5000471	IS_AST_PARENT	
5000461	5000466	IS_AST_PARENT	
5000460	5000461	IS_AST_PARENT	
5000448	5000460	IS_AST_PARENT	
5000477	5000478	IS_AST_PARENT	
5000476	5000477	IS_AST_PARENT	
5000483	5000484	IS_AST_PARENT	
5000483	5000485	IS_AST_PARENT	
5000482	5000483	IS_AST_PARENT	
5000481	5000482	IS_AST_PARENT	
5000481	5000486	IS_AST_PARENT	
5000480	5000481	IS_AST_PARENT	
5000479	5000480	IS_AST_PARENT	
5000487	5000488	IS_AST_PARENT	
5000479	5000487	IS_AST_PARENT	
5000476	5000479	IS_AST_PARENT	
5000475	5000476	IS_AST_PARENT	
5000475	5000489	IS_AST_PARENT	
5000474	5000475	IS_AST_PARENT	
5000473	5000474	IS_AST_PARENT	
5000490	5000491	IS_AST_PARENT	
5000490	5000492	IS_AST_PARENT	
5000490	5000493	IS_AST_PARENT	
5000490	5000494	IS_AST_PARENT	
5000490	5000495	IS_AST_PARENT	
5000490	5000496	IS_AST_PARENT	
5000490	5000497	IS_AST_PARENT	
5000490	5000498	IS_AST_PARENT	
5000490	5000499	IS_AST_PARENT	
5000490	5000500	IS_AST_PARENT	
5000490	5000501	IS_AST_PARENT	
5000490	5000502	IS_AST_PARENT	
5000490	5000503	IS_AST_PARENT	
5000490	5000504	IS_AST_PARENT	
5000506	5000507	IS_AST_PARENT	
5000506	5000508	IS_AST_PARENT	
5000505	5000506	IS_AST_PARENT	
5000490	5000505	IS_AST_PARENT	
5000473	5000490	IS_AST_PARENT	
5000510	5000511	IS_AST_PARENT	
5000510	5000512	IS_AST_PARENT	
5000510	5000513	IS_AST_PARENT	
5000510	5000514	IS_AST_PARENT	
5000510	5000515	IS_AST_PARENT	
5000510	5000516	IS_AST_PARENT	
5000510	5000517	IS_AST_PARENT	
5000510	5000518	IS_AST_PARENT	
5000510	5000519	IS_AST_PARENT	
5000510	5000520	IS_AST_PARENT	
5000510	5000521	IS_AST_PARENT	
5000510	5000522	IS_AST_PARENT	
5000510	5000523	IS_AST_PARENT	
5000510	5000524	IS_AST_PARENT	
5000509	5000510	IS_AST_PARENT	
5000473	5000509	IS_AST_PARENT	
5000448	5000473	IS_AST_PARENT	
5000525	5000526	IS_AST_PARENT	
5000448	5000525	IS_AST_PARENT	
5000447	5000448	IS_AST_PARENT	
5000447	5000527	IS_AST_PARENT	
5000447	5000528	IS_AST_PARENT	
5000530	5000531	IS_AST_PARENT	
5000530	5000532	IS_AST_PARENT	
5000529	5000530	IS_AST_PARENT	
5000533	5000534	IS_AST_PARENT	
5000533	5000535	IS_AST_PARENT	
5000529	5000533	IS_AST_PARENT	
5000536	5000537	IS_AST_PARENT	
5000536	5000538	IS_AST_PARENT	
5000529	5000536	IS_AST_PARENT	
5000447	5000529	IS_AST_PARENT	
5000539	5000530	FLOWS_TO	
5000530	5000533	FLOWS_TO	
5000533	5000536	FLOWS_TO	
5000536	5000449	FLOWS_TO	
5000449	5000456	FLOWS_TO	
5000456	5000460	FLOWS_TO	
5000460	5000474	FLOWS_TO	
5000474	5000491	FLOWS_TO	
5000474	5000511	FLOWS_TO	
5000491	5000492	FLOWS_TO	
5000492	5000493	FLOWS_TO	
5000493	5000494	FLOWS_TO	
5000494	5000495	FLOWS_TO	
5000495	5000496	FLOWS_TO	
5000496	5000497	FLOWS_TO	
5000497	5000498	FLOWS_TO	
5000498	5000499	FLOWS_TO	
5000499	5000500	FLOWS_TO	
5000500	5000501	FLOWS_TO	
5000501	5000502	FLOWS_TO	
5000502	5000503	FLOWS_TO	
5000503	5000504	FLOWS_TO	
5000504	5000505	FLOWS_TO	
5000505	5000525	FLOWS_TO	
5000511	5000512	FLOWS_TO	
5000512	5000513	FLOWS_TO	
5000513	5000514	FLOWS_TO	
5000514	5000515	FLOWS_TO	
5000515	5000516	FLOWS_TO	
5000516	5000517	FLOWS_TO	
5000517	5000518	FLOWS_TO	
5000518	5000519	FLOWS_TO	
5000519	5000520	FLOWS_TO	
5000520	5000521	FLOWS_TO	
5000521	5000522	FLOWS_TO	
5000522	5000523	FLOWS_TO	
5000523	5000524	FLOWS_TO	
5000524	5000525	FLOWS_TO	
5000525	5000540	FLOWS_TO	
5000474	5000541	USE	
5000533	5000542	DEF	
5000460	5000542	USE	
5000471	5000542	USE	
5000536	5000543	DEF	
5000474	5000543	USE	
5000487	5000543	USE	
5000449	5000544	USE	
5000453	5000544	USE	
5000449	5000544	DEF	
5000453	5000544	DEF	
5000505	5000545	USE	
5000506	5000545	USE	
5000449	5000546	DEF	
5000450	5000546	DEF	
5000505	5000546	DEF	
5000506	5000546	DEF	
5000525	5000546	USE	
5000456	5000547	DEF	
5000457	5000547	DEF	
5000460	5000547	USE	
5000463	5000547	USE	
5000474	5000547	USE	
5000480	5000547	USE	
5000483	5000547	USE	
5000474	5000548	USE	
5000530	5000549	DEF	
5000460	5000549	USE	
5000469	5000549	USE	
5000474	5000550	USE	
5000480	5000550	USE	
5000533	5000460	REACHES	domain
5000536	5000474	REACHES	pw
5000449	5000525	REACHES	fAdded
5000505	5000525	REACHES	fAdded
5000456	5000460	REACHES	my_full_name
5000456	5000474	REACHES	my_full_name
5000530	5000460	REACHES	username
5000539	5000530	CONTROLS	
5000539	5000533	CONTROLS	
5000539	5000536	CONTROLS	
5000539	5000449	CONTROLS	
5000539	5000456	CONTROLS	
5000539	5000460	CONTROLS	
5000539	5000474	CONTROLS	
5000539	5000525	CONTROLS	
5000474	5000491	CONTROLS	
5000474	5000492	CONTROLS	
5000474	5000493	CONTROLS	
5000474	5000494	CONTROLS	
5000474	5000495	CONTROLS	
5000474	5000496	CONTROLS	
5000474	5000497	CONTROLS	
5000474	5000498	CONTROLS	
5000474	5000499	CONTROLS	
5000474	5000500	CONTROLS	
5000474	5000501	CONTROLS	
5000474	5000502	CONTROLS	
5000474	5000503	CONTROLS	
5000474	5000504	CONTROLS	
5000474	5000505	CONTROLS	
5000474	5000511	CONTROLS	
5000474	5000512	CONTROLS	
5000474	5000513	CONTROLS	
5000474	5000514	CONTROLS	
5000474	5000515	CONTROLS	
5000474	5000516	CONTROLS	
5000474	5000517	CONTROLS	
5000474	5000518	CONTROLS	
5000474	5000519	CONTROLS	
5000474	5000520	CONTROLS	
5000474	5000521	CONTROLS	
5000474	5000522	CONTROLS	
5000474	5000523	CONTROLS	
5000474	5000524	CONTROLS	
5000515	5000516	DOM	
5000519	5000520	DOM	
5000495	5000496	DOM	
5000498	5000499	DOM	
5000474	5000525	DOM	
5000496	5000497	DOM	
5000503	5000504	DOM	
5000517	5000518	DOM	
5000521	5000522	DOM	
5000474	5000491	DOM	
5000514	5000515	DOM	
5000494	5000495	DOM	
5000499	5000500	DOM	
5000513	5000514	DOM	
5000520	5000521	DOM	
5000492	5000493	DOM	
5000518	5000519	DOM	
5000539	5000539	DOM	
5000536	5000449	DOM	
5000539	5000530	DOM	
5000474	5000511	DOM	
5000533	5000536	DOM	
5000530	5000533	DOM	
5000460	5000474	DOM	
5000523	5000524	DOM	
5000502	5000503	DOM	
5000525	5000540	DOM	
5000456	5000460	DOM	
5000449	5000456	DOM	
5000516	5000517	DOM	
5000511	5000512	DOM	
5000497	5000498	DOM	
5000512	5000513	DOM	
5000493	5000494	DOM	
5000501	5000502	DOM	
5000504	5000505	DOM	
5000522	5000523	DOM	
5000491	5000492	DOM	
5000500	5000501	DOM	
5000521	5000520	POST_DOM	
5000517	5000516	POST_DOM	
5000497	5000496	POST_DOM	
5000540	5000525	POST_DOM	
5000500	5000499	POST_DOM	
5000498	5000497	POST_DOM	
5000505	5000504	POST_DOM	
5000523	5000522	POST_DOM	
5000519	5000518	POST_DOM	
5000492	5000491	POST_DOM	
5000516	5000515	POST_DOM	
5000496	5000495	POST_DOM	
5000501	5000500	POST_DOM	
5000515	5000514	POST_DOM	
5000522	5000521	POST_DOM	
5000494	5000493	POST_DOM	
5000520	5000519	POST_DOM	
5000530	5000539	POST_DOM	
5000456	5000449	POST_DOM	
5000533	5000530	POST_DOM	
5000512	5000511	POST_DOM	
5000449	5000536	POST_DOM	
5000525	5000474	POST_DOM	
5000536	5000533	POST_DOM	
5000525	5000524	POST_DOM	
5000504	5000503	POST_DOM	
5000540	5000540	POST_DOM	
5000474	5000460	POST_DOM	
5000460	5000456	POST_DOM	
5000518	5000517	POST_DOM	
5000513	5000512	POST_DOM	
5000499	5000498	POST_DOM	
5000514	5000513	POST_DOM	
5000503	5000502	POST_DOM	
5000495	5000494	POST_DOM	
5000525	5000505	POST_DOM	
5000524	5000523	POST_DOM	
5000502	5000501	POST_DOM	
5000493	5000492	POST_DOM	
5000446	5000447	IS_FUNCTION_OF_AST	
5000446	5000539	IS_FUNCTION_OF_CFG	
5000232	5000446	IS_FILE_OF	
