start	end	type	var
5159908	5159909	DECLARES	
5159915	5159916	IS_AST_PARENT	
5159914	5159915	IS_AST_PARENT	
5159918	5159919	IS_AST_PARENT	
5159917	5159918	IS_AST_PARENT	
5159920	5159921	IS_AST_PARENT	
5159917	5159920	IS_AST_PARENT	
5159914	5159917	IS_AST_PARENT	
5159913	5159914	IS_AST_PARENT	
5159912	5159913	IS_AST_PARENT	
5159911	5159912	IS_AST_PARENT	
5159911	5159922	IS_AST_PARENT	
5159911	5159923	IS_AST_PARENT	
5159925	5159926	IS_AST_PARENT	
5159925	5159927	IS_AST_PARENT	
5159924	5159925	IS_AST_PARENT	
5159928	5159929	IS_AST_PARENT	
5159928	5159930	IS_AST_PARENT	
5159924	5159928	IS_AST_PARENT	
5159931	5159932	IS_AST_PARENT	
5159931	5159933	IS_AST_PARENT	
5159924	5159931	IS_AST_PARENT	
5159911	5159924	IS_AST_PARENT	
5159934	5159925	FLOWS_TO	
5159925	5159928	FLOWS_TO	
5159928	5159931	FLOWS_TO	
5159931	5159913	FLOWS_TO	
5159913	5159935	FLOWS_TO	
5159931	5159936	DEF	
5159913	5159936	USE	
5159920	5159936	USE	
5159925	5159937	DEF	
5159928	5159938	DEF	
5159931	5159913	REACHES	error_text
5159934	5159925	CONTROLS	
5159934	5159928	CONTROLS	
5159934	5159931	CONTROLS	
5159934	5159913	CONTROLS	
5159931	5159913	DOM	
5159913	5159935	DOM	
5159925	5159928	DOM	
5159928	5159931	DOM	
5159934	5159934	DOM	
5159934	5159925	DOM	
5159935	5159913	POST_DOM	
5159935	5159935	POST_DOM	
5159931	5159928	POST_DOM	
5159913	5159931	POST_DOM	
5159925	5159934	POST_DOM	
5159928	5159925	POST_DOM	
5159910	5159911	IS_FUNCTION_OF_AST	
5159910	5159934	IS_FUNCTION_OF_CFG	
5159907	5159910	IS_FILE_OF	
5159943	5159944	IS_AST_PARENT	
5159943	5159945	IS_AST_PARENT	
5159942	5159943	IS_AST_PARENT	
5159941	5159942	IS_AST_PARENT	
5159947	5159948	IS_AST_PARENT	
5159947	5159949	IS_AST_PARENT	
5159950	5159951	IS_AST_PARENT	
5159952	5159953	IS_AST_PARENT	
5159955	5159956	IS_AST_PARENT	
5159954	5159955	IS_AST_PARENT	
5159958	5159959	IS_AST_PARENT	
5159957	5159958	IS_AST_PARENT	
5159954	5159957	IS_AST_PARENT	
5159952	5159954	IS_AST_PARENT	
5159950	5159952	IS_AST_PARENT	
5159947	5159950	IS_AST_PARENT	
5159946	5159947	IS_AST_PARENT	
5159941	5159946	IS_AST_PARENT	
5159961	5159962	IS_AST_PARENT	
5159964	5159965	IS_AST_PARENT	
5159963	5159964	IS_AST_PARENT	
5159967	5159968	IS_AST_PARENT	
5159966	5159967	IS_AST_PARENT	
5159963	5159966	IS_AST_PARENT	
5159961	5159963	IS_AST_PARENT	
5159960	5159961	IS_AST_PARENT	
5159941	5159960	IS_AST_PARENT	
5159971	5159972	IS_AST_PARENT	
5159970	5159971	IS_AST_PARENT	
5159974	5159975	IS_AST_PARENT	
5159973	5159974	IS_AST_PARENT	
5159976	5159977	IS_AST_PARENT	
5159973	5159976	IS_AST_PARENT	
5159978	5159979	IS_AST_PARENT	
5159973	5159978	IS_AST_PARENT	
5159970	5159973	IS_AST_PARENT	
5159969	5159970	IS_AST_PARENT	
5159941	5159969	IS_AST_PARENT	
5159980	5159981	IS_AST_PARENT	
5159941	5159980	IS_AST_PARENT	
5159940	5159941	IS_AST_PARENT	
5159940	5159982	IS_AST_PARENT	
5159940	5159983	IS_AST_PARENT	
5159985	5159986	IS_AST_PARENT	
5159985	5159987	IS_AST_PARENT	
5159984	5159985	IS_AST_PARENT	
5159988	5159989	IS_AST_PARENT	
5159988	5159990	IS_AST_PARENT	
5159984	5159988	IS_AST_PARENT	
5159940	5159984	IS_AST_PARENT	
5159991	5159985	FLOWS_TO	
5159985	5159988	FLOWS_TO	
5159988	5159942	FLOWS_TO	
5159942	5159946	FLOWS_TO	
5159946	5159960	FLOWS_TO	
5159960	5159969	FLOWS_TO	
5159969	5159980	FLOWS_TO	
5159980	5159992	FLOWS_TO	
5159960	5159993	USE	
5159961	5159993	USE	
5159988	5159994	DEF	
5159960	5159994	USE	
5159967	5159994	USE	
5159969	5159994	USE	
5159976	5159994	USE	
5159946	5159995	DEF	
5159950	5159995	DEF	
5159947	5159995	DEF	
5159985	5159996	DEF	
5159946	5159996	USE	
5159958	5159996	USE	
5159946	5159997	USE	
5159950	5159997	USE	
5159942	5159998	DEF	
5159943	5159998	DEF	
5159960	5159998	DEF	
5159961	5159998	DEF	
5159969	5159998	USE	
5159978	5159998	USE	
5159980	5159998	USE	
5159988	5159960	REACHES	size
5159988	5159969	REACHES	size
5159985	5159946	REACHES	id
5159960	5159969	REACHES	ptr
5159960	5159980	REACHES	ptr
5159991	5159985	CONTROLS	
5159991	5159988	CONTROLS	
5159991	5159942	CONTROLS	
5159991	5159946	CONTROLS	
5159991	5159960	CONTROLS	
5159991	5159969	CONTROLS	
5159991	5159980	CONTROLS	
5159942	5159946	DOM	
5159985	5159988	DOM	
5159980	5159992	DOM	
5159988	5159942	DOM	
5159969	5159980	DOM	
5159991	5159985	DOM	
5159991	5159991	DOM	
5159960	5159969	DOM	
5159946	5159960	DOM	
5159960	5159946	POST_DOM	
5159992	5159992	POST_DOM	
5159942	5159988	POST_DOM	
5159992	5159980	POST_DOM	
5159946	5159942	POST_DOM	
5159988	5159985	POST_DOM	
5159980	5159969	POST_DOM	
5159985	5159991	POST_DOM	
5159969	5159960	POST_DOM	
5159939	5159940	IS_FUNCTION_OF_AST	
5159939	5159991	IS_FUNCTION_OF_CFG	
5159907	5159939	IS_FILE_OF	
5160003	5160004	IS_AST_PARENT	
5160003	5160005	IS_AST_PARENT	
5160006	5160007	IS_AST_PARENT	
5160008	5160009	IS_AST_PARENT	
5160011	5160012	IS_AST_PARENT	
5160010	5160011	IS_AST_PARENT	
5160014	5160015	IS_AST_PARENT	
5160013	5160014	IS_AST_PARENT	
5160010	5160013	IS_AST_PARENT	
5160008	5160010	IS_AST_PARENT	
5160006	5160008	IS_AST_PARENT	
5160003	5160006	IS_AST_PARENT	
5160002	5160003	IS_AST_PARENT	
5160001	5160002	IS_AST_PARENT	
5160018	5160019	IS_AST_PARENT	
5160018	5160020	IS_AST_PARENT	
5160017	5160018	IS_AST_PARENT	
5160016	5160017	IS_AST_PARENT	
5160024	5160025	IS_AST_PARENT	
5160023	5160024	IS_AST_PARENT	
5160027	5160028	IS_AST_PARENT	
5160026	5160027	IS_AST_PARENT	
5160029	5160030	IS_AST_PARENT	
5160026	5160029	IS_AST_PARENT	
5160023	5160026	IS_AST_PARENT	
5160022	5160023	IS_AST_PARENT	
5160021	5160022	IS_AST_PARENT	
5160033	5160034	IS_AST_PARENT	
5160032	5160033	IS_AST_PARENT	
5160036	5160037	IS_AST_PARENT	
5160035	5160036	IS_AST_PARENT	
5160032	5160035	IS_AST_PARENT	
5160031	5160032	IS_AST_PARENT	
5160021	5160031	IS_AST_PARENT	
5160016	5160021	IS_AST_PARENT	
5160001	5160016	IS_AST_PARENT	
5160000	5160001	IS_AST_PARENT	
5160000	5160038	IS_AST_PARENT	
5160000	5160039	IS_AST_PARENT	
5160041	5160042	IS_AST_PARENT	
5160041	5160043	IS_AST_PARENT	
5160040	5160041	IS_AST_PARENT	
5160044	5160045	IS_AST_PARENT	
5160044	5160046	IS_AST_PARENT	
5160040	5160044	IS_AST_PARENT	
5160000	5160040	IS_AST_PARENT	
5160047	5160041	FLOWS_TO	
5160041	5160044	FLOWS_TO	
5160044	5160002	FLOWS_TO	
5160002	5160017	FLOWS_TO	
5160017	5160022	FLOWS_TO	
5160017	5160048	FLOWS_TO	
5160022	5160031	FLOWS_TO	
5160031	5160048	FLOWS_TO	
5160017	5160049	USE	
5160002	5160050	DEF	
5160006	5160050	DEF	
5160003	5160050	DEF	
5160041	5160051	DEF	
5160002	5160051	USE	
5160014	5160051	USE	
5160002	5160052	USE	
5160006	5160052	USE	
5160044	5160053	DEF	
5160017	5160053	USE	
5160022	5160053	USE	
5160029	5160053	USE	
5160031	5160053	USE	
5160036	5160053	USE	
5160041	5160002	REACHES	id
5160044	5160017	REACHES	ptr
5160044	5160022	REACHES	ptr
5160044	5160031	REACHES	ptr
5160047	5160041	CONTROLS	
5160047	5160044	CONTROLS	
5160047	5160002	CONTROLS	
5160047	5160017	CONTROLS	
5160017	5160022	CONTROLS	
5160017	5160031	CONTROLS	
5160047	5160041	DOM	
5160041	5160044	DOM	
5160044	5160002	DOM	
5160047	5160047	DOM	
5160002	5160017	DOM	
5160022	5160031	DOM	
5160017	5160022	DOM	
5160017	5160048	DOM	
5160044	5160041	POST_DOM	
5160002	5160044	POST_DOM	
5160017	5160002	POST_DOM	
5160041	5160047	POST_DOM	
5160048	5160017	POST_DOM	
5160048	5160031	POST_DOM	
5160048	5160048	POST_DOM	
5160031	5160022	POST_DOM	
5159999	5160000	IS_FUNCTION_OF_AST	
5159999	5160047	IS_FUNCTION_OF_CFG	
5159907	5159999	IS_FILE_OF	
5160058	5160059	IS_AST_PARENT	
5160058	5160060	IS_AST_PARENT	
5160061	5160062	IS_AST_PARENT	
5160063	5160064	IS_AST_PARENT	
5160066	5160067	IS_AST_PARENT	
5160065	5160066	IS_AST_PARENT	
5160069	5160070	IS_AST_PARENT	
5160068	5160069	IS_AST_PARENT	
5160065	5160068	IS_AST_PARENT	
5160063	5160065	IS_AST_PARENT	
5160061	5160063	IS_AST_PARENT	
5160058	5160061	IS_AST_PARENT	
5160057	5160058	IS_AST_PARENT	
5160056	5160057	IS_AST_PARENT	
5160072	5160073	IS_AST_PARENT	
5160072	5160074	IS_AST_PARENT	
5160071	5160072	IS_AST_PARENT	
5160056	5160071	IS_AST_PARENT	
5160077	5160078	IS_AST_PARENT	
5160077	5160079	IS_AST_PARENT	
5160076	5160077	IS_AST_PARENT	
5160075	5160076	IS_AST_PARENT	
5160082	5160083	IS_AST_PARENT	
5160081	5160082	IS_AST_PARENT	
5160085	5160086	IS_AST_PARENT	
5160084	5160085	IS_AST_PARENT	
5160087	5160088	IS_AST_PARENT	
5160084	5160087	IS_AST_PARENT	
5160081	5160084	IS_AST_PARENT	
5160080	5160081	IS_AST_PARENT	
5160075	5160080	IS_AST_PARENT	
5160056	5160075	IS_AST_PARENT	
5160091	5160092	IS_AST_PARENT	
5160091	5160093	IS_AST_PARENT	
5160090	5160091	IS_AST_PARENT	
5160089	5160090	IS_AST_PARENT	
5160097	5160098	IS_AST_PARENT	
5160096	5160097	IS_AST_PARENT	
5160100	5160101	IS_AST_PARENT	
5160099	5160100	IS_AST_PARENT	
5160102	5160103	IS_AST_PARENT	
5160099	5160102	IS_AST_PARENT	
5160096	5160099	IS_AST_PARENT	
5160095	5160096	IS_AST_PARENT	
5160094	5160095	IS_AST_PARENT	
5160104	5160105	IS_AST_PARENT	
5160094	5160104	IS_AST_PARENT	
5160089	5160094	IS_AST_PARENT	
5160056	5160089	IS_AST_PARENT	
5160107	5160108	IS_AST_PARENT	
5160110	5160111	IS_AST_PARENT	
5160109	5160110	IS_AST_PARENT	
5160113	5160114	IS_AST_PARENT	
5160112	5160113	IS_AST_PARENT	
5160115	5160116	IS_AST_PARENT	
5160112	5160115	IS_AST_PARENT	
5160109	5160112	IS_AST_PARENT	
5160107	5160109	IS_AST_PARENT	
5160106	5160107	IS_AST_PARENT	
5160056	5160106	IS_AST_PARENT	
5160119	5160120	IS_AST_PARENT	
5160118	5160119	IS_AST_PARENT	
5160122	5160123	IS_AST_PARENT	
5160121	5160122	IS_AST_PARENT	
5160124	5160125	IS_AST_PARENT	
5160121	5160124	IS_AST_PARENT	
5160126	5160127	IS_AST_PARENT	
5160121	5160126	IS_AST_PARENT	
5160128	5160129	IS_AST_PARENT	
5160121	5160128	IS_AST_PARENT	
5160118	5160121	IS_AST_PARENT	
5160117	5160118	IS_AST_PARENT	
5160056	5160117	IS_AST_PARENT	
5160130	5160131	IS_AST_PARENT	
5160056	5160130	IS_AST_PARENT	
5160055	5160056	IS_AST_PARENT	
5160055	5160132	IS_AST_PARENT	
5160055	5160133	IS_AST_PARENT	
5160135	5160136	IS_AST_PARENT	
5160135	5160137	IS_AST_PARENT	
5160134	5160135	IS_AST_PARENT	
5160138	5160139	IS_AST_PARENT	
5160138	5160140	IS_AST_PARENT	
5160134	5160138	IS_AST_PARENT	
5160141	5160142	IS_AST_PARENT	
5160141	5160143	IS_AST_PARENT	
5160134	5160141	IS_AST_PARENT	
5160055	5160134	IS_AST_PARENT	
5160144	5160135	FLOWS_TO	
5160135	5160138	FLOWS_TO	
5160138	5160141	FLOWS_TO	
5160141	5160057	FLOWS_TO	
5160057	5160071	FLOWS_TO	
5160071	5160076	FLOWS_TO	
5160076	5160080	FLOWS_TO	
5160076	5160090	FLOWS_TO	
5160080	5160145	FLOWS_TO	
5160090	5160095	FLOWS_TO	
5160090	5160106	FLOWS_TO	
5160095	5160104	FLOWS_TO	
5160104	5160145	FLOWS_TO	
5160106	5160117	FLOWS_TO	
5160117	5160130	FLOWS_TO	
5160130	5160145	FLOWS_TO	
5160071	5160146	DEF	
5160072	5160146	DEF	
5160106	5160146	DEF	
5160107	5160146	DEF	
5160117	5160146	USE	
5160128	5160146	USE	
5160130	5160146	USE	
5160104	5160147	USE	
5160141	5160148	DEF	
5160080	5160148	USE	
5160087	5160148	USE	
5160090	5160148	USE	
5160106	5160148	USE	
5160115	5160148	USE	
5160117	5160148	USE	
5160126	5160148	USE	
5160057	5160149	DEF	
5160061	5160149	DEF	
5160058	5160149	DEF	
5160080	5160150	USE	
5160135	5160151	DEF	
5160057	5160151	USE	
5160069	5160151	USE	
5160080	5160151	USE	
5160085	5160151	USE	
5160095	5160151	USE	
5160100	5160151	USE	
5160106	5160152	USE	
5160107	5160152	USE	
5160057	5160153	USE	
5160061	5160153	USE	
5160138	5160154	DEF	
5160076	5160154	USE	
5160095	5160154	USE	
5160102	5160154	USE	
5160106	5160154	USE	
5160113	5160154	USE	
5160117	5160154	USE	
5160124	5160154	USE	
5160138	5160076	REACHES	ptr
5160138	5160095	REACHES	ptr
5160138	5160106	REACHES	ptr
5160138	5160117	REACHES	ptr
5160106	5160117	REACHES	ptr2
5160106	5160130	REACHES	ptr2
5160141	5160080	REACHES	size
5160141	5160090	REACHES	size
5160141	5160106	REACHES	size
5160141	5160117	REACHES	size
5160135	5160057	REACHES	id
5160135	5160080	REACHES	id
5160135	5160095	REACHES	id
5160144	5160135	CONTROLS	
5160144	5160138	CONTROLS	
5160144	5160141	CONTROLS	
5160144	5160057	CONTROLS	
5160144	5160071	CONTROLS	
5160144	5160076	CONTROLS	
5160076	5160080	CONTROLS	
5160076	5160090	CONTROLS	
5160090	5160095	CONTROLS	
5160090	5160104	CONTROLS	
5160090	5160106	CONTROLS	
5160090	5160117	CONTROLS	
5160090	5160130	CONTROLS	
5160138	5160141	DOM	
5160135	5160138	DOM	
5160106	5160117	DOM	
5160095	5160104	DOM	
5160076	5160080	DOM	
5160057	5160071	DOM	
5160090	5160106	DOM	
5160117	5160130	DOM	
5160076	5160090	DOM	
5160090	5160095	DOM	
5160144	5160144	DOM	
5160071	5160076	DOM	
5160076	5160145	DOM	
5160141	5160057	DOM	
5160144	5160135	DOM	
5160057	5160141	POST_DOM	
5160141	5160138	POST_DOM	
5160130	5160117	POST_DOM	
5160145	5160104	POST_DOM	
5160145	5160080	POST_DOM	
5160076	5160071	POST_DOM	
5160145	5160130	POST_DOM	
5160117	5160106	POST_DOM	
5160104	5160095	POST_DOM	
5160145	5160090	POST_DOM	
5160135	5160144	POST_DOM	
5160145	5160076	POST_DOM	
5160145	5160145	POST_DOM	
5160071	5160057	POST_DOM	
5160138	5160135	POST_DOM	
5160054	5160055	IS_FUNCTION_OF_AST	
5160054	5160144	IS_FUNCTION_OF_CFG	
5159907	5160054	IS_FILE_OF	
5160155	5160156	DECLARES	
5160161	5160162	IS_AST_PARENT	
5160161	5160163	IS_AST_PARENT	
5160164	5160165	IS_AST_PARENT	
5160166	5160167	IS_AST_PARENT	
5160169	5160170	IS_AST_PARENT	
5160168	5160169	IS_AST_PARENT	
5160172	5160173	IS_AST_PARENT	
5160171	5160172	IS_AST_PARENT	
5160168	5160171	IS_AST_PARENT	
5160166	5160168	IS_AST_PARENT	
5160164	5160166	IS_AST_PARENT	
5160161	5160164	IS_AST_PARENT	
5160160	5160161	IS_AST_PARENT	
5160159	5160160	IS_AST_PARENT	
5160176	5160177	IS_AST_PARENT	
5160175	5160176	IS_AST_PARENT	
5160181	5160182	IS_AST_PARENT	
5160180	5160181	IS_AST_PARENT	
5160184	5160185	IS_AST_PARENT	
5160183	5160184	IS_AST_PARENT	
5160180	5160183	IS_AST_PARENT	
5160179	5160180	IS_AST_PARENT	
5160178	5160179	IS_AST_PARENT	
5160186	5160187	IS_AST_PARENT	
5160178	5160186	IS_AST_PARENT	
5160175	5160178	IS_AST_PARENT	
5160174	5160175	IS_AST_PARENT	
5160159	5160174	IS_AST_PARENT	
5160158	5160159	IS_AST_PARENT	
5160158	5160188	IS_AST_PARENT	
5160158	5160189	IS_AST_PARENT	
5160191	5160192	IS_AST_PARENT	
5160191	5160193	IS_AST_PARENT	
5160190	5160191	IS_AST_PARENT	
5160158	5160190	IS_AST_PARENT	
5160194	5160191	FLOWS_TO	
5160191	5160160	FLOWS_TO	
5160160	5160174	FLOWS_TO	
5160174	5160195	FLOWS_TO	
5160174	5160196	USE	
5160160	5160197	DEF	
5160161	5160197	DEF	
5160164	5160197	DEF	
5160174	5160197	USE	
5160184	5160197	USE	
5160191	5160198	DEF	
5160160	5160198	USE	
5160172	5160198	USE	
5160160	5160199	USE	
5160164	5160199	USE	
5160174	5160200	USE	
5160179	5160200	USE	
5160160	5160174	REACHES	mem
5160191	5160160	REACHES	id
5160194	5160191	CONTROLS	
5160194	5160160	CONTROLS	
5160194	5160174	CONTROLS	
5160191	5160160	DOM	
5160194	5160194	DOM	
5160174	5160195	DOM	
5160194	5160191	DOM	
5160160	5160174	DOM	
5160174	5160160	POST_DOM	
5160195	5160195	POST_DOM	
5160191	5160194	POST_DOM	
5160160	5160191	POST_DOM	
5160195	5160174	POST_DOM	
5160157	5160158	IS_FUNCTION_OF_AST	
5160157	5160194	IS_FUNCTION_OF_CFG	
5159907	5160157	IS_FILE_OF	
5160206	5160207	IS_AST_PARENT	
5160205	5160206	IS_AST_PARENT	
5160210	5160211	IS_AST_PARENT	
5160210	5160212	IS_AST_PARENT	
5160209	5160210	IS_AST_PARENT	
5160208	5160209	IS_AST_PARENT	
5160205	5160208	IS_AST_PARENT	
5160204	5160205	IS_AST_PARENT	
5160203	5160204	IS_AST_PARENT	
5160202	5160203	IS_AST_PARENT	
5160202	5160213	IS_AST_PARENT	
5160202	5160214	IS_AST_PARENT	
5160216	5160217	IS_AST_PARENT	
5160216	5160218	IS_AST_PARENT	
5160215	5160216	IS_AST_PARENT	
5160219	5160220	IS_AST_PARENT	
5160219	5160221	IS_AST_PARENT	
5160215	5160219	IS_AST_PARENT	
5160202	5160215	IS_AST_PARENT	
5160222	5160216	FLOWS_TO	
5160216	5160219	FLOWS_TO	
5160219	5160204	FLOWS_TO	
5160204	5160223	FLOWS_TO	
5160219	5160224	DEF	
5160204	5160224	USE	
5160209	5160224	USE	
5160216	5160225	DEF	
5160219	5160204	REACHES	mtx
5160222	5160216	CONTROLS	
5160222	5160219	CONTROLS	
5160222	5160204	CONTROLS	
5160222	5160216	DOM	
5160216	5160219	DOM	
5160204	5160223	DOM	
5160219	5160204	DOM	
5160222	5160222	DOM	
5160204	5160219	POST_DOM	
5160219	5160216	POST_DOM	
5160223	5160223	POST_DOM	
5160223	5160204	POST_DOM	
5160216	5160222	POST_DOM	
5160201	5160202	IS_FUNCTION_OF_AST	
5160201	5160222	IS_FUNCTION_OF_CFG	
5159907	5160201	IS_FILE_OF	
5160230	5160231	IS_AST_PARENT	
5160233	5160234	IS_AST_PARENT	
5160232	5160233	IS_AST_PARENT	
5160237	5160238	IS_AST_PARENT	
5160237	5160239	IS_AST_PARENT	
5160236	5160237	IS_AST_PARENT	
5160235	5160236	IS_AST_PARENT	
5160232	5160235	IS_AST_PARENT	
5160230	5160232	IS_AST_PARENT	
5160229	5160230	IS_AST_PARENT	
5160228	5160229	IS_AST_PARENT	
5160227	5160228	IS_AST_PARENT	
5160227	5160240	IS_AST_PARENT	
5160227	5160241	IS_AST_PARENT	
5160243	5160244	IS_AST_PARENT	
5160243	5160245	IS_AST_PARENT	
5160242	5160243	IS_AST_PARENT	
5160246	5160247	IS_AST_PARENT	
5160246	5160248	IS_AST_PARENT	
5160242	5160246	IS_AST_PARENT	
5160227	5160242	IS_AST_PARENT	
5160249	5160243	FLOWS_TO	
5160243	5160246	FLOWS_TO	
5160246	5160229	FLOWS_TO	
5160229	5160250	FLOWS_TO	
5160246	5160251	DEF	
5160229	5160251	USE	
5160236	5160251	USE	
5160229	5160252	USE	
5160243	5160253	DEF	
5160246	5160229	REACHES	mtx
5160249	5160243	CONTROLS	
5160249	5160246	CONTROLS	
5160249	5160229	CONTROLS	
5160229	5160250	DOM	
5160249	5160243	DOM	
5160249	5160249	DOM	
5160246	5160229	DOM	
5160243	5160246	DOM	
5160250	5160250	POST_DOM	
5160246	5160243	POST_DOM	
5160243	5160249	POST_DOM	
5160250	5160229	POST_DOM	
5160229	5160246	POST_DOM	
5160226	5160227	IS_FUNCTION_OF_AST	
5160226	5160249	IS_FUNCTION_OF_CFG	
5159907	5160226	IS_FILE_OF	
5160259	5160260	IS_AST_PARENT	
5160258	5160259	IS_AST_PARENT	
5160263	5160264	IS_AST_PARENT	
5160263	5160265	IS_AST_PARENT	
5160262	5160263	IS_AST_PARENT	
5160261	5160262	IS_AST_PARENT	
5160258	5160261	IS_AST_PARENT	
5160257	5160258	IS_AST_PARENT	
5160256	5160257	IS_AST_PARENT	
5160255	5160256	IS_AST_PARENT	
5160255	5160266	IS_AST_PARENT	
5160255	5160267	IS_AST_PARENT	
5160269	5160270	IS_AST_PARENT	
5160269	5160271	IS_AST_PARENT	
5160268	5160269	IS_AST_PARENT	
5160272	5160273	IS_AST_PARENT	
5160272	5160274	IS_AST_PARENT	
5160268	5160272	IS_AST_PARENT	
5160255	5160268	IS_AST_PARENT	
5160275	5160269	FLOWS_TO	
5160269	5160272	FLOWS_TO	
5160272	5160257	FLOWS_TO	
5160257	5160276	FLOWS_TO	
5160272	5160277	DEF	
5160257	5160277	USE	
5160262	5160277	USE	
5160269	5160278	DEF	
5160272	5160257	REACHES	mtx
5160275	5160269	CONTROLS	
5160275	5160272	CONTROLS	
5160275	5160257	CONTROLS	
5160257	5160276	DOM	
5160275	5160275	DOM	
5160275	5160269	DOM	
5160269	5160272	DOM	
5160272	5160257	DOM	
5160276	5160276	POST_DOM	
5160272	5160269	POST_DOM	
5160269	5160275	POST_DOM	
5160257	5160272	POST_DOM	
5160276	5160257	POST_DOM	
5160254	5160255	IS_FUNCTION_OF_AST	
5160254	5160275	IS_FUNCTION_OF_CFG	
5159907	5160254	IS_FILE_OF	
5160279	5160280	DECLARES	
5160285	5160286	IS_AST_PARENT	
5160285	5160287	IS_AST_PARENT	
5160284	5160285	IS_AST_PARENT	
5160283	5160284	IS_AST_PARENT	
5160289	5160290	IS_AST_PARENT	
5160292	5160293	IS_AST_PARENT	
5160291	5160292	IS_AST_PARENT	
5160295	5160296	IS_AST_PARENT	
5160294	5160295	IS_AST_PARENT	
5160291	5160294	IS_AST_PARENT	
5160289	5160291	IS_AST_PARENT	
5160288	5160289	IS_AST_PARENT	
5160283	5160288	IS_AST_PARENT	
5160299	5160300	IS_AST_PARENT	
5160298	5160299	IS_AST_PARENT	
5160302	5160303	IS_AST_PARENT	
5160301	5160302	IS_AST_PARENT	
5160298	5160301	IS_AST_PARENT	
5160297	5160298	IS_AST_PARENT	
5160283	5160297	IS_AST_PARENT	
5160282	5160283	IS_AST_PARENT	
5160282	5160304	IS_AST_PARENT	
5160282	5160305	IS_AST_PARENT	
5160307	5160308	IS_AST_PARENT	
5160307	5160309	IS_AST_PARENT	
5160306	5160307	IS_AST_PARENT	
5160310	5160311	IS_AST_PARENT	
5160310	5160312	IS_AST_PARENT	
5160306	5160310	IS_AST_PARENT	
5160282	5160306	IS_AST_PARENT	
5160313	5160307	FLOWS_TO	
5160307	5160310	FLOWS_TO	
5160310	5160284	FLOWS_TO	
5160284	5160288	FLOWS_TO	
5160288	5160297	FLOWS_TO	
5160297	5160314	FLOWS_TO	
5160310	5160315	DEF	
5160284	5160316	DEF	
5160285	5160316	DEF	
5160288	5160316	DEF	
5160289	5160316	DEF	
5160297	5160316	USE	
5160302	5160316	USE	
5160307	5160317	DEF	
5160288	5160317	USE	
5160295	5160317	USE	
5160297	5160318	USE	
5160288	5160319	USE	
5160289	5160319	USE	
5160288	5160297	REACHES	colorspace
5160307	5160288	REACHES	profile
5160313	5160307	CONTROLS	
5160313	5160310	CONTROLS	
5160313	5160284	CONTROLS	
5160313	5160288	CONTROLS	
5160313	5160297	CONTROLS	
5160284	5160288	DOM	
5160313	5160313	DOM	
5160313	5160307	DOM	
5160297	5160314	DOM	
5160310	5160284	DOM	
5160288	5160297	DOM	
5160307	5160310	DOM	
5160297	5160288	POST_DOM	
5160307	5160313	POST_DOM	
5160310	5160307	POST_DOM	
5160314	5160314	POST_DOM	
5160314	5160297	POST_DOM	
5160288	5160284	POST_DOM	
5160284	5160310	POST_DOM	
5160281	5160282	IS_FUNCTION_OF_AST	
5160281	5160313	IS_FUNCTION_OF_CFG	
5159907	5160281	IS_FILE_OF	
5160324	5160325	IS_AST_PARENT	
5160324	5160326	IS_AST_PARENT	
5160323	5160324	IS_AST_PARENT	
5160322	5160323	IS_AST_PARENT	
5160328	5160329	IS_AST_PARENT	
5160331	5160332	IS_AST_PARENT	
5160330	5160331	IS_AST_PARENT	
5160334	5160335	IS_AST_PARENT	
5160333	5160334	IS_AST_PARENT	
5160330	5160333	IS_AST_PARENT	
5160328	5160330	IS_AST_PARENT	
5160327	5160328	IS_AST_PARENT	
5160322	5160327	IS_AST_PARENT	
5160338	5160339	IS_AST_PARENT	
5160337	5160338	IS_AST_PARENT	
5160341	5160342	IS_AST_PARENT	
5160340	5160341	IS_AST_PARENT	
5160337	5160340	IS_AST_PARENT	
5160336	5160337	IS_AST_PARENT	
5160322	5160336	IS_AST_PARENT	
5160321	5160322	IS_AST_PARENT	
5160321	5160343	IS_AST_PARENT	
5160321	5160344	IS_AST_PARENT	
5160346	5160347	IS_AST_PARENT	
5160346	5160348	IS_AST_PARENT	
5160345	5160346	IS_AST_PARENT	
5160349	5160350	IS_AST_PARENT	
5160349	5160351	IS_AST_PARENT	
5160345	5160349	IS_AST_PARENT	
5160321	5160345	IS_AST_PARENT	
5160352	5160346	FLOWS_TO	
5160346	5160349	FLOWS_TO	
5160349	5160323	FLOWS_TO	
5160323	5160327	FLOWS_TO	
5160327	5160336	FLOWS_TO	
5160336	5160353	FLOWS_TO	
5160349	5160354	DEF	
5160327	5160355	USE	
5160328	5160355	USE	
5160323	5160356	DEF	
5160324	5160356	DEF	
5160327	5160356	DEF	
5160328	5160356	DEF	
5160336	5160356	USE	
5160341	5160356	USE	
5160346	5160357	DEF	
5160327	5160357	USE	
5160334	5160357	USE	
5160336	5160358	USE	
5160327	5160336	REACHES	colorspace
5160346	5160327	REACHES	profile
5160352	5160346	CONTROLS	
5160352	5160349	CONTROLS	
5160352	5160323	CONTROLS	
5160352	5160327	CONTROLS	
5160352	5160336	CONTROLS	
5160352	5160352	DOM	
5160349	5160323	DOM	
5160346	5160349	DOM	
5160336	5160353	DOM	
5160352	5160346	DOM	
5160327	5160336	DOM	
5160323	5160327	DOM	
5160346	5160352	POST_DOM	
5160327	5160323	POST_DOM	
5160353	5160353	POST_DOM	
5160323	5160349	POST_DOM	
5160353	5160336	POST_DOM	
5160349	5160346	POST_DOM	
5160336	5160327	POST_DOM	
5160320	5160321	IS_FUNCTION_OF_AST	
5160320	5160352	IS_FUNCTION_OF_CFG	
5159907	5160320	IS_FILE_OF	
5160363	5160364	IS_AST_PARENT	
5160363	5160365	IS_AST_PARENT	
5160362	5160363	IS_AST_PARENT	
5160361	5160362	IS_AST_PARENT	
5160367	5160368	IS_AST_PARENT	
5160369	5160370	IS_AST_PARENT	
5160372	5160373	IS_AST_PARENT	
5160371	5160372	IS_AST_PARENT	
5160375	5160376	IS_AST_PARENT	
5160374	5160375	IS_AST_PARENT	
5160377	5160378	IS_AST_PARENT	
5160374	5160377	IS_AST_PARENT	
5160371	5160374	IS_AST_PARENT	
5160369	5160371	IS_AST_PARENT	
5160367	5160369	IS_AST_PARENT	
5160366	5160367	IS_AST_PARENT	
5160361	5160366	IS_AST_PARENT	
5160381	5160382	IS_AST_PARENT	
5160380	5160381	IS_AST_PARENT	
5160384	5160385	IS_AST_PARENT	
5160383	5160384	IS_AST_PARENT	
5160380	5160383	IS_AST_PARENT	
5160379	5160380	IS_AST_PARENT	
5160361	5160379	IS_AST_PARENT	
5160360	5160361	IS_AST_PARENT	
5160360	5160386	IS_AST_PARENT	
5160360	5160387	IS_AST_PARENT	
5160389	5160390	IS_AST_PARENT	
5160389	5160391	IS_AST_PARENT	
5160388	5160389	IS_AST_PARENT	
5160392	5160393	IS_AST_PARENT	
5160392	5160394	IS_AST_PARENT	
5160388	5160392	IS_AST_PARENT	
5160360	5160388	IS_AST_PARENT	
5160395	5160389	FLOWS_TO	
5160389	5160392	FLOWS_TO	
5160392	5160362	FLOWS_TO	
5160362	5160366	FLOWS_TO	
5160366	5160379	FLOWS_TO	
5160379	5160396	FLOWS_TO	
5160362	5160397	DEF	
5160363	5160397	DEF	
5160366	5160397	DEF	
5160367	5160397	DEF	
5160379	5160397	USE	
5160384	5160397	USE	
5160392	5160398	DEF	
5160366	5160399	USE	
5160367	5160399	USE	
5160389	5160400	DEF	
5160366	5160400	USE	
5160375	5160400	USE	
5160379	5160401	USE	
5160366	5160402	USE	
5160377	5160402	USE	
5160366	5160379	REACHES	lcms_names
5160389	5160366	REACHES	profile
5160395	5160389	CONTROLS	
5160395	5160392	CONTROLS	
5160395	5160362	CONTROLS	
5160395	5160366	CONTROLS	
5160395	5160379	CONTROLS	
5160392	5160362	DOM	
5160362	5160366	DOM	
5160379	5160396	DOM	
5160366	5160379	DOM	
5160395	5160395	DOM	
5160389	5160392	DOM	
5160395	5160389	DOM	
5160379	5160366	POST_DOM	
5160366	5160362	POST_DOM	
5160396	5160396	POST_DOM	
5160396	5160379	POST_DOM	
5160389	5160395	POST_DOM	
5160362	5160392	POST_DOM	
5160392	5160389	POST_DOM	
5160359	5160360	IS_FUNCTION_OF_AST	
5160359	5160395	IS_FUNCTION_OF_CFG	
5159907	5160359	IS_FILE_OF	
5160407	5160408	IS_AST_PARENT	
5160407	5160409	IS_AST_PARENT	
5160406	5160407	IS_AST_PARENT	
5160405	5160406	IS_AST_PARENT	
5160411	5160412	IS_AST_PARENT	
5160411	5160413	IS_AST_PARENT	
5160411	5160414	IS_AST_PARENT	
5160410	5160411	IS_AST_PARENT	
5160405	5160410	IS_AST_PARENT	
5160416	5160417	IS_AST_PARENT	
5160416	5160418	IS_AST_PARENT	
5160415	5160416	IS_AST_PARENT	
5160405	5160415	IS_AST_PARENT	
5160420	5160421	IS_AST_PARENT	
5160420	5160422	IS_AST_PARENT	
5160419	5160420	IS_AST_PARENT	
5160405	5160419	IS_AST_PARENT	
5160424	5160425	IS_AST_PARENT	
5160426	5160427	IS_AST_PARENT	
5160429	5160430	IS_AST_PARENT	
5160428	5160429	IS_AST_PARENT	
5160432	5160433	IS_AST_PARENT	
5160431	5160432	IS_AST_PARENT	
5160434	5160435	IS_AST_PARENT	
5160431	5160434	IS_AST_PARENT	
5160428	5160431	IS_AST_PARENT	
5160426	5160428	IS_AST_PARENT	
5160424	5160426	IS_AST_PARENT	
5160423	5160424	IS_AST_PARENT	
5160405	5160423	IS_AST_PARENT	
5160438	5160439	IS_AST_PARENT	
5160441	5160442	IS_AST_PARENT	
5160440	5160441	IS_AST_PARENT	
5160444	5160445	IS_AST_PARENT	
5160443	5160444	IS_AST_PARENT	
5160440	5160443	IS_AST_PARENT	
5160438	5160440	IS_AST_PARENT	
5160437	5160438	IS_AST_PARENT	
5160436	5160437	IS_AST_PARENT	
5160446	5160447	IS_AST_PARENT	
5160436	5160446	IS_AST_PARENT	
5160405	5160436	IS_AST_PARENT	
5160452	5160453	IS_AST_PARENT	
5160451	5160452	IS_AST_PARENT	
5160455	5160456	IS_AST_PARENT	
5160454	5160455	IS_AST_PARENT	
5160457	5160458	IS_AST_PARENT	
5160454	5160457	IS_AST_PARENT	
5160459	5160460	IS_AST_PARENT	
5160454	5160459	IS_AST_PARENT	
5160461	5160462	IS_AST_PARENT	
5160454	5160461	IS_AST_PARENT	
5160463	5160464	IS_AST_PARENT	
5160454	5160463	IS_AST_PARENT	
5160465	5160466	IS_AST_PARENT	
5160454	5160465	IS_AST_PARENT	
5160467	5160468	IS_AST_PARENT	
5160454	5160467	IS_AST_PARENT	
5160451	5160454	IS_AST_PARENT	
5160450	5160451	IS_AST_PARENT	
5160450	5160469	IS_AST_PARENT	
5160449	5160450	IS_AST_PARENT	
5160448	5160449	IS_AST_PARENT	
5160470	5160471	IS_AST_PARENT	
5160448	5160470	IS_AST_PARENT	
5160405	5160448	IS_AST_PARENT	
5160473	5160474	IS_AST_PARENT	
5160476	5160477	IS_AST_PARENT	
5160475	5160476	IS_AST_PARENT	
5160479	5160480	IS_AST_PARENT	
5160478	5160479	IS_AST_PARENT	
5160475	5160478	IS_AST_PARENT	
5160473	5160475	IS_AST_PARENT	
5160472	5160473	IS_AST_PARENT	
5160405	5160472	IS_AST_PARENT	
5160482	5160483	IS_AST_PARENT	
5160484	5160485	IS_AST_PARENT	
5160487	5160488	IS_AST_PARENT	
5160486	5160487	IS_AST_PARENT	
5160490	5160491	IS_AST_PARENT	
5160489	5160490	IS_AST_PARENT	
5160493	5160494	IS_AST_PARENT	
5160493	5160495	IS_AST_PARENT	
5160492	5160493	IS_AST_PARENT	
5160489	5160492	IS_AST_PARENT	
5160496	5160497	IS_AST_PARENT	
5160489	5160496	IS_AST_PARENT	
5160486	5160489	IS_AST_PARENT	
5160484	5160486	IS_AST_PARENT	
5160482	5160484	IS_AST_PARENT	
5160481	5160482	IS_AST_PARENT	
5160405	5160481	IS_AST_PARENT	
5160499	5160500	IS_AST_PARENT	
5160498	5160499	IS_AST_PARENT	
5160503	5160504	IS_AST_PARENT	
5160502	5160503	IS_AST_PARENT	
5160506	5160507	IS_AST_PARENT	
5160505	5160506	IS_AST_PARENT	
5160508	5160509	IS_AST_PARENT	
5160505	5160508	IS_AST_PARENT	
5160502	5160505	IS_AST_PARENT	
5160501	5160502	IS_AST_PARENT	
5160498	5160501	IS_AST_PARENT	
5160405	5160498	IS_AST_PARENT	
5160510	5160511	IS_AST_PARENT	
5160405	5160510	IS_AST_PARENT	
5160404	5160405	IS_AST_PARENT	
5160404	5160512	IS_AST_PARENT	
5160404	5160513	IS_AST_PARENT	
5160515	5160516	IS_AST_PARENT	
5160515	5160517	IS_AST_PARENT	
5160514	5160515	IS_AST_PARENT	
5160518	5160519	IS_AST_PARENT	
5160518	5160520	IS_AST_PARENT	
5160514	5160518	IS_AST_PARENT	
5160521	5160522	IS_AST_PARENT	
5160521	5160523	IS_AST_PARENT	
5160514	5160521	IS_AST_PARENT	
5160404	5160514	IS_AST_PARENT	
5160524	5160515	FLOWS_TO	
5160515	5160518	FLOWS_TO	
5160518	5160521	FLOWS_TO	
5160521	5160406	FLOWS_TO	
5160406	5160410	FLOWS_TO	
5160410	5160415	FLOWS_TO	
5160415	5160419	FLOWS_TO	
5160419	5160423	FLOWS_TO	
5160423	5160437	FLOWS_TO	
5160437	5160446	FLOWS_TO	
5160437	5160449	FLOWS_TO	
5160446	5160525	FLOWS_TO	
5160449	5160470	FLOWS_TO	
5160449	5160472	FLOWS_TO	
5160470	5160525	FLOWS_TO	
5160472	5160481	FLOWS_TO	
5160481	5160499	FLOWS_TO	
5160499	5160501	FLOWS_TO	
5160499	5160510	FLOWS_TO	
5160501	5160510	FLOWS_TO	
5160510	5160525	FLOWS_TO	
5160449	5160526	USE	
5160481	5160527	USE	
5160482	5160527	USE	
5160521	5160528	DEF	
5160481	5160528	USE	
5160490	5160528	USE	
5160446	5160529	USE	
5160449	5160529	USE	
5160461	5160529	USE	
5160465	5160529	USE	
5160467	5160529	USE	
5160463	5160529	USE	
5160470	5160529	USE	
5160515	5160530	DEF	
5160423	5160530	USE	
5160432	5160530	USE	
5160419	5160531	DEF	
5160420	5160531	DEF	
5160472	5160531	DEF	
5160473	5160531	DEF	
5160481	5160531	USE	
5160492	5160531	USE	
5160423	5160532	USE	
5160434	5160532	USE	
5160406	5160533	DEF	
5160407	5160533	DEF	
5160423	5160533	DEF	
5160424	5160533	DEF	
5160437	5160533	USE	
5160444	5160533	USE	
5160449	5160533	USE	
5160455	5160533	USE	
5160472	5160534	USE	
5160473	5160534	USE	
5160415	5160535	DEF	
5160416	5160535	DEF	
5160481	5160535	DEF	
5160482	5160535	DEF	
5160499	5160535	USE	
5160501	5160535	USE	
5160506	5160535	USE	
5160510	5160535	USE	
5160423	5160536	USE	
5160424	5160536	USE	
5160410	5160537	DEF	
5160411	5160537	DEF	
5160449	5160537	USE	
5160459	5160537	USE	
5160472	5160537	USE	
5160479	5160537	USE	
5160501	5160537	USE	
5160508	5160537	USE	
5160518	5160538	DEF	
5160437	5160538	USE	
5160449	5160538	USE	
5160457	5160538	USE	
5160437	5160539	USE	
5160521	5160481	REACHES	memory
5160515	5160423	REACHES	profile
5160472	5160481	REACHES	length
5160423	5160437	REACHES	lcms_names
5160423	5160449	REACHES	lcms_names
5160481	5160499	REACHES	buf
5160481	5160501	REACHES	buf
5160481	5160510	REACHES	buf
5160410	5160449	REACHES	name
5160410	5160472	REACHES	name
5160410	5160501	REACHES	name
5160518	5160437	REACHES	colorcount
5160518	5160449	REACHES	colorcount
5160524	5160515	CONTROLS	
5160524	5160518	CONTROLS	
5160524	5160521	CONTROLS	
5160524	5160406	CONTROLS	
5160524	5160410	CONTROLS	
5160524	5160415	CONTROLS	
5160524	5160419	CONTROLS	
5160524	5160423	CONTROLS	
5160524	5160437	CONTROLS	
5160437	5160446	CONTROLS	
5160437	5160449	CONTROLS	
5160449	5160470	CONTROLS	
5160449	5160472	CONTROLS	
5160449	5160481	CONTROLS	
5160449	5160499	CONTROLS	
5160449	5160510	CONTROLS	
5160499	5160501	CONTROLS	
5160423	5160437	DOM	
5160518	5160521	DOM	
5160499	5160501	DOM	
5160437	5160525	DOM	
5160481	5160499	DOM	
5160415	5160419	DOM	
5160437	5160446	DOM	
5160521	5160406	DOM	
5160406	5160410	DOM	
5160410	5160415	DOM	
5160449	5160470	DOM	
5160515	5160518	DOM	
5160419	5160423	DOM	
5160472	5160481	DOM	
5160499	5160510	DOM	
5160524	5160515	DOM	
5160449	5160472	DOM	
5160524	5160524	DOM	
5160437	5160449	DOM	
5160525	5160437	POST_DOM	
5160406	5160521	POST_DOM	
5160510	5160501	POST_DOM	
5160525	5160525	POST_DOM	
5160510	5160499	POST_DOM	
5160525	5160446	POST_DOM	
5160423	5160419	POST_DOM	
5160410	5160406	POST_DOM	
5160415	5160410	POST_DOM	
5160419	5160415	POST_DOM	
5160525	5160470	POST_DOM	
5160437	5160423	POST_DOM	
5160521	5160518	POST_DOM	
5160525	5160510	POST_DOM	
5160499	5160481	POST_DOM	
5160518	5160515	POST_DOM	
5160481	5160472	POST_DOM	
5160515	5160524	POST_DOM	
5160525	5160449	POST_DOM	
5160403	5160404	IS_FUNCTION_OF_AST	
5160403	5160524	IS_FUNCTION_OF_CFG	
5159907	5160403	IS_FILE_OF	
5160546	5160547	IS_AST_PARENT	
5160545	5160546	IS_AST_PARENT	
5160549	5160550	IS_AST_PARENT	
5160548	5160549	IS_AST_PARENT	
5160545	5160548	IS_AST_PARENT	
5160544	5160545	IS_AST_PARENT	
5160544	5160551	IS_AST_PARENT	
5160543	5160544	IS_AST_PARENT	
5160542	5160543	IS_AST_PARENT	
5160541	5160542	IS_AST_PARENT	
5160541	5160552	IS_AST_PARENT	
5160541	5160553	IS_AST_PARENT	
5160555	5160556	IS_AST_PARENT	
5160555	5160557	IS_AST_PARENT	
5160554	5160555	IS_AST_PARENT	
5160558	5160559	IS_AST_PARENT	
5160558	5160560	IS_AST_PARENT	
5160554	5160558	IS_AST_PARENT	
5160541	5160554	IS_AST_PARENT	
5160561	5160555	FLOWS_TO	
5160555	5160558	FLOWS_TO	
5160558	5160543	FLOWS_TO	
5160543	5160562	FLOWS_TO	
5160543	5160563	USE	
5160558	5160564	DEF	
5160555	5160565	DEF	
5160543	5160565	USE	
5160549	5160565	USE	
5160543	5160566	USE	
5160555	5160543	REACHES	profile
5160561	5160555	CONTROLS	
5160561	5160558	CONTROLS	
5160561	5160543	CONTROLS	
5160555	5160558	DOM	
5160558	5160543	DOM	
5160543	5160562	DOM	
5160561	5160561	DOM	
5160561	5160555	DOM	
5160562	5160543	POST_DOM	
5160543	5160558	POST_DOM	
5160562	5160562	POST_DOM	
5160555	5160561	POST_DOM	
5160558	5160555	POST_DOM	
5160540	5160541	IS_FUNCTION_OF_AST	
5160540	5160561	IS_FUNCTION_OF_CFG	
5159907	5160540	IS_FILE_OF	
5160572	5160573	IS_AST_PARENT	
5160571	5160572	IS_AST_PARENT	
5160575	5160576	IS_AST_PARENT	
5160574	5160575	IS_AST_PARENT	
5160571	5160574	IS_AST_PARENT	
5160570	5160571	IS_AST_PARENT	
5160569	5160570	IS_AST_PARENT	
5160568	5160569	IS_AST_PARENT	
5160568	5160577	IS_AST_PARENT	
5160568	5160578	IS_AST_PARENT	
5160580	5160581	IS_AST_PARENT	
5160580	5160582	IS_AST_PARENT	
5160579	5160580	IS_AST_PARENT	
5160583	5160584	IS_AST_PARENT	
5160583	5160585	IS_AST_PARENT	
5160579	5160583	IS_AST_PARENT	
5160568	5160579	IS_AST_PARENT	
5160586	5160580	FLOWS_TO	
5160580	5160583	FLOWS_TO	
5160583	5160570	FLOWS_TO	
5160570	5160587	FLOWS_TO	
5160570	5160588	USE	
5160583	5160589	DEF	
5160580	5160590	DEF	
5160570	5160590	USE	
5160575	5160590	USE	
5160580	5160570	REACHES	profile
5160586	5160580	CONTROLS	
5160586	5160583	CONTROLS	
5160586	5160570	CONTROLS	
5160583	5160570	DOM	
5160586	5160586	DOM	
5160570	5160587	DOM	
5160586	5160580	DOM	
5160580	5160583	DOM	
5160587	5160570	POST_DOM	
5160587	5160587	POST_DOM	
5160580	5160586	POST_DOM	
5160583	5160580	POST_DOM	
5160570	5160583	POST_DOM	
5160567	5160568	IS_FUNCTION_OF_AST	
5160567	5160586	IS_FUNCTION_OF_CFG	
5159907	5160567	IS_FILE_OF	
5160597	5160598	IS_AST_PARENT	
5160596	5160597	IS_AST_PARENT	
5160600	5160601	IS_AST_PARENT	
5160599	5160600	IS_AST_PARENT	
5160596	5160599	IS_AST_PARENT	
5160595	5160596	IS_AST_PARENT	
5160595	5160602	IS_AST_PARENT	
5160594	5160595	IS_AST_PARENT	
5160593	5160594	IS_AST_PARENT	
5160592	5160593	IS_AST_PARENT	
5160592	5160603	IS_AST_PARENT	
5160592	5160604	IS_AST_PARENT	
5160606	5160607	IS_AST_PARENT	
5160606	5160608	IS_AST_PARENT	
5160605	5160606	IS_AST_PARENT	
5160609	5160610	IS_AST_PARENT	
5160609	5160611	IS_AST_PARENT	
5160605	5160609	IS_AST_PARENT	
5160592	5160605	IS_AST_PARENT	
5160612	5160606	FLOWS_TO	
5160606	5160609	FLOWS_TO	
5160609	5160594	FLOWS_TO	
5160594	5160613	FLOWS_TO	
5160594	5160614	USE	
5160609	5160615	DEF	
5160606	5160616	DEF	
5160594	5160616	USE	
5160600	5160616	USE	
5160594	5160617	USE	
5160606	5160594	REACHES	profile
5160612	5160606	CONTROLS	
5160612	5160609	CONTROLS	
5160612	5160594	CONTROLS	
5160612	5160612	DOM	
5160606	5160609	DOM	
5160612	5160606	DOM	
5160609	5160594	DOM	
5160594	5160613	DOM	
5160594	5160609	POST_DOM	
5160606	5160612	POST_DOM	
5160609	5160606	POST_DOM	
5160613	5160594	POST_DOM	
5160613	5160613	POST_DOM	
5160591	5160592	IS_FUNCTION_OF_AST	
5160591	5160612	IS_FUNCTION_OF_CFG	
5159907	5160591	IS_FILE_OF	
5160622	5160623	IS_AST_PARENT	
5160622	5160624	IS_AST_PARENT	
5160621	5160622	IS_AST_PARENT	
5160620	5160621	IS_AST_PARENT	
5160626	5160627	IS_AST_PARENT	
5160629	5160630	IS_AST_PARENT	
5160628	5160629	IS_AST_PARENT	
5160632	5160633	IS_AST_PARENT	
5160631	5160632	IS_AST_PARENT	
5160628	5160631	IS_AST_PARENT	
5160626	5160628	IS_AST_PARENT	
5160625	5160626	IS_AST_PARENT	
5160620	5160625	IS_AST_PARENT	
5160635	5160636	IS_AST_PARENT	
5160634	5160635	IS_AST_PARENT	
5160638	5160639	IS_AST_PARENT	
5160637	5160638	IS_AST_PARENT	
5160640	5160641	IS_AST_PARENT	
5160637	5160640	IS_AST_PARENT	
5160642	5160643	IS_AST_PARENT	
5160637	5160642	IS_AST_PARENT	
5160644	5160645	IS_AST_PARENT	
5160637	5160644	IS_AST_PARENT	
5160646	5160647	IS_AST_PARENT	
5160637	5160646	IS_AST_PARENT	
5160648	5160649	IS_AST_PARENT	
5160637	5160648	IS_AST_PARENT	
5160650	5160651	IS_AST_PARENT	
5160637	5160650	IS_AST_PARENT	
5160652	5160653	IS_AST_PARENT	
5160637	5160652	IS_AST_PARENT	
5160654	5160655	IS_AST_PARENT	
5160637	5160654	IS_AST_PARENT	
5160656	5160657	IS_AST_PARENT	
5160637	5160656	IS_AST_PARENT	
5160658	5160659	IS_AST_PARENT	
5160637	5160658	IS_AST_PARENT	
5160660	5160661	IS_AST_PARENT	
5160637	5160660	IS_AST_PARENT	
5160634	5160637	IS_AST_PARENT	
5160620	5160634	IS_AST_PARENT	
5160619	5160620	IS_AST_PARENT	
5160619	5160662	IS_AST_PARENT	
5160619	5160663	IS_AST_PARENT	
5160665	5160666	IS_AST_PARENT	
5160665	5160667	IS_AST_PARENT	
5160664	5160665	IS_AST_PARENT	
5160668	5160669	IS_AST_PARENT	
5160668	5160670	IS_AST_PARENT	
5160664	5160668	IS_AST_PARENT	
5160619	5160664	IS_AST_PARENT	
5160671	5160665	FLOWS_TO	
5160665	5160668	FLOWS_TO	
5160668	5160621	FLOWS_TO	
5160621	5160625	FLOWS_TO	
5160625	5160635	FLOWS_TO	
5160635	5160646	FLOWS_TO	
5160635	5160658	FLOWS_TO	
5160635	5160650	FLOWS_TO	
5160635	5160638	FLOWS_TO	
5160635	5160642	FLOWS_TO	
5160635	5160654	FLOWS_TO	
5160638	5160640	FLOWS_TO	
5160640	5160672	FLOWS_TO	
5160642	5160644	FLOWS_TO	
5160644	5160672	FLOWS_TO	
5160646	5160648	FLOWS_TO	
5160648	5160672	FLOWS_TO	
5160650	5160652	FLOWS_TO	
5160652	5160672	FLOWS_TO	
5160654	5160656	FLOWS_TO	
5160656	5160672	FLOWS_TO	
5160658	5160660	FLOWS_TO	
5160660	5160672	FLOWS_TO	
5160648	5160673	USE	
5160668	5160674	DEF	
5160621	5160675	DEF	
5160622	5160675	DEF	
5160625	5160675	DEF	
5160626	5160675	DEF	
5160635	5160675	USE	
5160644	5160676	USE	
5160652	5160677	USE	
5160665	5160678	DEF	
5160625	5160678	USE	
5160632	5160678	USE	
5160640	5160679	USE	
5160625	5160680	USE	
5160626	5160680	USE	
5160660	5160681	USE	
5160656	5160682	USE	
5160625	5160635	REACHES	colorspace
5160665	5160625	REACHES	profile
5160671	5160665	CONTROLS	
5160671	5160668	CONTROLS	
5160671	5160621	CONTROLS	
5160671	5160625	CONTROLS	
5160671	5160635	CONTROLS	
5160635	5160646	CONTROLS	
5160635	5160648	CONTROLS	
5160635	5160658	CONTROLS	
5160635	5160660	CONTROLS	
5160635	5160650	CONTROLS	
5160635	5160652	CONTROLS	
5160635	5160638	CONTROLS	
5160635	5160640	CONTROLS	
5160635	5160642	CONTROLS	
5160635	5160644	CONTROLS	
5160635	5160654	CONTROLS	
5160635	5160656	CONTROLS	
5160635	5160642	DOM	
5160654	5160656	DOM	
5160665	5160668	DOM	
5160642	5160644	DOM	
5160658	5160660	DOM	
5160635	5160638	DOM	
5160621	5160625	DOM	
5160635	5160650	DOM	
5160646	5160648	DOM	
5160671	5160671	DOM	
5160671	5160665	DOM	
5160650	5160652	DOM	
5160638	5160640	DOM	
5160635	5160654	DOM	
5160625	5160635	DOM	
5160635	5160646	DOM	
5160635	5160672	DOM	
5160635	5160658	DOM	
5160668	5160621	DOM	
5160644	5160642	POST_DOM	
5160672	5160656	POST_DOM	
5160621	5160668	POST_DOM	
5160672	5160644	POST_DOM	
5160672	5160660	POST_DOM	
5160640	5160638	POST_DOM	
5160635	5160625	POST_DOM	
5160652	5160650	POST_DOM	
5160672	5160648	POST_DOM	
5160668	5160665	POST_DOM	
5160665	5160671	POST_DOM	
5160672	5160652	POST_DOM	
5160672	5160640	POST_DOM	
5160656	5160654	POST_DOM	
5160672	5160672	POST_DOM	
5160672	5160635	POST_DOM	
5160648	5160646	POST_DOM	
5160660	5160658	POST_DOM	
5160625	5160621	POST_DOM	
5160618	5160619	IS_FUNCTION_OF_AST	
5160618	5160671	IS_FUNCTION_OF_CFG	
5159907	5160618	IS_FILE_OF	
5160687	5160688	IS_AST_PARENT	
5160687	5160689	IS_AST_PARENT	
5160690	5160691	IS_AST_PARENT	
5160693	5160694	IS_AST_PARENT	
5160692	5160693	IS_AST_PARENT	
5160696	5160697	IS_AST_PARENT	
5160695	5160696	IS_AST_PARENT	
5160692	5160695	IS_AST_PARENT	
5160690	5160692	IS_AST_PARENT	
5160687	5160690	IS_AST_PARENT	
5160686	5160687	IS_AST_PARENT	
5160685	5160686	IS_AST_PARENT	
5160700	5160701	IS_AST_PARENT	
5160699	5160700	IS_AST_PARENT	
5160703	5160704	IS_AST_PARENT	
5160702	5160703	IS_AST_PARENT	
5160705	5160706	IS_AST_PARENT	
5160702	5160705	IS_AST_PARENT	
5160699	5160702	IS_AST_PARENT	
5160698	5160699	IS_AST_PARENT	
5160685	5160698	IS_AST_PARENT	
5160709	5160710	IS_AST_PARENT	
5160708	5160709	IS_AST_PARENT	
5160712	5160713	IS_AST_PARENT	
5160711	5160712	IS_AST_PARENT	
5160714	5160715	IS_AST_PARENT	
5160711	5160714	IS_AST_PARENT	
5160716	5160717	IS_AST_PARENT	
5160711	5160716	IS_AST_PARENT	
5160708	5160711	IS_AST_PARENT	
5160707	5160708	IS_AST_PARENT	
5160685	5160707	IS_AST_PARENT	
5160684	5160685	IS_AST_PARENT	
5160684	5160718	IS_AST_PARENT	
5160684	5160719	IS_AST_PARENT	
5160721	5160722	IS_AST_PARENT	
5160721	5160723	IS_AST_PARENT	
5160720	5160721	IS_AST_PARENT	
5160724	5160725	IS_AST_PARENT	
5160724	5160726	IS_AST_PARENT	
5160720	5160724	IS_AST_PARENT	
5160727	5160728	IS_AST_PARENT	
5160727	5160729	IS_AST_PARENT	
5160720	5160727	IS_AST_PARENT	
5160684	5160720	IS_AST_PARENT	
5160730	5160721	FLOWS_TO	
5160721	5160724	FLOWS_TO	
5160724	5160727	FLOWS_TO	
5160727	5160686	FLOWS_TO	
5160686	5160698	FLOWS_TO	
5160698	5160707	FLOWS_TO	
5160707	5160731	FLOWS_TO	
5160724	5160732	DEF	
5160707	5160732	USE	
5160716	5160732	USE	
5160698	5160733	USE	
5160705	5160733	USE	
5160707	5160734	USE	
5160686	5160735	USE	
5160690	5160735	USE	
5160727	5160736	DEF	
5160686	5160736	USE	
5160696	5160736	USE	
5160686	5160737	DEF	
5160687	5160737	DEF	
5160690	5160737	DEF	
5160698	5160737	USE	
5160703	5160737	USE	
5160707	5160737	USE	
5160712	5160737	USE	
5160721	5160738	DEF	
5160707	5160738	USE	
5160714	5160738	USE	
5160724	5160707	REACHES	input_size
5160727	5160686	REACHES	mem
5160686	5160698	REACHES	ctx
5160686	5160707	REACHES	ctx
5160721	5160707	REACHES	buffer
5160730	5160721	CONTROLS	
5160730	5160724	CONTROLS	
5160730	5160727	CONTROLS	
5160730	5160686	CONTROLS	
5160730	5160698	CONTROLS	
5160730	5160707	CONTROLS	
5160698	5160707	DOM	
5160730	5160730	DOM	
5160727	5160686	DOM	
5160721	5160724	DOM	
5160724	5160727	DOM	
5160686	5160698	DOM	
5160730	5160721	DOM	
5160707	5160731	DOM	
5160731	5160707	POST_DOM	
5160721	5160730	POST_DOM	
5160698	5160686	POST_DOM	
5160686	5160727	POST_DOM	
5160727	5160724	POST_DOM	
5160707	5160698	POST_DOM	
5160724	5160721	POST_DOM	
5160731	5160731	POST_DOM	
5160683	5160684	IS_FUNCTION_OF_AST	
5160683	5160730	IS_FUNCTION_OF_CFG	
5159907	5160683	IS_FILE_OF	
5160743	5160744	IS_AST_PARENT	
5160743	5160745	IS_AST_PARENT	
5160746	5160747	IS_AST_PARENT	
5160749	5160750	IS_AST_PARENT	
5160748	5160749	IS_AST_PARENT	
5160752	5160753	IS_AST_PARENT	
5160751	5160752	IS_AST_PARENT	
5160748	5160751	IS_AST_PARENT	
5160746	5160748	IS_AST_PARENT	
5160743	5160746	IS_AST_PARENT	
5160742	5160743	IS_AST_PARENT	
5160741	5160742	IS_AST_PARENT	
5160756	5160757	IS_AST_PARENT	
5160755	5160756	IS_AST_PARENT	
5160759	5160760	IS_AST_PARENT	
5160758	5160759	IS_AST_PARENT	
5160761	5160762	IS_AST_PARENT	
5160758	5160761	IS_AST_PARENT	
5160763	5160764	IS_AST_PARENT	
5160758	5160763	IS_AST_PARENT	
5160755	5160758	IS_AST_PARENT	
5160754	5160755	IS_AST_PARENT	
5160741	5160754	IS_AST_PARENT	
5160740	5160741	IS_AST_PARENT	
5160740	5160765	IS_AST_PARENT	
5160740	5160766	IS_AST_PARENT	
5160768	5160769	IS_AST_PARENT	
5160768	5160770	IS_AST_PARENT	
5160767	5160768	IS_AST_PARENT	
5160771	5160772	IS_AST_PARENT	
5160771	5160773	IS_AST_PARENT	
5160767	5160771	IS_AST_PARENT	
5160740	5160767	IS_AST_PARENT	
5160774	5160768	FLOWS_TO	
5160768	5160771	FLOWS_TO	
5160771	5160742	FLOWS_TO	
5160742	5160754	FLOWS_TO	
5160754	5160775	FLOWS_TO	
5160768	5160776	DEF	
5160754	5160776	USE	
5160761	5160776	USE	
5160742	5160777	USE	
5160746	5160777	USE	
5160771	5160778	DEF	
5160742	5160778	USE	
5160752	5160778	USE	
5160754	5160779	USE	
5160742	5160780	DEF	
5160743	5160780	DEF	
5160746	5160780	DEF	
5160754	5160780	USE	
5160759	5160780	USE	
5160768	5160754	REACHES	filename
5160771	5160742	REACHES	mem
5160742	5160754	REACHES	ctx
5160774	5160768	CONTROLS	
5160774	5160771	CONTROLS	
5160774	5160742	CONTROLS	
5160774	5160754	CONTROLS	
5160774	5160768	DOM	
5160771	5160742	DOM	
5160774	5160774	DOM	
5160754	5160775	DOM	
5160742	5160754	DOM	
5160768	5160771	DOM	
5160771	5160768	POST_DOM	
5160754	5160742	POST_DOM	
5160775	5160775	POST_DOM	
5160768	5160774	POST_DOM	
5160775	5160754	POST_DOM	
5160742	5160771	POST_DOM	
5160739	5160740	IS_FUNCTION_OF_AST	
5160739	5160774	IS_FUNCTION_OF_CFG	
5159907	5160739	IS_FILE_OF	
5160785	5160786	IS_AST_PARENT	
5160785	5160787	IS_AST_PARENT	
5160788	5160789	IS_AST_PARENT	
5160790	5160791	IS_AST_PARENT	
5160792	5160793	IS_AST_PARENT	
5160792	5160794	IS_AST_PARENT	
5160790	5160792	IS_AST_PARENT	
5160788	5160790	IS_AST_PARENT	
5160785	5160788	IS_AST_PARENT	
5160784	5160785	IS_AST_PARENT	
5160783	5160784	IS_AST_PARENT	
5160796	5160797	IS_AST_PARENT	
5160796	5160798	IS_AST_PARENT	
5160795	5160796	IS_AST_PARENT	
5160799	5160800	IS_AST_PARENT	
5160799	5160801	IS_AST_PARENT	
5160795	5160799	IS_AST_PARENT	
5160802	5160803	IS_AST_PARENT	
5160802	5160804	IS_AST_PARENT	
5160795	5160802	IS_AST_PARENT	
5160805	5160806	IS_AST_PARENT	
5160805	5160807	IS_AST_PARENT	
5160795	5160805	IS_AST_PARENT	
5160783	5160795	IS_AST_PARENT	
5160809	5160810	IS_AST_PARENT	
5160809	5160811	IS_AST_PARENT	
5160808	5160809	IS_AST_PARENT	
5160812	5160813	IS_AST_PARENT	
5160812	5160814	IS_AST_PARENT	
5160808	5160812	IS_AST_PARENT	
5160815	5160816	IS_AST_PARENT	
5160815	5160817	IS_AST_PARENT	
5160808	5160815	IS_AST_PARENT	
5160818	5160819	IS_AST_PARENT	
5160818	5160820	IS_AST_PARENT	
5160808	5160818	IS_AST_PARENT	
5160821	5160822	IS_AST_PARENT	
5160821	5160823	IS_AST_PARENT	
5160808	5160821	IS_AST_PARENT	
5160783	5160808	IS_AST_PARENT	
5160825	5160826	IS_AST_PARENT	
5160825	5160827	IS_AST_PARENT	
5160824	5160825	IS_AST_PARENT	
5160828	5160829	IS_AST_PARENT	
5160828	5160830	IS_AST_PARENT	
5160824	5160828	IS_AST_PARENT	
5160783	5160824	IS_AST_PARENT	
5160832	5160833	IS_AST_PARENT	
5160832	5160834	IS_AST_PARENT	
5160831	5160832	IS_AST_PARENT	
5160835	5160836	IS_AST_PARENT	
5160835	5160837	IS_AST_PARENT	
5160831	5160835	IS_AST_PARENT	
5160783	5160831	IS_AST_PARENT	
5160839	5160840	IS_AST_PARENT	
5160842	5160843	IS_AST_PARENT	
5160841	5160842	IS_AST_PARENT	
5160847	5160848	IS_AST_PARENT	
5160846	5160847	IS_AST_PARENT	
5160852	5160853	IS_AST_PARENT	
5160851	5160852	IS_AST_PARENT	
5160855	5160856	IS_AST_PARENT	
5160854	5160855	IS_AST_PARENT	
5160851	5160854	IS_AST_PARENT	
5160850	5160851	IS_AST_PARENT	
5160849	5160850	IS_AST_PARENT	
5160846	5160849	IS_AST_PARENT	
5160845	5160846	IS_AST_PARENT	
5160844	5160845	IS_AST_PARENT	
5160841	5160844	IS_AST_PARENT	
5160839	5160841	IS_AST_PARENT	
5160838	5160839	IS_AST_PARENT	
5160783	5160838	IS_AST_PARENT	
5160858	5160859	IS_AST_PARENT	
5160861	5160862	IS_AST_PARENT	
5160860	5160861	IS_AST_PARENT	
5160866	5160867	IS_AST_PARENT	
5160865	5160866	IS_AST_PARENT	
5160871	5160872	IS_AST_PARENT	
5160870	5160871	IS_AST_PARENT	
5160874	5160875	IS_AST_PARENT	
5160873	5160874	IS_AST_PARENT	
5160870	5160873	IS_AST_PARENT	
5160869	5160870	IS_AST_PARENT	
5160868	5160869	IS_AST_PARENT	
5160865	5160868	IS_AST_PARENT	
5160864	5160865	IS_AST_PARENT	
5160863	5160864	IS_AST_PARENT	
5160860	5160863	IS_AST_PARENT	
5160858	5160860	IS_AST_PARENT	
5160857	5160858	IS_AST_PARENT	
5160783	5160857	IS_AST_PARENT	
5160877	5160878	IS_AST_PARENT	
5160879	5160880	IS_AST_PARENT	
5160879	5160881	IS_AST_PARENT	
5160877	5160879	IS_AST_PARENT	
5160876	5160877	IS_AST_PARENT	
5160783	5160876	IS_AST_PARENT	
5160883	5160884	IS_AST_PARENT	
5160885	5160886	IS_AST_PARENT	
5160888	5160889	IS_AST_PARENT	
5160887	5160888	IS_AST_PARENT	
5160891	5160892	IS_AST_PARENT	
5160890	5160891	IS_AST_PARENT	
5160887	5160890	IS_AST_PARENT	
5160885	5160887	IS_AST_PARENT	
5160883	5160885	IS_AST_PARENT	
5160882	5160883	IS_AST_PARENT	
5160783	5160882	IS_AST_PARENT	
5160894	5160895	IS_AST_PARENT	
5160896	5160897	IS_AST_PARENT	
5160896	5160898	IS_AST_PARENT	
5160894	5160896	IS_AST_PARENT	
5160893	5160894	IS_AST_PARENT	
5160783	5160893	IS_AST_PARENT	
5160900	5160901	IS_AST_PARENT	
5160902	5160903	IS_AST_PARENT	
5160905	5160906	IS_AST_PARENT	
5160904	5160905	IS_AST_PARENT	
5160908	5160909	IS_AST_PARENT	
5160907	5160908	IS_AST_PARENT	
5160904	5160907	IS_AST_PARENT	
5160902	5160904	IS_AST_PARENT	
5160900	5160902	IS_AST_PARENT	
5160899	5160900	IS_AST_PARENT	
5160783	5160899	IS_AST_PARENT	
5160911	5160912	IS_AST_PARENT	
5160913	5160914	IS_AST_PARENT	
5160913	5160915	IS_AST_PARENT	
5160911	5160913	IS_AST_PARENT	
5160910	5160911	IS_AST_PARENT	
5160783	5160910	IS_AST_PARENT	
5160918	5160919	IS_AST_PARENT	
5160918	5160920	IS_AST_PARENT	
5160917	5160918	IS_AST_PARENT	
5160916	5160917	IS_AST_PARENT	
5160922	5160923	IS_AST_PARENT	
5160922	5160924	IS_AST_PARENT	
5160921	5160922	IS_AST_PARENT	
5160916	5160921	IS_AST_PARENT	
5160783	5160916	IS_AST_PARENT	
5160926	5160927	IS_AST_PARENT	
5160928	5160929	IS_AST_PARENT	
5160931	5160932	IS_AST_PARENT	
5160930	5160931	IS_AST_PARENT	
5160934	5160935	IS_AST_PARENT	
5160933	5160934	IS_AST_PARENT	
5160930	5160933	IS_AST_PARENT	
5160928	5160930	IS_AST_PARENT	
5160926	5160928	IS_AST_PARENT	
5160925	5160926	IS_AST_PARENT	
5160783	5160925	IS_AST_PARENT	
5160937	5160938	IS_AST_PARENT	
5160939	5160940	IS_AST_PARENT	
5160939	5160941	IS_AST_PARENT	
5160937	5160939	IS_AST_PARENT	
5160936	5160937	IS_AST_PARENT	
5160783	5160936	IS_AST_PARENT	
5160944	5160945	IS_AST_PARENT	
5160944	5160946	IS_AST_PARENT	
5160943	5160944	IS_AST_PARENT	
5160942	5160943	IS_AST_PARENT	
5160948	5160949	IS_AST_PARENT	
5160948	5160950	IS_AST_PARENT	
5160947	5160948	IS_AST_PARENT	
5160942	5160947	IS_AST_PARENT	
5160783	5160942	IS_AST_PARENT	
5160952	5160953	IS_AST_PARENT	
5160954	5160955	IS_AST_PARENT	
5160957	5160958	IS_AST_PARENT	
5160956	5160957	IS_AST_PARENT	
5160960	5160961	IS_AST_PARENT	
5160959	5160960	IS_AST_PARENT	
5160956	5160959	IS_AST_PARENT	
5160954	5160956	IS_AST_PARENT	
5160952	5160954	IS_AST_PARENT	
5160951	5160952	IS_AST_PARENT	
5160783	5160951	IS_AST_PARENT	
5160963	5160964	IS_AST_PARENT	
5160965	5160966	IS_AST_PARENT	
5160967	5160968	IS_AST_PARENT	
5160967	5160969	IS_AST_PARENT	
5160965	5160967	IS_AST_PARENT	
5160963	5160965	IS_AST_PARENT	
5160962	5160963	IS_AST_PARENT	
5160783	5160962	IS_AST_PARENT	
5160971	5160972	IS_AST_PARENT	
5160973	5160974	IS_AST_PARENT	
5160976	5160977	IS_AST_PARENT	
5160975	5160976	IS_AST_PARENT	
5160979	5160980	IS_AST_PARENT	
5160978	5160979	IS_AST_PARENT	
5160975	5160978	IS_AST_PARENT	
5160973	5160975	IS_AST_PARENT	
5160971	5160973	IS_AST_PARENT	
5160970	5160971	IS_AST_PARENT	
5160783	5160970	IS_AST_PARENT	
5160982	5160983	IS_AST_PARENT	
5160984	5160985	IS_AST_PARENT	
5160986	5160987	IS_AST_PARENT	
5160986	5160988	IS_AST_PARENT	
5160984	5160986	IS_AST_PARENT	
5160982	5160984	IS_AST_PARENT	
5160981	5160982	IS_AST_PARENT	
5160783	5160981	IS_AST_PARENT	
5160990	5160991	IS_AST_PARENT	
5160992	5160993	IS_AST_PARENT	
5160995	5160996	IS_AST_PARENT	
5160994	5160995	IS_AST_PARENT	
5160998	5160999	IS_AST_PARENT	
5160997	5160998	IS_AST_PARENT	
5160994	5160997	IS_AST_PARENT	
5160992	5160994	IS_AST_PARENT	
5160990	5160992	IS_AST_PARENT	
5160989	5160990	IS_AST_PARENT	
5160783	5160989	IS_AST_PARENT	
5161001	5161002	IS_AST_PARENT	
5161004	5161005	IS_AST_PARENT	
5161003	5161004	IS_AST_PARENT	
5161009	5161010	IS_AST_PARENT	
5161008	5161009	IS_AST_PARENT	
5161012	5161013	IS_AST_PARENT	
5161011	5161012	IS_AST_PARENT	
5161008	5161011	IS_AST_PARENT	
5161007	5161008	IS_AST_PARENT	
5161006	5161007	IS_AST_PARENT	
5161003	5161006	IS_AST_PARENT	
5161001	5161003	IS_AST_PARENT	
5161000	5161001	IS_AST_PARENT	
5160783	5161000	IS_AST_PARENT	
5161015	5161016	IS_AST_PARENT	
5161018	5161019	IS_AST_PARENT	
5161017	5161018	IS_AST_PARENT	
5161023	5161024	IS_AST_PARENT	
5161022	5161023	IS_AST_PARENT	
5161026	5161027	IS_AST_PARENT	
5161025	5161026	IS_AST_PARENT	
5161022	5161025	IS_AST_PARENT	
5161021	5161022	IS_AST_PARENT	
5161020	5161021	IS_AST_PARENT	
5161017	5161020	IS_AST_PARENT	
5161015	5161017	IS_AST_PARENT	
5161014	5161015	IS_AST_PARENT	
5160783	5161014	IS_AST_PARENT	
5161031	5161032	IS_AST_PARENT	
5161033	5161034	IS_AST_PARENT	
5161033	5161035	IS_AST_PARENT	
5161031	5161033	IS_AST_PARENT	
5161030	5161031	IS_AST_PARENT	
5161036	5161037	IS_AST_PARENT	
5161038	5161039	IS_AST_PARENT	
5161038	5161040	IS_AST_PARENT	
5161036	5161038	IS_AST_PARENT	
5161030	5161036	IS_AST_PARENT	
5161029	5161030	IS_AST_PARENT	
5161028	5161029	IS_AST_PARENT	
5161044	5161045	IS_AST_PARENT	
5161043	5161044	IS_AST_PARENT	
5161047	5161048	IS_AST_PARENT	
5161046	5161047	IS_AST_PARENT	
5161043	5161046	IS_AST_PARENT	
5161042	5161043	IS_AST_PARENT	
5161041	5161042	IS_AST_PARENT	
5161028	5161041	IS_AST_PARENT	
5160783	5161028	IS_AST_PARENT	
5161050	5161051	IS_AST_PARENT	
5161052	5161053	IS_AST_PARENT	
5161055	5161056	IS_AST_PARENT	
5161054	5161055	IS_AST_PARENT	
5161058	5161059	IS_AST_PARENT	
5161057	5161058	IS_AST_PARENT	
5161054	5161057	IS_AST_PARENT	
5161052	5161054	IS_AST_PARENT	
5161050	5161052	IS_AST_PARENT	
5161049	5161050	IS_AST_PARENT	
5160783	5161049	IS_AST_PARENT	
5161061	5161062	IS_AST_PARENT	
5161063	5161064	IS_AST_PARENT	
5161066	5161067	IS_AST_PARENT	
5161065	5161066	IS_AST_PARENT	
5161069	5161070	IS_AST_PARENT	
5161068	5161069	IS_AST_PARENT	
5161065	5161068	IS_AST_PARENT	
5161063	5161065	IS_AST_PARENT	
5161061	5161063	IS_AST_PARENT	
5161060	5161061	IS_AST_PARENT	
5160783	5161060	IS_AST_PARENT	
5161072	5161073	IS_AST_PARENT	
5161074	5161075	IS_AST_PARENT	
5161074	5161076	IS_AST_PARENT	
5161072	5161074	IS_AST_PARENT	
5161071	5161072	IS_AST_PARENT	
5160783	5161071	IS_AST_PARENT	
5161078	5161079	IS_AST_PARENT	
5161080	5161081	IS_AST_PARENT	
5161083	5161084	IS_AST_PARENT	
5161082	5161083	IS_AST_PARENT	
5161086	5161087	IS_AST_PARENT	
5161085	5161086	IS_AST_PARENT	
5161082	5161085	IS_AST_PARENT	
5161080	5161082	IS_AST_PARENT	
5161078	5161080	IS_AST_PARENT	
5161077	5161078	IS_AST_PARENT	
5160783	5161077	IS_AST_PARENT	
5161089	5161090	IS_AST_PARENT	
5161091	5161092	IS_AST_PARENT	
5161094	5161095	IS_AST_PARENT	
5161093	5161094	IS_AST_PARENT	
5161097	5161098	IS_AST_PARENT	
5161096	5161097	IS_AST_PARENT	
5161093	5161096	IS_AST_PARENT	
5161091	5161093	IS_AST_PARENT	
5161089	5161091	IS_AST_PARENT	
5161088	5161089	IS_AST_PARENT	
5160783	5161088	IS_AST_PARENT	
5161101	5161102	IS_AST_PARENT	
5161100	5161101	IS_AST_PARENT	
5161104	5161105	IS_AST_PARENT	
5161103	5161104	IS_AST_PARENT	
5161106	5161107	IS_AST_PARENT	
5161103	5161106	IS_AST_PARENT	
5161108	5161109	IS_AST_PARENT	
5161103	5161108	IS_AST_PARENT	
5161100	5161103	IS_AST_PARENT	
5161099	5161100	IS_AST_PARENT	
5160783	5161099	IS_AST_PARENT	
5161111	5161112	IS_AST_PARENT	
5161113	5161114	IS_AST_PARENT	
5161113	5161115	IS_AST_PARENT	
5161111	5161113	IS_AST_PARENT	
5161110	5161111	IS_AST_PARENT	
5160783	5161110	IS_AST_PARENT	
5161117	5161118	IS_AST_PARENT	
5161119	5161120	IS_AST_PARENT	
5161119	5161121	IS_AST_PARENT	
5161117	5161119	IS_AST_PARENT	
5161116	5161117	IS_AST_PARENT	
5160783	5161116	IS_AST_PARENT	
5161124	5161125	IS_AST_PARENT	
5161124	5161126	IS_AST_PARENT	
5161123	5161124	IS_AST_PARENT	
5161122	5161123	IS_AST_PARENT	
5161133	5161134	IS_AST_PARENT	
5161133	5161135	IS_AST_PARENT	
5161132	5161133	IS_AST_PARENT	
5161136	5161137	IS_AST_PARENT	
5161136	5161138	IS_AST_PARENT	
5161132	5161136	IS_AST_PARENT	
5161131	5161132	IS_AST_PARENT	
5161139	5161140	IS_AST_PARENT	
5161139	5161141	IS_AST_PARENT	
5161131	5161139	IS_AST_PARENT	
5161130	5161131	IS_AST_PARENT	
5161144	5161145	IS_AST_PARENT	
5161144	5161146	IS_AST_PARENT	
5161143	5161144	IS_AST_PARENT	
5161147	5161148	IS_AST_PARENT	
5161147	5161149	IS_AST_PARENT	
5161143	5161147	IS_AST_PARENT	
5161142	5161143	IS_AST_PARENT	
5161150	5161151	IS_AST_PARENT	
5161150	5161152	IS_AST_PARENT	
5161142	5161150	IS_AST_PARENT	
5161130	5161142	IS_AST_PARENT	
5161129	5161130	IS_AST_PARENT	
5161128	5161129	IS_AST_PARENT	
5161156	5161157	IS_AST_PARENT	
5161155	5161156	IS_AST_PARENT	
5161159	5161160	IS_AST_PARENT	
5161158	5161159	IS_AST_PARENT	
5161161	5161162	IS_AST_PARENT	
5161158	5161161	IS_AST_PARENT	
5161163	5161164	IS_AST_PARENT	
5161158	5161163	IS_AST_PARENT	
5161166	5161167	IS_AST_PARENT	
5161166	5161168	IS_AST_PARENT	
5161165	5161166	IS_AST_PARENT	
5161158	5161165	IS_AST_PARENT	
5161155	5161158	IS_AST_PARENT	
5161154	5161155	IS_AST_PARENT	
5161153	5161154	IS_AST_PARENT	
5161128	5161153	IS_AST_PARENT	
5161172	5161173	IS_AST_PARENT	
5161172	5161174	IS_AST_PARENT	
5161171	5161172	IS_AST_PARENT	
5161175	5161176	IS_AST_PARENT	
5161175	5161177	IS_AST_PARENT	
5161171	5161175	IS_AST_PARENT	
5161170	5161171	IS_AST_PARENT	
5161179	5161180	IS_AST_PARENT	
5161179	5161181	IS_AST_PARENT	
5161182	5161183	IS_AST_PARENT	
5161185	5161186	IS_AST_PARENT	
5161185	5161187	IS_AST_PARENT	
5161184	5161185	IS_AST_PARENT	
5161188	5161189	IS_AST_PARENT	
5161188	5161190	IS_AST_PARENT	
5161184	5161188	IS_AST_PARENT	
5161182	5161184	IS_AST_PARENT	
5161179	5161182	IS_AST_PARENT	
5161178	5161179	IS_AST_PARENT	
5161170	5161178	IS_AST_PARENT	
5161192	5161193	IS_AST_PARENT	
5161192	5161194	IS_AST_PARENT	
5161195	5161196	IS_AST_PARENT	
5161198	5161199	IS_AST_PARENT	
5161198	5161200	IS_AST_PARENT	
5161197	5161198	IS_AST_PARENT	
5161201	5161202	IS_AST_PARENT	
5161201	5161203	IS_AST_PARENT	
5161197	5161201	IS_AST_PARENT	
5161195	5161197	IS_AST_PARENT	
5161192	5161195	IS_AST_PARENT	
5161191	5161192	IS_AST_PARENT	
5161170	5161191	IS_AST_PARENT	
5161205	5161206	IS_AST_PARENT	
5161205	5161207	IS_AST_PARENT	
5161204	5161205	IS_AST_PARENT	
5161208	5161209	IS_AST_PARENT	
5161208	5161210	IS_AST_PARENT	
5161204	5161208	IS_AST_PARENT	
5161170	5161204	IS_AST_PARENT	
5161212	5161213	IS_AST_PARENT	
5161214	5161215	IS_AST_PARENT	
5161217	5161218	IS_AST_PARENT	
5161216	5161217	IS_AST_PARENT	
5161222	5161223	IS_AST_PARENT	
5161222	5161224	IS_AST_PARENT	
5161221	5161222	IS_AST_PARENT	
5161221	5161225	IS_AST_PARENT	
5161220	5161221	IS_AST_PARENT	
5161219	5161220	IS_AST_PARENT	
5161227	5161228	IS_AST_PARENT	
5161229	5161230	IS_AST_PARENT	
5161229	5161231	IS_AST_PARENT	
5161227	5161229	IS_AST_PARENT	
5161226	5161227	IS_AST_PARENT	
5161219	5161226	IS_AST_PARENT	
5161232	5161233	IS_AST_PARENT	
5161219	5161232	IS_AST_PARENT	
5161216	5161219	IS_AST_PARENT	
5161214	5161216	IS_AST_PARENT	
5161212	5161214	IS_AST_PARENT	
5161211	5161212	IS_AST_PARENT	
5161170	5161211	IS_AST_PARENT	
5161236	5161237	IS_AST_PARENT	
5161236	5161238	IS_AST_PARENT	
5161235	5161236	IS_AST_PARENT	
5161234	5161235	IS_AST_PARENT	
5161241	5161242	IS_AST_PARENT	
5161240	5161241	IS_AST_PARENT	
5161244	5161245	IS_AST_PARENT	
5161243	5161244	IS_AST_PARENT	
5161240	5161243	IS_AST_PARENT	
5161239	5161240	IS_AST_PARENT	
5161234	5161239	IS_AST_PARENT	
5161170	5161234	IS_AST_PARENT	
5161247	5161248	IS_AST_PARENT	
5161249	5161250	IS_AST_PARENT	
5161252	5161253	IS_AST_PARENT	
5161251	5161252	IS_AST_PARENT	
5161257	5161258	IS_AST_PARENT	
5161257	5161259	IS_AST_PARENT	
5161256	5161257	IS_AST_PARENT	
5161256	5161260	IS_AST_PARENT	
5161255	5161256	IS_AST_PARENT	
5161254	5161255	IS_AST_PARENT	
5161262	5161263	IS_AST_PARENT	
5161264	5161265	IS_AST_PARENT	
5161264	5161266	IS_AST_PARENT	
5161262	5161264	IS_AST_PARENT	
5161261	5161262	IS_AST_PARENT	
5161254	5161261	IS_AST_PARENT	
5161267	5161268	IS_AST_PARENT	
5161254	5161267	IS_AST_PARENT	
5161251	5161254	IS_AST_PARENT	
5161249	5161251	IS_AST_PARENT	
5161247	5161249	IS_AST_PARENT	
5161246	5161247	IS_AST_PARENT	
5161170	5161246	IS_AST_PARENT	
5161271	5161272	IS_AST_PARENT	
5161271	5161273	IS_AST_PARENT	
5161270	5161271	IS_AST_PARENT	
5161269	5161270	IS_AST_PARENT	
5161276	5161277	IS_AST_PARENT	
5161275	5161276	IS_AST_PARENT	
5161279	5161280	IS_AST_PARENT	
5161278	5161279	IS_AST_PARENT	
5161275	5161278	IS_AST_PARENT	
5161274	5161275	IS_AST_PARENT	
5161269	5161274	IS_AST_PARENT	
5161170	5161269	IS_AST_PARENT	
5161283	5161284	IS_AST_PARENT	
5161283	5161285	IS_AST_PARENT	
5161282	5161283	IS_AST_PARENT	
5161281	5161282	IS_AST_PARENT	
5161287	5161288	IS_AST_PARENT	
5161289	5161290	IS_AST_PARENT	
5161289	5161291	IS_AST_PARENT	
5161287	5161289	IS_AST_PARENT	
5161286	5161287	IS_AST_PARENT	
5161281	5161286	IS_AST_PARENT	
5161292	5161293	IS_AST_PARENT	
5161292	5161294	IS_AST_PARENT	
5161281	5161292	IS_AST_PARENT	
5161297	5161298	IS_AST_PARENT	
5161297	5161299	IS_AST_PARENT	
5161300	5161301	IS_AST_PARENT	
5161300	5161302	IS_AST_PARENT	
5161297	5161300	IS_AST_PARENT	
5161296	5161297	IS_AST_PARENT	
5161295	5161296	IS_AST_PARENT	
5161304	5161305	IS_AST_PARENT	
5161304	5161306	IS_AST_PARENT	
5161307	5161308	IS_AST_PARENT	
5161307	5161309	IS_AST_PARENT	
5161304	5161307	IS_AST_PARENT	
5161303	5161304	IS_AST_PARENT	
5161295	5161303	IS_AST_PARENT	
5161311	5161312	IS_AST_PARENT	
5161311	5161313	IS_AST_PARENT	
5161314	5161315	IS_AST_PARENT	
5161314	5161316	IS_AST_PARENT	
5161311	5161314	IS_AST_PARENT	
5161310	5161311	IS_AST_PARENT	
5161295	5161310	IS_AST_PARENT	
5161318	5161319	IS_AST_PARENT	
5161318	5161320	IS_AST_PARENT	
5161321	5161322	IS_AST_PARENT	
5161321	5161323	IS_AST_PARENT	
5161318	5161321	IS_AST_PARENT	
5161317	5161318	IS_AST_PARENT	
5161295	5161317	IS_AST_PARENT	
5161326	5161327	IS_AST_PARENT	
5161326	5161328	IS_AST_PARENT	
5161325	5161326	IS_AST_PARENT	
5161324	5161325	IS_AST_PARENT	
5161330	5161331	IS_AST_PARENT	
5161332	5161333	IS_AST_PARENT	
5161332	5161334	IS_AST_PARENT	
5161330	5161332	IS_AST_PARENT	
5161329	5161330	IS_AST_PARENT	
5161324	5161329	IS_AST_PARENT	
5161335	5161336	IS_AST_PARENT	
5161335	5161337	IS_AST_PARENT	
5161324	5161335	IS_AST_PARENT	
5161341	5161342	IS_AST_PARENT	
5161340	5161341	IS_AST_PARENT	
5161344	5161345	IS_AST_PARENT	
5161343	5161344	IS_AST_PARENT	
5161346	5161347	IS_AST_PARENT	
5161343	5161346	IS_AST_PARENT	
5161348	5161349	IS_AST_PARENT	
5161343	5161348	IS_AST_PARENT	
5161340	5161343	IS_AST_PARENT	
5161339	5161340	IS_AST_PARENT	
5161338	5161339	IS_AST_PARENT	
5161351	5161352	IS_AST_PARENT	
5161351	5161353	IS_AST_PARENT	
5161350	5161351	IS_AST_PARENT	
5161338	5161350	IS_AST_PARENT	
5161355	5161356	IS_AST_PARENT	
5161357	5161358	IS_AST_PARENT	
5161357	5161359	IS_AST_PARENT	
5161355	5161357	IS_AST_PARENT	
5161354	5161355	IS_AST_PARENT	
5161338	5161354	IS_AST_PARENT	
5161324	5161338	IS_AST_PARENT	
5161295	5161324	IS_AST_PARENT	
5161362	5161363	IS_AST_PARENT	
5161361	5161362	IS_AST_PARENT	
5161365	5161366	IS_AST_PARENT	
5161364	5161365	IS_AST_PARENT	
5161367	5161368	IS_AST_PARENT	
5161364	5161367	IS_AST_PARENT	
5161369	5161370	IS_AST_PARENT	
5161364	5161369	IS_AST_PARENT	
5161372	5161373	IS_AST_PARENT	
5161372	5161374	IS_AST_PARENT	
5161371	5161372	IS_AST_PARENT	
5161364	5161371	IS_AST_PARENT	
5161361	5161364	IS_AST_PARENT	
5161360	5161361	IS_AST_PARENT	
5161295	5161360	IS_AST_PARENT	
5161377	5161378	IS_AST_PARENT	
5161377	5161379	IS_AST_PARENT	
5161376	5161377	IS_AST_PARENT	
5161375	5161376	IS_AST_PARENT	
5161381	5161382	IS_AST_PARENT	
5161383	5161384	IS_AST_PARENT	
5161383	5161385	IS_AST_PARENT	
5161381	5161383	IS_AST_PARENT	
5161380	5161381	IS_AST_PARENT	
5161375	5161380	IS_AST_PARENT	
5161386	5161387	IS_AST_PARENT	
5161386	5161388	IS_AST_PARENT	
5161375	5161386	IS_AST_PARENT	
5161392	5161393	IS_AST_PARENT	
5161391	5161392	IS_AST_PARENT	
5161395	5161396	IS_AST_PARENT	
5161394	5161395	IS_AST_PARENT	
5161397	5161398	IS_AST_PARENT	
5161394	5161397	IS_AST_PARENT	
5161399	5161400	IS_AST_PARENT	
5161394	5161399	IS_AST_PARENT	
5161391	5161394	IS_AST_PARENT	
5161390	5161391	IS_AST_PARENT	
5161389	5161390	IS_AST_PARENT	
5161402	5161403	IS_AST_PARENT	
5161402	5161404	IS_AST_PARENT	
5161401	5161402	IS_AST_PARENT	
5161389	5161401	IS_AST_PARENT	
5161406	5161407	IS_AST_PARENT	
5161408	5161409	IS_AST_PARENT	
5161408	5161410	IS_AST_PARENT	
5161406	5161408	IS_AST_PARENT	
5161405	5161406	IS_AST_PARENT	
5161389	5161405	IS_AST_PARENT	
5161375	5161389	IS_AST_PARENT	
5161295	5161375	IS_AST_PARENT	
5161412	5161413	IS_AST_PARENT	
5161414	5161415	IS_AST_PARENT	
5161414	5161416	IS_AST_PARENT	
5161412	5161414	IS_AST_PARENT	
5161411	5161412	IS_AST_PARENT	
5161295	5161411	IS_AST_PARENT	
5161418	5161419	IS_AST_PARENT	
5161420	5161421	IS_AST_PARENT	
5161420	5161422	IS_AST_PARENT	
5161418	5161420	IS_AST_PARENT	
5161417	5161418	IS_AST_PARENT	
5161295	5161417	IS_AST_PARENT	
5161281	5161295	IS_AST_PARENT	
5161170	5161281	IS_AST_PARENT	
5161425	5161426	IS_AST_PARENT	
5161424	5161425	IS_AST_PARENT	
5161430	5161431	IS_AST_PARENT	
5161430	5161432	IS_AST_PARENT	
5161429	5161430	IS_AST_PARENT	
5161429	5161433	IS_AST_PARENT	
5161428	5161429	IS_AST_PARENT	
5161427	5161428	IS_AST_PARENT	
5161434	5161435	IS_AST_PARENT	
5161427	5161434	IS_AST_PARENT	
5161436	5161437	IS_AST_PARENT	
5161427	5161436	IS_AST_PARENT	
5161424	5161427	IS_AST_PARENT	
5161423	5161424	IS_AST_PARENT	
5161170	5161423	IS_AST_PARENT	
5161440	5161441	IS_AST_PARENT	
5161439	5161440	IS_AST_PARENT	
5161445	5161446	IS_AST_PARENT	
5161445	5161447	IS_AST_PARENT	
5161444	5161445	IS_AST_PARENT	
5161444	5161448	IS_AST_PARENT	
5161443	5161444	IS_AST_PARENT	
5161442	5161443	IS_AST_PARENT	
5161449	5161450	IS_AST_PARENT	
5161442	5161449	IS_AST_PARENT	
5161451	5161452	IS_AST_PARENT	
5161442	5161451	IS_AST_PARENT	
5161439	5161442	IS_AST_PARENT	
5161438	5161439	IS_AST_PARENT	
5161170	5161438	IS_AST_PARENT	
5161169	5161170	IS_AST_PARENT	
5161128	5161169	IS_AST_PARENT	
5161127	5161128	IS_AST_PARENT	
5161122	5161127	IS_AST_PARENT	
5161457	5161458	IS_AST_PARENT	
5161457	5161459	IS_AST_PARENT	
5161456	5161457	IS_AST_PARENT	
5161455	5161456	IS_AST_PARENT	
5161461	5161462	IS_AST_PARENT	
5161463	5161464	IS_AST_PARENT	
5161463	5161465	IS_AST_PARENT	
5161461	5161463	IS_AST_PARENT	
5161460	5161461	IS_AST_PARENT	
5161455	5161460	IS_AST_PARENT	
5161466	5161467	IS_AST_PARENT	
5161466	5161468	IS_AST_PARENT	
5161455	5161466	IS_AST_PARENT	
5161472	5161473	IS_AST_PARENT	
5161471	5161472	IS_AST_PARENT	
5161475	5161476	IS_AST_PARENT	
5161474	5161475	IS_AST_PARENT	
5161477	5161478	IS_AST_PARENT	
5161474	5161477	IS_AST_PARENT	
5161479	5161480	IS_AST_PARENT	
5161474	5161479	IS_AST_PARENT	
5161482	5161483	IS_AST_PARENT	
5161482	5161484	IS_AST_PARENT	
5161481	5161482	IS_AST_PARENT	
5161474	5161481	IS_AST_PARENT	
5161471	5161474	IS_AST_PARENT	
5161470	5161471	IS_AST_PARENT	
5161469	5161470	IS_AST_PARENT	
5161486	5161487	IS_AST_PARENT	
5161488	5161489	IS_AST_PARENT	
5161488	5161490	IS_AST_PARENT	
5161486	5161488	IS_AST_PARENT	
5161485	5161486	IS_AST_PARENT	
5161469	5161485	IS_AST_PARENT	
5161492	5161493	IS_AST_PARENT	
5161494	5161495	IS_AST_PARENT	
5161494	5161496	IS_AST_PARENT	
5161492	5161494	IS_AST_PARENT	
5161491	5161492	IS_AST_PARENT	
5161469	5161491	IS_AST_PARENT	
5161455	5161469	IS_AST_PARENT	
5161454	5161455	IS_AST_PARENT	
5161453	5161454	IS_AST_PARENT	
5161122	5161453	IS_AST_PARENT	
5160783	5161122	IS_AST_PARENT	
5161498	5161499	IS_AST_PARENT	
5161501	5161502	IS_AST_PARENT	
5161500	5161501	IS_AST_PARENT	
5161504	5161505	IS_AST_PARENT	
5161503	5161504	IS_AST_PARENT	
5161506	5161507	IS_AST_PARENT	
5161503	5161506	IS_AST_PARENT	
5161500	5161503	IS_AST_PARENT	
5161498	5161500	IS_AST_PARENT	
5161497	5161498	IS_AST_PARENT	
5160783	5161497	IS_AST_PARENT	
5161509	5161510	IS_AST_PARENT	
5161512	5161513	IS_AST_PARENT	
5161511	5161512	IS_AST_PARENT	
5161515	5161516	IS_AST_PARENT	
5161514	5161515	IS_AST_PARENT	
5161517	5161518	IS_AST_PARENT	
5161514	5161517	IS_AST_PARENT	
5161511	5161514	IS_AST_PARENT	
5161509	5161511	IS_AST_PARENT	
5161508	5161509	IS_AST_PARENT	
5160783	5161508	IS_AST_PARENT	
5161521	5161522	IS_AST_PARENT	
5161520	5161521	IS_AST_PARENT	
5161525	5161526	IS_AST_PARENT	
5161525	5161527	IS_AST_PARENT	
5161524	5161525	IS_AST_PARENT	
5161523	5161524	IS_AST_PARENT	
5161529	5161530	IS_AST_PARENT	
5161529	5161531	IS_AST_PARENT	
5161528	5161529	IS_AST_PARENT	
5161523	5161528	IS_AST_PARENT	
5161533	5161534	IS_AST_PARENT	
5161533	5161535	IS_AST_PARENT	
5161532	5161533	IS_AST_PARENT	
5161523	5161532	IS_AST_PARENT	
5161536	5161537	IS_AST_PARENT	
5161523	5161536	IS_AST_PARENT	
5161520	5161523	IS_AST_PARENT	
5161519	5161520	IS_AST_PARENT	
5160783	5161519	IS_AST_PARENT	
5161540	5161541	IS_AST_PARENT	
5161539	5161540	IS_AST_PARENT	
5161544	5161545	IS_AST_PARENT	
5161544	5161546	IS_AST_PARENT	
5161543	5161544	IS_AST_PARENT	
5161542	5161543	IS_AST_PARENT	
5161548	5161549	IS_AST_PARENT	
5161548	5161550	IS_AST_PARENT	
5161547	5161548	IS_AST_PARENT	
5161542	5161547	IS_AST_PARENT	
5161552	5161553	IS_AST_PARENT	
5161552	5161554	IS_AST_PARENT	
5161551	5161552	IS_AST_PARENT	
5161542	5161551	IS_AST_PARENT	
5161555	5161556	IS_AST_PARENT	
5161542	5161555	IS_AST_PARENT	
5161539	5161542	IS_AST_PARENT	
5161538	5161539	IS_AST_PARENT	
5160783	5161538	IS_AST_PARENT	
5161559	5161560	IS_AST_PARENT	
5161558	5161559	IS_AST_PARENT	
5161562	5161563	IS_AST_PARENT	
5161561	5161562	IS_AST_PARENT	
5161558	5161561	IS_AST_PARENT	
5161557	5161558	IS_AST_PARENT	
5160783	5161557	IS_AST_PARENT	
5161566	5161567	IS_AST_PARENT	
5161565	5161566	IS_AST_PARENT	
5161569	5161570	IS_AST_PARENT	
5161568	5161569	IS_AST_PARENT	
5161565	5161568	IS_AST_PARENT	
5161564	5161565	IS_AST_PARENT	
5160783	5161564	IS_AST_PARENT	
5161571	5161572	IS_AST_PARENT	
5160783	5161571	IS_AST_PARENT	
5160782	5160783	IS_AST_PARENT	
5160782	5161573	IS_AST_PARENT	
5160782	5161574	IS_AST_PARENT	
5161576	5161577	IS_AST_PARENT	
5161576	5161578	IS_AST_PARENT	
5161575	5161576	IS_AST_PARENT	
5161579	5161580	IS_AST_PARENT	
5161579	5161581	IS_AST_PARENT	
5161575	5161579	IS_AST_PARENT	
5161582	5161583	IS_AST_PARENT	
5161582	5161584	IS_AST_PARENT	
5161575	5161582	IS_AST_PARENT	
5161585	5161586	IS_AST_PARENT	
5161585	5161587	IS_AST_PARENT	
5161575	5161585	IS_AST_PARENT	
5161588	5161589	IS_AST_PARENT	
5161588	5161590	IS_AST_PARENT	
5161575	5161588	IS_AST_PARENT	
5161591	5161592	IS_AST_PARENT	
5161591	5161593	IS_AST_PARENT	
5161575	5161591	IS_AST_PARENT	
5160782	5161575	IS_AST_PARENT	
5161594	5161576	FLOWS_TO	
5161576	5161579	FLOWS_TO	
5161579	5161582	FLOWS_TO	
5161582	5161585	FLOWS_TO	
5161585	5161588	FLOWS_TO	
5161588	5161591	FLOWS_TO	
5161591	5160784	FLOWS_TO	
5160784	5160795	FLOWS_TO	
5160795	5160808	FLOWS_TO	
5160808	5160824	FLOWS_TO	
5160824	5160831	FLOWS_TO	
5160831	5160838	FLOWS_TO	
5160838	5160857	FLOWS_TO	
5160857	5160876	FLOWS_TO	
5160876	5160882	FLOWS_TO	
5160882	5160893	FLOWS_TO	
5160893	5160899	FLOWS_TO	
5160899	5160910	FLOWS_TO	
5160910	5160917	FLOWS_TO	
5160917	5160921	FLOWS_TO	
5160917	5160925	FLOWS_TO	
5160921	5160925	FLOWS_TO	
5160925	5160936	FLOWS_TO	
5160936	5160943	FLOWS_TO	
5160943	5160947	FLOWS_TO	
5160943	5160951	FLOWS_TO	
5160947	5160951	FLOWS_TO	
5160951	5160962	FLOWS_TO	
5160962	5160970	FLOWS_TO	
5160970	5160981	FLOWS_TO	
5160981	5160989	FLOWS_TO	
5160989	5161000	FLOWS_TO	
5161000	5161014	FLOWS_TO	
5161014	5161029	FLOWS_TO	
5161029	5161042	FLOWS_TO	
5161029	5161049	FLOWS_TO	
5161042	5161049	FLOWS_TO	
5161049	5161060	FLOWS_TO	
5161060	5161071	FLOWS_TO	
5161071	5161077	FLOWS_TO	
5161077	5161088	FLOWS_TO	
5161088	5161099	FLOWS_TO	
5161099	5161110	FLOWS_TO	
5161110	5161116	FLOWS_TO	
5161116	5161123	FLOWS_TO	
5161123	5161129	FLOWS_TO	
5161123	5161456	FLOWS_TO	
5161129	5161154	FLOWS_TO	
5161129	5161171	FLOWS_TO	
5161154	5161497	FLOWS_TO	
5161171	5161178	FLOWS_TO	
5161178	5161191	FLOWS_TO	
5161191	5161204	FLOWS_TO	
5161204	5161211	FLOWS_TO	
5161211	5161235	FLOWS_TO	
5161235	5161239	FLOWS_TO	
5161235	5161246	FLOWS_TO	
5161239	5161246	FLOWS_TO	
5161246	5161270	FLOWS_TO	
5161270	5161274	FLOWS_TO	
5161270	5161282	FLOWS_TO	
5161274	5161282	FLOWS_TO	
5161286	5161296	FLOWS_TO	
5161286	5161423	FLOWS_TO	
5161282	5161286	FLOWS_TO	
5161292	5161286	FLOWS_TO	
5161296	5161303	FLOWS_TO	
5161303	5161310	FLOWS_TO	
5161310	5161317	FLOWS_TO	
5161317	5161325	FLOWS_TO	
5161329	5161339	FLOWS_TO	
5161329	5161360	FLOWS_TO	
5161325	5161329	FLOWS_TO	
5161335	5161329	FLOWS_TO	
5161339	5161350	FLOWS_TO	
5161350	5161354	FLOWS_TO	
5161354	5161335	FLOWS_TO	
5161360	5161376	FLOWS_TO	
5161380	5161390	FLOWS_TO	
5161380	5161411	FLOWS_TO	
5161376	5161380	FLOWS_TO	
5161386	5161380	FLOWS_TO	
5161390	5161401	FLOWS_TO	
5161401	5161405	FLOWS_TO	
5161405	5161386	FLOWS_TO	
5161411	5161417	FLOWS_TO	
5161417	5161292	FLOWS_TO	
5161423	5161438	FLOWS_TO	
5161438	5161497	FLOWS_TO	
5161460	5161470	FLOWS_TO	
5161460	5161497	FLOWS_TO	
5161456	5161460	FLOWS_TO	
5161466	5161460	FLOWS_TO	
5161470	5161485	FLOWS_TO	
5161485	5161491	FLOWS_TO	
5161491	5161466	FLOWS_TO	
5161497	5161508	FLOWS_TO	
5161508	5161519	FLOWS_TO	
5161519	5161538	FLOWS_TO	
5161538	5161557	FLOWS_TO	
5161557	5161564	FLOWS_TO	
5161564	5161571	FLOWS_TO	
5161571	5161595	FLOWS_TO	
5161579	5161596	DEF	
5160784	5161596	USE	
5160792	5161596	USE	
5161029	5161597	USE	
5161211	5161597	USE	
5161226	5161597	USE	
5161329	5161597	USE	
5161585	5161598	DEF	
5160893	5161598	USE	
5160896	5161598	USE	
5160936	5161598	USE	
5160939	5161598	USE	
5160981	5161598	USE	
5160986	5161598	USE	
5161029	5161598	USE	
5161038	5161598	USE	
5161129	5161598	USE	
5161144	5161598	USE	
5161150	5161598	USE	
5161147	5161598	USE	
5161191	5161598	USE	
5161201	5161598	USE	
5161198	5161598	USE	
5161246	5161598	USE	
5161264	5161598	USE	
5161380	5161598	USE	
5161383	5161598	USE	
5161405	5161598	USE	
5161408	5161598	USE	
5161417	5161598	USE	
5161420	5161598	USE	
5161491	5161598	USE	
5161494	5161598	USE	
5161538	5161598	USE	
5161552	5161598	USE	
5160831	5161599	DEF	
5160835	5161599	DEF	
5161508	5161599	DEF	
5161509	5161599	DEF	
5161538	5161599	USE	
5161555	5161599	USE	
5161564	5161599	USE	
5161569	5161599	USE	
5161129	5161600	USE	
5161129	5161601	USE	
5161286	5161601	USE	
5161460	5161601	USE	
5160795	5161602	DEF	
5160799	5161602	DEF	
5160857	5161602	DEF	
5160858	5161602	DEF	
5160899	5161602	USE	
5160900	5161602	USE	
5160899	5161602	DEF	
5160900	5161602	DEF	
5160951	5161602	USE	
5160952	5161602	USE	
5160951	5161602	DEF	
5160952	5161602	DEF	
5160989	5161602	USE	
5160990	5161602	USE	
5160989	5161602	DEF	
5160990	5161602	DEF	
5161060	5161602	DEF	
5161061	5161602	DEF	
5161060	5161602	USE	
5161061	5161602	USE	
5161088	5161602	USE	
5161089	5161602	USE	
5161088	5161602	DEF	
5161089	5161602	DEF	
5161099	5161602	USE	
5161108	5161602	USE	
5160936	5161603	USE	
5160937	5161603	USE	
5161191	5161603	USE	
5161195	5161603	USE	
5161317	5161604	DEF	
5161318	5161604	DEF	
5161390	5161604	USE	
5161395	5161604	USE	
5161405	5161604	USE	
5161406	5161604	USE	
5161405	5161604	DEF	
5161406	5161604	DEF	
5160893	5161605	USE	
5160894	5161605	USE	
5160936	5161605	USE	
5160937	5161605	USE	
5160981	5161605	USE	
5160982	5161605	USE	
5161029	5161605	USE	
5161129	5161605	USE	
5161191	5161605	USE	
5161195	5161605	USE	
5161246	5161605	USE	
5161261	5161605	USE	
5161380	5161605	USE	
5161405	5161605	USE	
5161406	5161605	USE	
5161417	5161605	USE	
5161418	5161605	USE	
5161491	5161605	USE	
5161492	5161605	USE	
5161538	5161605	USE	
5161551	5161605	USE	
5161171	5161606	DEF	
5161172	5161606	DEF	
5161246	5161606	DEF	
5161247	5161606	DEF	
5161270	5161606	USE	
5161310	5161606	USE	
5161314	5161606	USE	
5161310	5161606	DEF	
5161314	5161606	DEF	
5161360	5161606	USE	
5161369	5161606	USE	
5161438	5161606	USE	
5161449	5161606	USE	
5161576	5161607	DEF	
5161211	5161607	USE	
5161222	5161607	USE	
5161246	5161607	USE	
5161257	5161607	USE	
5161423	5161607	USE	
5161430	5161607	USE	
5161438	5161607	USE	
5161445	5161607	USE	
5161296	5161608	DEF	
5161297	5161608	DEF	
5161339	5161608	USE	
5161344	5161608	USE	
5161350	5161608	DEF	
5161351	5161608	DEF	
5161350	5161608	USE	
5161351	5161608	USE	
5161497	5161609	USE	
5161498	5161609	USE	
5161508	5161609	USE	
5161509	5161609	USE	
5160824	5161610	DEF	
5160828	5161610	DEF	
5161116	5161610	DEF	
5161117	5161610	DEF	
5161154	5161610	USE	
5161163	5161610	USE	
5161317	5161610	USE	
5161321	5161610	USE	
5161317	5161610	DEF	
5161321	5161610	DEF	
5161417	5161610	DEF	
5161418	5161610	DEF	
5161417	5161610	USE	
5161418	5161610	USE	
5161470	5161610	USE	
5161479	5161610	USE	
5161491	5161610	DEF	
5161492	5161610	DEF	
5161491	5161610	USE	
5161492	5161610	USE	
5161049	5161611	USE	
5161050	5161611	USE	
5161060	5161611	USE	
5161061	5161611	USE	
5160882	5161612	USE	
5160883	5161612	USE	
5160899	5161612	USE	
5160900	5161612	USE	
5161417	5161613	USE	
5161418	5161613	USE	
5161491	5161613	USE	
5161492	5161613	USE	
5161538	5161613	USE	
5161551	5161613	USE	
5161235	5161614	USE	
5161270	5161614	USE	
5160808	5161615	DEF	
5160809	5161615	DEF	
5160876	5161615	DEF	
5160877	5161615	DEF	
5160882	5161615	USE	
5160891	5161615	USE	
5160893	5161615	DEF	
5160894	5161615	DEF	
5160899	5161615	USE	
5160908	5161615	USE	
5160831	5161616	DEF	
5160832	5161616	DEF	
5161497	5161616	DEF	
5161498	5161616	DEF	
5161519	5161616	USE	
5161536	5161616	USE	
5161557	5161616	USE	
5161562	5161616	USE	
5160962	5161617	USE	
5160963	5161617	USE	
5161071	5161618	USE	
5161072	5161618	USE	
5160925	5161619	USE	
5160926	5161619	USE	
5160951	5161619	USE	
5160952	5161619	USE	
5161211	5161620	USE	
5161220	5161620	USE	
5161246	5161620	USE	
5161255	5161620	USE	
5161423	5161620	USE	
5161428	5161620	USE	
5161438	5161620	USE	
5161443	5161620	USE	
5160795	5161621	DEF	
5160796	5161621	DEF	
5160838	5161621	DEF	
5160839	5161621	DEF	
5160882	5161621	DEF	
5160883	5161621	DEF	
5160882	5161621	USE	
5160883	5161621	USE	
5160925	5161621	DEF	
5160926	5161621	DEF	
5160925	5161621	USE	
5160926	5161621	USE	
5160970	5161621	DEF	
5160971	5161621	DEF	
5160970	5161621	USE	
5160971	5161621	USE	
5161049	5161621	USE	
5161050	5161621	USE	
5161049	5161621	DEF	
5161050	5161621	DEF	
5161077	5161621	DEF	
5161078	5161621	DEF	
5161077	5161621	USE	
5161078	5161621	USE	
5161099	5161621	USE	
5161106	5161621	USE	
5160970	5161622	USE	
5160971	5161622	USE	
5160989	5161622	USE	
5160990	5161622	USE	
5160876	5161623	USE	
5160877	5161623	USE	
5161123	5161623	USE	
5160808	5161624	DEF	
5160812	5161624	DEF	
5160910	5161624	DEF	
5160911	5161624	DEF	
5160917	5161624	USE	
5160921	5161624	DEF	
5160922	5161624	DEF	
5160925	5161624	USE	
5160934	5161624	USE	
5160936	5161624	DEF	
5160937	5161624	DEF	
5160943	5161624	USE	
5160947	5161624	DEF	
5160948	5161624	DEF	
5160951	5161624	USE	
5160960	5161624	USE	
5161029	5161625	USE	
5161246	5161625	USE	
5161261	5161625	USE	
5161380	5161625	USE	
5161211	5161626	USE	
5161220	5161626	USE	
5161246	5161626	USE	
5161255	5161626	USE	
5161423	5161626	USE	
5161428	5161626	USE	
5161438	5161626	USE	
5161443	5161626	USE	
5161211	5161627	USE	
5161221	5161627	USE	
5161246	5161627	USE	
5161256	5161627	USE	
5161423	5161627	USE	
5161429	5161627	USE	
5161438	5161627	USE	
5161444	5161627	USE	
5160824	5161628	DEF	
5160825	5161628	DEF	
5161110	5161628	DEF	
5161111	5161628	DEF	
5161154	5161628	USE	
5161161	5161628	USE	
5161303	5161628	USE	
5161307	5161628	USE	
5161303	5161628	DEF	
5161307	5161628	DEF	
5161411	5161628	USE	
5161412	5161628	USE	
5161411	5161628	DEF	
5161412	5161628	DEF	
5161470	5161628	USE	
5161477	5161628	USE	
5161485	5161628	USE	
5161486	5161628	USE	
5161485	5161628	DEF	
5161486	5161628	DEF	
5160838	5161629	USE	
5160845	5161629	USE	
5160857	5161629	USE	
5160864	5161629	USE	
5161582	5161630	DEF	
5160876	5161630	USE	
5160879	5161630	USE	
5160910	5161630	USE	
5160913	5161630	USE	
5160962	5161630	USE	
5160967	5161630	USE	
5161029	5161630	USE	
5161033	5161630	USE	
5161071	5161630	USE	
5161074	5161630	USE	
5161123	5161630	USE	
5161124	5161630	USE	
5161129	5161630	USE	
5161133	5161630	USE	
5161139	5161630	USE	
5161136	5161630	USE	
5161154	5161630	USE	
5161166	5161630	USE	
5161178	5161630	USE	
5161185	5161630	USE	
5161188	5161630	USE	
5161211	5161630	USE	
5161229	5161630	USE	
5161286	5161630	USE	
5161289	5161630	USE	
5161329	5161630	USE	
5161332	5161630	USE	
5161354	5161630	USE	
5161357	5161630	USE	
5161360	5161630	USE	
5161372	5161630	USE	
5161411	5161630	USE	
5161414	5161630	USE	
5161460	5161630	USE	
5161463	5161630	USE	
5161470	5161630	USE	
5161482	5161630	USE	
5161485	5161630	USE	
5161488	5161630	USE	
5161519	5161630	USE	
5161533	5161630	USE	
5160876	5161631	USE	
5160877	5161631	USE	
5160910	5161631	USE	
5160911	5161631	USE	
5160962	5161631	USE	
5160963	5161631	USE	
5161029	5161631	USE	
5161071	5161631	USE	
5161072	5161631	USE	
5161123	5161631	USE	
5161129	5161631	USE	
5161154	5161631	USE	
5161165	5161631	USE	
5161178	5161631	USE	
5161182	5161631	USE	
5161211	5161631	USE	
5161226	5161631	USE	
5161286	5161631	USE	
5161329	5161631	USE	
5161354	5161631	USE	
5161355	5161631	USE	
5161360	5161631	USE	
5161371	5161631	USE	
5161411	5161631	USE	
5161412	5161631	USE	
5161460	5161631	USE	
5161470	5161631	USE	
5161481	5161631	USE	
5161485	5161631	USE	
5161486	5161631	USE	
5161519	5161631	USE	
5161532	5161631	USE	
5161303	5161632	DEF	
5161304	5161632	DEF	
5161339	5161632	USE	
5161346	5161632	USE	
5161354	5161632	DEF	
5161355	5161632	DEF	
5161354	5161632	USE	
5161355	5161632	USE	
5161077	5161633	USE	
5161078	5161633	USE	
5161088	5161633	USE	
5161089	5161633	USE	
5160857	5161634	USE	
5160869	5161634	USE	
5161014	5161634	USE	
5161021	5161634	USE	
5161171	5161635	DEF	
5161175	5161635	DEF	
5161211	5161635	DEF	
5161212	5161635	DEF	
5161235	5161635	USE	
5161296	5161635	USE	
5161300	5161635	USE	
5161296	5161635	DEF	
5161300	5161635	DEF	
5161360	5161635	USE	
5161367	5161635	USE	
5161423	5161635	USE	
5161434	5161635	USE	
5161129	5161636	USE	
5161405	5161636	USE	
5161406	5161636	USE	
5160981	5161637	USE	
5160982	5161637	USE	
5161178	5161638	DEF	
5161179	5161638	DEF	
5161182	5161638	DEF	
5161211	5161638	USE	
5161226	5161638	USE	
5161339	5161638	USE	
5161348	5161638	USE	
5161350	5161638	USE	
5161351	5161638	USE	
5161000	5161639	USE	
5161001	5161639	USE	
5161014	5161639	USE	
5161015	5161639	USE	
5161129	5161640	USE	
5161191	5161640	USE	
5161195	5161640	USE	
5160838	5161641	USE	
5160839	5161641	USE	
5160857	5161641	USE	
5160858	5161641	USE	
5161591	5161642	DEF	
5161116	5161642	USE	
5161117	5161642	USE	
5161538	5161642	USE	
5161543	5161642	USE	
5160910	5161643	USE	
5160911	5161643	USE	
5161178	5161643	USE	
5161182	5161643	USE	
5161310	5161644	DEF	
5161311	5161644	DEF	
5161390	5161644	USE	
5161397	5161644	USE	
5161401	5161644	DEF	
5161402	5161644	DEF	
5161401	5161644	USE	
5161402	5161644	USE	
5161042	5161645	USE	
5161047	5161645	USE	
5160784	5161646	DEF	
5160785	5161646	DEF	
5160788	5161646	DEF	
5160838	5161646	USE	
5160855	5161646	USE	
5160857	5161646	USE	
5160874	5161646	USE	
5161000	5161646	USE	
5161012	5161646	USE	
5161014	5161646	USE	
5161026	5161646	USE	
5161099	5161646	USE	
5161104	5161646	USE	
5161154	5161646	USE	
5161159	5161646	USE	
5161360	5161646	USE	
5161365	5161646	USE	
5161470	5161646	USE	
5161475	5161646	USE	
5161211	5161647	USE	
5161212	5161647	USE	
5161246	5161647	USE	
5161247	5161647	USE	
5161129	5161648	USE	
5161178	5161648	USE	
5161182	5161648	USE	
5161360	5161648	USE	
5161371	5161648	USE	
5161470	5161648	USE	
5161481	5161648	USE	
5161204	5161649	DEF	
5161208	5161649	DEF	
5161329	5161649	USE	
5161325	5161649	DEF	
5161326	5161649	DEF	
5161335	5161649	DEF	
5161335	5161649	USE	
5161380	5161649	USE	
5161376	5161649	DEF	
5161377	5161649	DEF	
5161386	5161649	DEF	
5161386	5161649	USE	
5161211	5161650	USE	
5161220	5161650	USE	
5161246	5161650	USE	
5161255	5161650	USE	
5161423	5161650	USE	
5161428	5161650	USE	
5161438	5161650	USE	
5161443	5161650	USE	
5160808	5161651	DEF	
5160821	5161651	DEF	
5161460	5161651	USE	
5161456	5161651	DEF	
5161457	5161651	DEF	
5161466	5161651	DEF	
5161466	5161651	USE	
5161588	5161652	DEF	
5161110	5161652	USE	
5161111	5161652	USE	
5161519	5161652	USE	
5161524	5161652	USE	
5160784	5161653	USE	
5160788	5161653	USE	
5161239	5161654	USE	
5161244	5161654	USE	
5161274	5161654	USE	
5161279	5161654	USE	
5161211	5161655	USE	
5161221	5161655	USE	
5161246	5161655	USE	
5161256	5161655	USE	
5161423	5161655	USE	
5161429	5161655	USE	
5161438	5161655	USE	
5161444	5161655	USE	
5160838	5161656	USE	
5160850	5161656	USE	
5161000	5161656	USE	
5161007	5161656	USE	
5160784	5161657	USE	
5160788	5161657	USE	
5160808	5161658	DEF	
5160815	5161658	DEF	
5160962	5161658	DEF	
5160963	5161658	DEF	
5160970	5161658	USE	
5160979	5161658	USE	
5160981	5161658	DEF	
5160982	5161658	DEF	
5160989	5161658	USE	
5160998	5161658	USE	
5161129	5161659	USE	
5161154	5161659	USE	
5161165	5161659	USE	
5161354	5161659	USE	
5161355	5161659	USE	
5160893	5161660	USE	
5160894	5161660	USE	
5161191	5161661	DEF	
5161192	5161661	DEF	
5161195	5161661	DEF	
5161246	5161661	USE	
5161261	5161661	USE	
5161390	5161661	USE	
5161399	5161661	USE	
5161401	5161661	USE	
5161402	5161661	USE	
5160795	5161662	DEF	
5160805	5161662	DEF	
5161014	5161662	DEF	
5161015	5161662	DEF	
5161029	5161662	USE	
5161060	5161662	USE	
5161069	5161662	USE	
5160808	5161663	DEF	
5160818	5161663	DEF	
5161071	5161663	DEF	
5161072	5161663	DEF	
5161077	5161663	USE	
5161086	5161663	USE	
5161088	5161663	USE	
5161097	5161663	USE	
5161204	5161664	DEF	
5161205	5161664	DEF	
5161286	5161664	USE	
5161282	5161664	DEF	
5161283	5161664	DEF	
5161292	5161664	DEF	
5161292	5161664	USE	
5160795	5161665	DEF	
5160802	5161665	DEF	
5161000	5161665	DEF	
5161001	5161665	DEF	
5161029	5161665	USE	
5161049	5161665	USE	
5161058	5161665	USE	
5161411	5161666	USE	
5161412	5161666	USE	
5161485	5161666	USE	
5161486	5161666	USE	
5161519	5161666	USE	
5161532	5161666	USE	
5161579	5160784	REACHES	icclink
5161405	5161390	REACHES	des_buff
5161317	5161390	REACHES	des_buff
5161405	5161405	REACHES	des_buff
5161317	5161405	REACHES	des_buff
5161246	5161270	REACHES	temp_des
5161246	5161310	REACHES	temp_des
5161310	5161310	REACHES	temp_des
5161310	5161360	REACHES	temp_des
5161246	5161438	REACHES	temp_des
5161310	5161438	REACHES	temp_des
5161576	5161211	REACHES	dev
5161576	5161246	REACHES	dev
5161576	5161423	REACHES	dev
5161576	5161438	REACHES	dev
5161350	5161339	REACHES	src_cm
5161296	5161339	REACHES	src_cm
5161350	5161350	REACHES	src_cm
5161296	5161350	REACHES	src_cm
5161116	5161154	REACHES	outputpos
5161417	5161317	REACHES	outputpos
5161116	5161317	REACHES	outputpos
5161317	5161417	REACHES	outputpos
5161491	5161470	REACHES	outputpos
5161116	5161470	REACHES	outputpos
5161491	5161491	REACHES	outputpos
5161116	5161491	REACHES	outputpos
5160876	5160882	REACHES	planar
5160893	5160899	REACHES	planar
5161497	5161519	REACHES	fid_in
5161497	5161557	REACHES	fid_in
5160910	5160917	REACHES	numbytes
5160921	5160925	REACHES	numbytes
5160910	5160925	REACHES	numbytes
5160936	5160943	REACHES	numbytes
5160936	5160951	REACHES	numbytes
5160947	5160951	REACHES	numbytes
5161110	5161154	REACHES	inputpos
5161110	5161303	REACHES	inputpos
5161411	5161303	REACHES	inputpos
5161303	5161411	REACHES	inputpos
5161110	5161470	REACHES	inputpos
5161485	5161470	REACHES	inputpos
5161110	5161485	REACHES	inputpos
5161485	5161485	REACHES	inputpos
5161178	5161211	REACHES	source_size
5161178	5161339	REACHES	source_size
5161178	5161350	REACHES	source_size
5161591	5161116	REACHES	outputbuffer
5161591	5161538	REACHES	outputbuffer
5161335	5161329	REACHES	i
5161325	5161329	REACHES	i
5161335	5161335	REACHES	i
5161325	5161335	REACHES	i
5161376	5161380	REACHES	i
5161386	5161380	REACHES	i
5161376	5161386	REACHES	i
5161386	5161386	REACHES	i
5161466	5161460	REACHES	k
5161456	5161460	REACHES	k
5161466	5161466	REACHES	k
5161456	5161466	REACHES	k
5160962	5160970	REACHES	big_endian
5160981	5160989	REACHES	big_endian
5161191	5161246	REACHES	des_size
5161191	5161390	REACHES	des_size
5161191	5161401	REACHES	des_size
5161071	5161077	REACHES	hasalpha
5161071	5161088	REACHES	hasalpha
5161292	5161286	REACHES	y
5161282	5161286	REACHES	y
5161292	5161292	REACHES	y
5161282	5161292	REACHES	y
5161585	5160981	REACHES	output_buff_desc
5161585	5160893	REACHES	output_buff_desc
5161585	5160936	REACHES	output_buff_desc
5161585	5161029	REACHES	output_buff_desc
5161585	5161417	REACHES	output_buff_desc
5161585	5161129	REACHES	output_buff_desc
5161585	5161191	REACHES	output_buff_desc
5161585	5161246	REACHES	output_buff_desc
5161585	5161538	REACHES	output_buff_desc
5161585	5161491	REACHES	output_buff_desc
5161585	5161380	REACHES	output_buff_desc
5161585	5161405	REACHES	output_buff_desc
5161508	5161538	REACHES	fid_out
5161508	5161564	REACHES	fid_out
5160857	5160899	REACHES	dwOutputFormat
5160899	5160951	REACHES	dwOutputFormat
5160951	5160989	REACHES	dwOutputFormat
5160989	5161060	REACHES	dwOutputFormat
5161060	5161088	REACHES	dwOutputFormat
5161088	5161099	REACHES	dwOutputFormat
5160838	5160882	REACHES	dwInputFormat
5160882	5160925	REACHES	dwInputFormat
5160925	5160970	REACHES	dwInputFormat
5160970	5161049	REACHES	dwInputFormat
5161049	5161077	REACHES	dwInputFormat
5161077	5161099	REACHES	dwInputFormat
5161582	5160876	REACHES	input_buff_desc
5161582	5160910	REACHES	input_buff_desc
5161582	5161286	REACHES	input_buff_desc
5161582	5160962	REACHES	input_buff_desc
5161582	5161329	REACHES	input_buff_desc
5161582	5161411	REACHES	input_buff_desc
5161582	5161360	REACHES	input_buff_desc
5161582	5161519	REACHES	input_buff_desc
5161354	5161339	REACHES	src_buff
5161354	5161354	REACHES	src_buff
5161303	5161354	REACHES	src_buff
5161303	5161339	REACHES	src_buff
5161582	5161029	REACHES	input_buff_desc
5161582	5161354	REACHES	input_buff_desc
5161582	5161071	REACHES	input_buff_desc
5161582	5161123	REACHES	input_buff_desc
5161582	5161211	REACHES	input_buff_desc
5161582	5161460	REACHES	input_buff_desc
5161582	5161129	REACHES	input_buff_desc
5161582	5161154	REACHES	input_buff_desc
5161582	5161485	REACHES	input_buff_desc
5161582	5161470	REACHES	input_buff_desc
5161582	5161178	REACHES	input_buff_desc
5161211	5161235	REACHES	temp_src
5161296	5161296	REACHES	temp_src
5161211	5161296	REACHES	temp_src
5161296	5161360	REACHES	temp_src
5161296	5161423	REACHES	temp_src
5161211	5161423	REACHES	temp_src
5161401	5161390	REACHES	des_cm
5161310	5161390	REACHES	des_cm
5161401	5161401	REACHES	des_cm
5161310	5161401	REACHES	des_cm
5160784	5160838	REACHES	hTransform
5160784	5160857	REACHES	hTransform
5160784	5161000	REACHES	hTransform
5160784	5161014	REACHES	hTransform
5160784	5161099	REACHES	hTransform
5160784	5161154	REACHES	hTransform
5160784	5161360	REACHES	hTransform
5160784	5161470	REACHES	hTransform
5161588	5161110	REACHES	inputbuffer
5161588	5161519	REACHES	inputbuffer
5161014	5161029	REACHES	num_des_lcms
5161014	5161060	REACHES	num_des_lcms
5161000	5161029	REACHES	num_src_lcms
5161000	5161049	REACHES	num_src_lcms
5161594	5161576	CONTROLS	
5161594	5161579	CONTROLS	
5161594	5161582	CONTROLS	
5161594	5161585	CONTROLS	
5161594	5161588	CONTROLS	
5161594	5161591	CONTROLS	
5161594	5160784	CONTROLS	
5161594	5160795	CONTROLS	
5161594	5160808	CONTROLS	
5161594	5160824	CONTROLS	
5161594	5160831	CONTROLS	
5161594	5160838	CONTROLS	
5161594	5160857	CONTROLS	
5161594	5160876	CONTROLS	
5161594	5160882	CONTROLS	
5161594	5160893	CONTROLS	
5161594	5160899	CONTROLS	
5161594	5160910	CONTROLS	
5161594	5160917	CONTROLS	
5161594	5160925	CONTROLS	
5161594	5160936	CONTROLS	
5161594	5160943	CONTROLS	
5161594	5160951	CONTROLS	
5161594	5160962	CONTROLS	
5161594	5160970	CONTROLS	
5161594	5160981	CONTROLS	
5161594	5160989	CONTROLS	
5161594	5161000	CONTROLS	
5161594	5161014	CONTROLS	
5161594	5161029	CONTROLS	
5161594	5161049	CONTROLS	
5161594	5161060	CONTROLS	
5161594	5161071	CONTROLS	
5161594	5161077	CONTROLS	
5161594	5161088	CONTROLS	
5161594	5161099	CONTROLS	
5161594	5161110	CONTROLS	
5161594	5161116	CONTROLS	
5161594	5161123	CONTROLS	
5161594	5161497	CONTROLS	
5161594	5161508	CONTROLS	
5161594	5161519	CONTROLS	
5161594	5161538	CONTROLS	
5161594	5161557	CONTROLS	
5161594	5161564	CONTROLS	
5161594	5161571	CONTROLS	
5160917	5160921	CONTROLS	
5160943	5160947	CONTROLS	
5161029	5161042	CONTROLS	
5161123	5161129	CONTROLS	
5161123	5161456	CONTROLS	
5161123	5161460	CONTROLS	
5161129	5161154	CONTROLS	
5161129	5161171	CONTROLS	
5161129	5161178	CONTROLS	
5161129	5161191	CONTROLS	
5161129	5161204	CONTROLS	
5161129	5161211	CONTROLS	
5161129	5161235	CONTROLS	
5161129	5161246	CONTROLS	
5161129	5161270	CONTROLS	
5161129	5161282	CONTROLS	
5161129	5161286	CONTROLS	
5161129	5161423	CONTROLS	
5161129	5161438	CONTROLS	
5161235	5161239	CONTROLS	
5161270	5161274	CONTROLS	
5161286	5161296	CONTROLS	
5161286	5161303	CONTROLS	
5161286	5161310	CONTROLS	
5161286	5161317	CONTROLS	
5161286	5161325	CONTROLS	
5161286	5161329	CONTROLS	
5161286	5161360	CONTROLS	
5161286	5161376	CONTROLS	
5161286	5161380	CONTROLS	
5161286	5161411	CONTROLS	
5161286	5161417	CONTROLS	
5161286	5161292	CONTROLS	
5161329	5161339	CONTROLS	
5161329	5161350	CONTROLS	
5161329	5161354	CONTROLS	
5161329	5161335	CONTROLS	
5161380	5161390	CONTROLS	
5161380	5161401	CONTROLS	
5161380	5161405	CONTROLS	
5161380	5161386	CONTROLS	
5161460	5161470	CONTROLS	
5161460	5161485	CONTROLS	
5161460	5161491	CONTROLS	
5161460	5161466	CONTROLS	
5161071	5161077	DOM	
5161099	5161110	DOM	
5160876	5160882	DOM	
5161246	5161270	DOM	
5160917	5160921	DOM	
5161376	5161380	DOM	
5161029	5161049	DOM	
5161110	5161116	DOM	
5161282	5161286	DOM	
5161576	5161579	DOM	
5160981	5160989	DOM	
5161380	5161411	DOM	
5161286	5161423	DOM	
5160936	5160943	DOM	
5161088	5161099	DOM	
5160857	5160876	DOM	
5161116	5161123	DOM	
5161401	5161405	DOM	
5160989	5161000	DOM	
5160893	5160899	DOM	
5160943	5160947	DOM	
5161129	5161154	DOM	
5161460	5161470	DOM	
5161579	5161582	DOM	
5161491	5161466	DOM	
5161585	5161588	DOM	
5160784	5160795	DOM	
5161178	5161191	DOM	
5161350	5161354	DOM	
5161339	5161350	DOM	
5161310	5161317	DOM	
5161325	5161329	DOM	
5160831	5160838	DOM	
5160882	5160893	DOM	
5161485	5161491	DOM	
5160808	5160824	DOM	
5161191	5161204	DOM	
5160838	5160857	DOM	
5161380	5161390	DOM	
5161296	5161303	DOM	
5161303	5161310	DOM	
5160943	5160951	DOM	
5161571	5161595	DOM	
5161235	5161246	DOM	
5161317	5161325	DOM	
5161417	5161292	DOM	
5160925	5160936	DOM	
5161329	5161360	DOM	
5161029	5161042	DOM	
5161360	5161376	DOM	
5161411	5161417	DOM	
5161405	5161386	DOM	
5161060	5161071	DOM	
5161204	5161211	DOM	
5161594	5161576	DOM	
5161557	5161564	DOM	
5161423	5161438	DOM	
5161077	5161088	DOM	
5161588	5161591	DOM	
5161390	5161401	DOM	
5160970	5160981	DOM	
5160899	5160910	DOM	
5161497	5161508	DOM	
5161211	5161235	DOM	
5161470	5161485	DOM	
5161508	5161519	DOM	
5161270	5161282	DOM	
5161123	5161497	DOM	
5160824	5160831	DOM	
5161519	5161538	DOM	
5161594	5161594	DOM	
5161171	5161178	DOM	
5161270	5161274	DOM	
5161000	5161014	DOM	
5161123	5161456	DOM	
5161329	5161339	DOM	
5160917	5160925	DOM	
5160951	5160962	DOM	
5161456	5161460	DOM	
5161014	5161029	DOM	
5161286	5161296	DOM	
5161129	5161171	DOM	
5161538	5161557	DOM	
5161564	5161571	DOM	
5161235	5161239	DOM	
5161582	5161585	DOM	
5160795	5160808	DOM	
5161049	5161060	DOM	
5160962	5160970	DOM	
5161591	5160784	DOM	
5160910	5160917	DOM	
5161354	5161335	DOM	
5161123	5161129	DOM	
5161088	5161077	POST_DOM	
5161116	5161110	POST_DOM	
5160893	5160882	POST_DOM	
5161282	5161270	POST_DOM	
5160925	5160921	POST_DOM	
5161411	5161380	POST_DOM	
5161123	5161116	POST_DOM	
5161060	5161049	POST_DOM	
5161423	5161286	POST_DOM	
5161582	5161579	POST_DOM	
5161000	5160989	POST_DOM	
5161417	5161411	POST_DOM	
5161438	5161423	POST_DOM	
5160951	5160943	POST_DOM	
5161110	5161099	POST_DOM	
5160882	5160876	POST_DOM	
5161497	5161123	POST_DOM	
5161386	5161405	POST_DOM	
5161014	5161000	POST_DOM	
5160910	5160899	POST_DOM	
5161497	5161154	POST_DOM	
5160951	5160947	POST_DOM	
5161485	5161470	POST_DOM	
5161585	5161582	POST_DOM	
5161460	5161466	POST_DOM	
5161591	5161588	POST_DOM	
5160808	5160795	POST_DOM	
5161204	5161191	POST_DOM	
5161335	5161354	POST_DOM	
5161354	5161350	POST_DOM	
5161325	5161317	POST_DOM	
5161360	5161329	POST_DOM	
5160899	5160893	POST_DOM	
5160857	5160838	POST_DOM	
5161466	5161491	POST_DOM	
5160831	5160824	POST_DOM	
5161211	5161204	POST_DOM	
5160876	5160857	POST_DOM	
5161401	5161390	POST_DOM	
5161317	5161310	POST_DOM	
5161310	5161303	POST_DOM	
5161595	5161595	POST_DOM	
5160962	5160951	POST_DOM	
5161270	5161246	POST_DOM	
5161286	5161292	POST_DOM	
5161329	5161325	POST_DOM	
5160943	5160936	POST_DOM	
5161376	5161360	POST_DOM	
5161049	5161042	POST_DOM	
5161380	5161376	POST_DOM	
5161292	5161417	POST_DOM	
5161380	5161386	POST_DOM	
5161077	5161071	POST_DOM	
5161235	5161211	POST_DOM	
5161571	5161564	POST_DOM	
5161579	5161576	POST_DOM	
5161497	5161438	POST_DOM	
5161099	5161088	POST_DOM	
5160784	5161591	POST_DOM	
5161405	5161401	POST_DOM	
5160989	5160981	POST_DOM	
5161519	5161508	POST_DOM	
5160917	5160910	POST_DOM	
5161246	5161235	POST_DOM	
5161491	5161485	POST_DOM	
5161538	5161519	POST_DOM	
5161286	5161282	POST_DOM	
5161508	5161497	POST_DOM	
5161557	5161538	POST_DOM	
5160838	5160831	POST_DOM	
5161576	5161594	POST_DOM	
5161191	5161178	POST_DOM	
5161282	5161274	POST_DOM	
5161029	5161014	POST_DOM	
5161460	5161456	POST_DOM	
5161350	5161339	POST_DOM	
5160970	5160962	POST_DOM	
5160936	5160925	POST_DOM	
5161497	5161460	POST_DOM	
5161049	5161029	POST_DOM	
5161303	5161296	POST_DOM	
5161178	5161171	POST_DOM	
5161595	5161571	POST_DOM	
5161564	5161557	POST_DOM	
5161246	5161239	POST_DOM	
5161588	5161585	POST_DOM	
5160824	5160808	POST_DOM	
5161071	5161060	POST_DOM	
5160981	5160970	POST_DOM	
5160925	5160917	POST_DOM	
5160795	5160784	POST_DOM	
5161329	5161335	POST_DOM	
5161497	5161129	POST_DOM	
5160781	5160782	IS_FUNCTION_OF_AST	
5160781	5161594	IS_FUNCTION_OF_CFG	
5159907	5160781	IS_FILE_OF	
5161671	5161672	IS_AST_PARENT	
5161671	5161673	IS_AST_PARENT	
5161674	5161675	IS_AST_PARENT	
5161676	5161677	IS_AST_PARENT	
5161678	5161679	IS_AST_PARENT	
5161678	5161680	IS_AST_PARENT	
5161676	5161678	IS_AST_PARENT	
5161674	5161676	IS_AST_PARENT	
5161671	5161674	IS_AST_PARENT	
5161670	5161671	IS_AST_PARENT	
5161669	5161670	IS_AST_PARENT	
5161682	5161683	IS_AST_PARENT	
5161682	5161684	IS_AST_PARENT	
5161681	5161682	IS_AST_PARENT	
5161685	5161686	IS_AST_PARENT	
5161685	5161687	IS_AST_PARENT	
5161681	5161685	IS_AST_PARENT	
5161669	5161681	IS_AST_PARENT	
5161690	5161691	IS_AST_PARENT	
5161690	5161692	IS_AST_PARENT	
5161689	5161690	IS_AST_PARENT	
5161688	5161689	IS_AST_PARENT	
5161694	5161695	IS_AST_PARENT	
5161694	5161696	IS_AST_PARENT	
5161693	5161694	IS_AST_PARENT	
5161688	5161693	IS_AST_PARENT	
5161669	5161688	IS_AST_PARENT	
5161698	5161699	IS_AST_PARENT	
5161701	5161702	IS_AST_PARENT	
5161700	5161701	IS_AST_PARENT	
5161704	5161705	IS_AST_PARENT	
5161703	5161704	IS_AST_PARENT	
5161700	5161703	IS_AST_PARENT	
5161698	5161700	IS_AST_PARENT	
5161697	5161698	IS_AST_PARENT	
5161669	5161697	IS_AST_PARENT	
5161707	5161708	IS_AST_PARENT	
5161710	5161711	IS_AST_PARENT	
5161709	5161710	IS_AST_PARENT	
5161713	5161714	IS_AST_PARENT	
5161712	5161713	IS_AST_PARENT	
5161709	5161712	IS_AST_PARENT	
5161707	5161709	IS_AST_PARENT	
5161706	5161707	IS_AST_PARENT	
5161669	5161706	IS_AST_PARENT	
5161716	5161717	IS_AST_PARENT	
5161719	5161720	IS_AST_PARENT	
5161719	5161721	IS_AST_PARENT	
5161718	5161719	IS_AST_PARENT	
5161723	5161724	IS_AST_PARENT	
5161722	5161723	IS_AST_PARENT	
5161726	5161727	IS_AST_PARENT	
5161725	5161726	IS_AST_PARENT	
5161722	5161725	IS_AST_PARENT	
5161718	5161722	IS_AST_PARENT	
5161716	5161718	IS_AST_PARENT	
5161715	5161716	IS_AST_PARENT	
5161669	5161715	IS_AST_PARENT	
5161729	5161730	IS_AST_PARENT	
5161732	5161733	IS_AST_PARENT	
5161732	5161734	IS_AST_PARENT	
5161731	5161732	IS_AST_PARENT	
5161736	5161737	IS_AST_PARENT	
5161735	5161736	IS_AST_PARENT	
5161739	5161740	IS_AST_PARENT	
5161738	5161739	IS_AST_PARENT	
5161735	5161738	IS_AST_PARENT	
5161731	5161735	IS_AST_PARENT	
5161729	5161731	IS_AST_PARENT	
5161728	5161729	IS_AST_PARENT	
5161669	5161728	IS_AST_PARENT	
5161743	5161744	IS_AST_PARENT	
5161742	5161743	IS_AST_PARENT	
5161746	5161747	IS_AST_PARENT	
5161745	5161746	IS_AST_PARENT	
5161748	5161749	IS_AST_PARENT	
5161745	5161748	IS_AST_PARENT	
5161750	5161751	IS_AST_PARENT	
5161745	5161750	IS_AST_PARENT	
5161742	5161745	IS_AST_PARENT	
5161741	5161742	IS_AST_PARENT	
5161669	5161741	IS_AST_PARENT	
5161754	5161755	IS_AST_PARENT	
5161753	5161754	IS_AST_PARENT	
5161757	5161758	IS_AST_PARENT	
5161756	5161757	IS_AST_PARENT	
5161759	5161760	IS_AST_PARENT	
5161756	5161759	IS_AST_PARENT	
5161761	5161762	IS_AST_PARENT	
5161756	5161761	IS_AST_PARENT	
5161763	5161764	IS_AST_PARENT	
5161756	5161763	IS_AST_PARENT	
5161753	5161756	IS_AST_PARENT	
5161752	5161753	IS_AST_PARENT	
5161669	5161752	IS_AST_PARENT	
5161765	5161766	IS_AST_PARENT	
5161669	5161765	IS_AST_PARENT	
5161668	5161669	IS_AST_PARENT	
5161668	5161767	IS_AST_PARENT	
5161668	5161768	IS_AST_PARENT	
5161770	5161771	IS_AST_PARENT	
5161770	5161772	IS_AST_PARENT	
5161769	5161770	IS_AST_PARENT	
5161773	5161774	IS_AST_PARENT	
5161773	5161775	IS_AST_PARENT	
5161769	5161773	IS_AST_PARENT	
5161776	5161777	IS_AST_PARENT	
5161776	5161778	IS_AST_PARENT	
5161769	5161776	IS_AST_PARENT	
5161779	5161780	IS_AST_PARENT	
5161779	5161781	IS_AST_PARENT	
5161769	5161779	IS_AST_PARENT	
5161782	5161783	IS_AST_PARENT	
5161782	5161784	IS_AST_PARENT	
5161769	5161782	IS_AST_PARENT	
5161668	5161769	IS_AST_PARENT	
5161785	5161770	FLOWS_TO	
5161770	5161773	FLOWS_TO	
5161773	5161776	FLOWS_TO	
5161776	5161779	FLOWS_TO	
5161779	5161782	FLOWS_TO	
5161782	5161670	FLOWS_TO	
5161670	5161681	FLOWS_TO	
5161681	5161689	FLOWS_TO	
5161689	5161693	FLOWS_TO	
5161689	5161697	FLOWS_TO	
5161693	5161697	FLOWS_TO	
5161697	5161706	FLOWS_TO	
5161706	5161715	FLOWS_TO	
5161715	5161728	FLOWS_TO	
5161728	5161741	FLOWS_TO	
5161741	5161752	FLOWS_TO	
5161752	5161765	FLOWS_TO	
5161765	5161786	FLOWS_TO	
5161773	5161787	DEF	
5161670	5161787	USE	
5161678	5161787	USE	
5161782	5161788	DEF	
5161689	5161788	USE	
5161693	5161788	DEF	
5161694	5161788	DEF	
5161715	5161788	USE	
5161726	5161788	USE	
5161728	5161788	USE	
5161739	5161788	USE	
5161715	5161789	USE	
5161716	5161789	USE	
5161728	5161789	USE	
5161729	5161789	USE	
5161670	5161790	DEF	
5161671	5161790	DEF	
5161674	5161790	DEF	
5161697	5161790	USE	
5161704	5161790	USE	
5161706	5161790	USE	
5161713	5161790	USE	
5161741	5161790	USE	
5161746	5161790	USE	
5161752	5161790	USE	
5161757	5161790	USE	
5161776	5161791	DEF	
5161752	5161791	USE	
5161759	5161791	USE	
5161715	5161792	USE	
5161716	5161792	USE	
5161728	5161792	USE	
5161729	5161792	USE	
5161706	5161793	USE	
5161707	5161793	USE	
5161670	5161794	USE	
5161674	5161794	USE	
5161779	5161795	DEF	
5161752	5161795	USE	
5161761	5161795	USE	
5161681	5161796	DEF	
5161685	5161796	DEF	
5161706	5161796	DEF	
5161707	5161796	DEF	
5161728	5161796	USE	
5161729	5161796	USE	
5161728	5161796	DEF	
5161729	5161796	DEF	
5161741	5161796	USE	
5161750	5161796	USE	
5161697	5161797	USE	
5161698	5161797	USE	
5161770	5161798	DEF	
5161670	5161799	USE	
5161674	5161799	USE	
5161681	5161800	DEF	
5161682	5161800	DEF	
5161697	5161800	DEF	
5161698	5161800	DEF	
5161715	5161800	USE	
5161716	5161800	USE	
5161715	5161800	DEF	
5161716	5161800	DEF	
5161741	5161800	USE	
5161748	5161800	USE	
5161773	5161670	REACHES	icclink
5161782	5161689	REACHES	num_bytes
5161693	5161715	REACHES	num_bytes
5161782	5161715	REACHES	num_bytes
5161693	5161728	REACHES	num_bytes
5161782	5161728	REACHES	num_bytes
5161670	5161697	REACHES	hTransform
5161670	5161706	REACHES	hTransform
5161670	5161741	REACHES	hTransform
5161670	5161752	REACHES	hTransform
5161776	5161752	REACHES	inputcolor
5161706	5161728	REACHES	dwOutputFormat
5161728	5161741	REACHES	dwOutputFormat
5161779	5161752	REACHES	outputcolor
5161697	5161715	REACHES	dwInputFormat
5161715	5161741	REACHES	dwInputFormat
5161785	5161770	CONTROLS	
5161785	5161773	CONTROLS	
5161785	5161776	CONTROLS	
5161785	5161779	CONTROLS	
5161785	5161782	CONTROLS	
5161785	5161670	CONTROLS	
5161785	5161681	CONTROLS	
5161785	5161689	CONTROLS	
5161785	5161697	CONTROLS	
5161785	5161706	CONTROLS	
5161785	5161715	CONTROLS	
5161785	5161728	CONTROLS	
5161785	5161741	CONTROLS	
5161785	5161752	CONTROLS	
5161785	5161765	CONTROLS	
5161689	5161693	CONTROLS	
5161689	5161697	DOM	
5161706	5161715	DOM	
5161782	5161670	DOM	
5161697	5161706	DOM	
5161681	5161689	DOM	
5161770	5161773	DOM	
5161765	5161786	DOM	
5161741	5161752	DOM	
5161785	5161785	DOM	
5161728	5161741	DOM	
5161773	5161776	DOM	
5161779	5161782	DOM	
5161752	5161765	DOM	
5161670	5161681	DOM	
5161785	5161770	DOM	
5161776	5161779	DOM	
5161689	5161693	DOM	
5161715	5161728	DOM	
5161706	5161697	POST_DOM	
5161728	5161715	POST_DOM	
5161715	5161706	POST_DOM	
5161681	5161670	POST_DOM	
5161697	5161689	POST_DOM	
5161776	5161773	POST_DOM	
5161786	5161786	POST_DOM	
5161765	5161752	POST_DOM	
5161752	5161741	POST_DOM	
5161770	5161785	POST_DOM	
5161779	5161776	POST_DOM	
5161786	5161765	POST_DOM	
5161670	5161782	POST_DOM	
5161689	5161681	POST_DOM	
5161773	5161770	POST_DOM	
5161782	5161779	POST_DOM	
5161697	5161693	POST_DOM	
5161741	5161728	POST_DOM	
5161667	5161668	IS_FUNCTION_OF_AST	
5161667	5161785	IS_FUNCTION_OF_CFG	
5159907	5161667	IS_FILE_OF	
5161804	5161805	IS_AST_PARENT	
5161803	5161804	IS_AST_PARENT	
5161802	5161803	IS_AST_PARENT	
5161802	5161806	IS_AST_PARENT	
5161802	5161807	IS_AST_PARENT	
5161809	5161810	IS_AST_PARENT	
5161809	5161811	IS_AST_PARENT	
5161808	5161809	IS_AST_PARENT	
5161802	5161808	IS_AST_PARENT	
5161812	5161809	FLOWS_TO	
5161809	5161804	FLOWS_TO	
5161804	5161813	FLOWS_TO	
5161809	5161814	DEF	
5161804	5161815	USE	
5161812	5161809	CONTROLS	
5161812	5161804	CONTROLS	
5161812	5161809	DOM	
5161804	5161813	DOM	
5161812	5161812	DOM	
5161809	5161804	DOM	
5161804	5161809	POST_DOM	
5161813	5161813	POST_DOM	
5161813	5161804	POST_DOM	
5161809	5161812	POST_DOM	
5161801	5161802	IS_FUNCTION_OF_AST	
5161801	5161812	IS_FUNCTION_OF_CFG	
5159907	5161801	IS_FILE_OF	
5161821	5161822	IS_AST_PARENT	
5161821	5161823	IS_AST_PARENT	
5161820	5161821	IS_AST_PARENT	
5161825	5161826	IS_AST_PARENT	
5161824	5161825	IS_AST_PARENT	
5161830	5161831	IS_AST_PARENT	
5161829	5161830	IS_AST_PARENT	
5161833	5161834	IS_AST_PARENT	
5161832	5161833	IS_AST_PARENT	
5161829	5161832	IS_AST_PARENT	
5161828	5161829	IS_AST_PARENT	
5161827	5161828	IS_AST_PARENT	
5161824	5161827	IS_AST_PARENT	
5161820	5161824	IS_AST_PARENT	
5161819	5161820	IS_AST_PARENT	
5161818	5161819	IS_AST_PARENT	
5161837	5161838	IS_AST_PARENT	
5161837	5161839	IS_AST_PARENT	
5161836	5161837	IS_AST_PARENT	
5161841	5161842	IS_AST_PARENT	
5161840	5161841	IS_AST_PARENT	
5161846	5161847	IS_AST_PARENT	
5161845	5161846	IS_AST_PARENT	
5161849	5161850	IS_AST_PARENT	
5161848	5161849	IS_AST_PARENT	
5161845	5161848	IS_AST_PARENT	
5161844	5161845	IS_AST_PARENT	
5161843	5161844	IS_AST_PARENT	
5161840	5161843	IS_AST_PARENT	
5161836	5161840	IS_AST_PARENT	
5161835	5161836	IS_AST_PARENT	
5161818	5161835	IS_AST_PARENT	
5161817	5161818	IS_AST_PARENT	
5161817	5161851	IS_AST_PARENT	
5161817	5161852	IS_AST_PARENT	
5161854	5161855	IS_AST_PARENT	
5161854	5161856	IS_AST_PARENT	
5161853	5161854	IS_AST_PARENT	
5161857	5161858	IS_AST_PARENT	
5161857	5161859	IS_AST_PARENT	
5161853	5161857	IS_AST_PARENT	
5161860	5161861	IS_AST_PARENT	
5161860	5161862	IS_AST_PARENT	
5161853	5161860	IS_AST_PARENT	
5161863	5161864	IS_AST_PARENT	
5161863	5161865	IS_AST_PARENT	
5161853	5161863	IS_AST_PARENT	
5161817	5161853	IS_AST_PARENT	
5161866	5161854	FLOWS_TO	
5161854	5161857	FLOWS_TO	
5161857	5161860	FLOWS_TO	
5161860	5161863	FLOWS_TO	
5161863	5161819	FLOWS_TO	
5161819	5161835	FLOWS_TO	
5161835	5161867	FLOWS_TO	
5161860	5161868	DEF	
5161835	5161868	USE	
5161837	5161868	USE	
5161863	5161869	DEF	
5161819	5161870	USE	
5161820	5161870	USE	
5161835	5161870	USE	
5161836	5161870	USE	
5161819	5161871	USE	
5161828	5161871	USE	
5161857	5161872	DEF	
5161819	5161872	USE	
5161821	5161872	USE	
5161854	5161873	DEF	
5161819	5161873	USE	
5161833	5161873	USE	
5161835	5161873	USE	
5161849	5161873	USE	
5161819	5161874	DEF	
5161820	5161874	DEF	
5161835	5161875	USE	
5161844	5161875	USE	
5161835	5161876	DEF	
5161836	5161876	DEF	
5161860	5161835	REACHES	num_outputs
5161857	5161819	REACHES	num_inputs
5161819	5161867	REACHES	* num_inputs
5161854	5161819	REACHES	link
5161854	5161835	REACHES	link
5161835	5161867	REACHES	* num_outputs
5161866	5161854	CONTROLS	
5161866	5161857	CONTROLS	
5161866	5161860	CONTROLS	
5161866	5161863	CONTROLS	
5161866	5161819	CONTROLS	
5161866	5161835	CONTROLS	
5161866	5161866	DOM	
5161863	5161819	DOM	
5161857	5161860	DOM	
5161819	5161835	DOM	
5161866	5161854	DOM	
5161860	5161863	DOM	
5161835	5161867	DOM	
5161854	5161857	DOM	
5161835	5161819	POST_DOM	
5161854	5161866	POST_DOM	
5161863	5161860	POST_DOM	
5161867	5161835	POST_DOM	
5161857	5161854	POST_DOM	
5161819	5161863	POST_DOM	
5161867	5161867	POST_DOM	
5161860	5161857	POST_DOM	
5161816	5161817	IS_FUNCTION_OF_AST	
5161816	5161866	IS_FUNCTION_OF_CFG	
5159907	5161816	IS_FILE_OF	
5161881	5161882	IS_AST_PARENT	
5161881	5161883	IS_AST_PARENT	
5161880	5161881	IS_AST_PARENT	
5161884	5161885	IS_AST_PARENT	
5161884	5161886	IS_AST_PARENT	
5161880	5161884	IS_AST_PARENT	
5161879	5161880	IS_AST_PARENT	
5161888	5161889	IS_AST_PARENT	
5161888	5161890	IS_AST_PARENT	
5161887	5161888	IS_AST_PARENT	
5161891	5161892	IS_AST_PARENT	
5161891	5161893	IS_AST_PARENT	
5161887	5161891	IS_AST_PARENT	
5161879	5161887	IS_AST_PARENT	
5161895	5161896	IS_AST_PARENT	
5161895	5161897	IS_AST_PARENT	
5161894	5161895	IS_AST_PARENT	
5161898	5161899	IS_AST_PARENT	
5161898	5161900	IS_AST_PARENT	
5161894	5161898	IS_AST_PARENT	
5161879	5161894	IS_AST_PARENT	
5161902	5161903	IS_AST_PARENT	
5161902	5161904	IS_AST_PARENT	
5161901	5161902	IS_AST_PARENT	
5161905	5161906	IS_AST_PARENT	
5161905	5161907	IS_AST_PARENT	
5161901	5161905	IS_AST_PARENT	
5161879	5161901	IS_AST_PARENT	
5161909	5161910	IS_AST_PARENT	
5161909	5161911	IS_AST_PARENT	
5161908	5161909	IS_AST_PARENT	
5161879	5161908	IS_AST_PARENT	
5161913	5161914	IS_AST_PARENT	
5161913	5161915	IS_AST_PARENT	
5161916	5161917	IS_AST_PARENT	
5161919	5161920	IS_AST_PARENT	
5161918	5161919	IS_AST_PARENT	
5161922	5161923	IS_AST_PARENT	
5161921	5161922	IS_AST_PARENT	
5161918	5161921	IS_AST_PARENT	
5161916	5161918	IS_AST_PARENT	
5161913	5161916	IS_AST_PARENT	
5161912	5161913	IS_AST_PARENT	
5161879	5161912	IS_AST_PARENT	
5161925	5161926	IS_AST_PARENT	
5161928	5161929	IS_AST_PARENT	
5161927	5161928	IS_AST_PARENT	
5161931	5161932	IS_AST_PARENT	
5161930	5161931	IS_AST_PARENT	
5161927	5161930	IS_AST_PARENT	
5161925	5161927	IS_AST_PARENT	
5161924	5161925	IS_AST_PARENT	
5161879	5161924	IS_AST_PARENT	
5161934	5161935	IS_AST_PARENT	
5161937	5161938	IS_AST_PARENT	
5161936	5161937	IS_AST_PARENT	
5161940	5161941	IS_AST_PARENT	
5161939	5161940	IS_AST_PARENT	
5161936	5161939	IS_AST_PARENT	
5161934	5161936	IS_AST_PARENT	
5161933	5161934	IS_AST_PARENT	
5161879	5161933	IS_AST_PARENT	
5161944	5161945	IS_AST_PARENT	
5161944	5161946	IS_AST_PARENT	
5161943	5161944	IS_AST_PARENT	
5161942	5161943	IS_AST_PARENT	
5161948	5161949	IS_AST_PARENT	
5161948	5161950	IS_AST_PARENT	
5161947	5161948	IS_AST_PARENT	
5161942	5161947	IS_AST_PARENT	
5161879	5161942	IS_AST_PARENT	
5161952	5161953	IS_AST_PARENT	
5161955	5161956	IS_AST_PARENT	
5161954	5161955	IS_AST_PARENT	
5161958	5161959	IS_AST_PARENT	
5161957	5161958	IS_AST_PARENT	
5161954	5161957	IS_AST_PARENT	
5161952	5161954	IS_AST_PARENT	
5161951	5161952	IS_AST_PARENT	
5161879	5161951	IS_AST_PARENT	
5161961	5161962	IS_AST_PARENT	
5161965	5161966	IS_AST_PARENT	
5161964	5161965	IS_AST_PARENT	
5161968	5161969	IS_AST_PARENT	
5161967	5161968	IS_AST_PARENT	
5161964	5161967	IS_AST_PARENT	
5161963	5161964	IS_AST_PARENT	
5161972	5161973	IS_AST_PARENT	
5161971	5161972	IS_AST_PARENT	
5161975	5161976	IS_AST_PARENT	
5161974	5161975	IS_AST_PARENT	
5161971	5161974	IS_AST_PARENT	
5161970	5161971	IS_AST_PARENT	
5161978	5161979	IS_AST_PARENT	
5161977	5161978	IS_AST_PARENT	
5161981	5161982	IS_AST_PARENT	
5161980	5161981	IS_AST_PARENT	
5161977	5161980	IS_AST_PARENT	
5161970	5161977	IS_AST_PARENT	
5161963	5161970	IS_AST_PARENT	
5161961	5161963	IS_AST_PARENT	
5161960	5161961	IS_AST_PARENT	
5161879	5161960	IS_AST_PARENT	
5161984	5161985	IS_AST_PARENT	
5161986	5161987	IS_AST_PARENT	
5161989	5161990	IS_AST_PARENT	
5161988	5161989	IS_AST_PARENT	
5161992	5161993	IS_AST_PARENT	
5161991	5161992	IS_AST_PARENT	
5161988	5161991	IS_AST_PARENT	
5161986	5161988	IS_AST_PARENT	
5161984	5161986	IS_AST_PARENT	
5161983	5161984	IS_AST_PARENT	
5161879	5161983	IS_AST_PARENT	
5161996	5161997	IS_AST_PARENT	
5161996	5161998	IS_AST_PARENT	
5161995	5161996	IS_AST_PARENT	
5161994	5161995	IS_AST_PARENT	
5162001	5162002	IS_AST_PARENT	
5162004	5162005	IS_AST_PARENT	
5162003	5162004	IS_AST_PARENT	
5162007	5162008	IS_AST_PARENT	
5162006	5162007	IS_AST_PARENT	
5162003	5162006	IS_AST_PARENT	
5162001	5162003	IS_AST_PARENT	
5162000	5162001	IS_AST_PARENT	
5161999	5162000	IS_AST_PARENT	
5161994	5161999	IS_AST_PARENT	
5162012	5162013	IS_AST_PARENT	
5162015	5162016	IS_AST_PARENT	
5162014	5162015	IS_AST_PARENT	
5162018	5162019	IS_AST_PARENT	
5162017	5162018	IS_AST_PARENT	
5162014	5162017	IS_AST_PARENT	
5162012	5162014	IS_AST_PARENT	
5162011	5162012	IS_AST_PARENT	
5162010	5162011	IS_AST_PARENT	
5162009	5162010	IS_AST_PARENT	
5161994	5162009	IS_AST_PARENT	
5161879	5161994	IS_AST_PARENT	
5162021	5162022	IS_AST_PARENT	
5162024	5162025	IS_AST_PARENT	
5162023	5162024	IS_AST_PARENT	
5162027	5162028	IS_AST_PARENT	
5162026	5162027	IS_AST_PARENT	
5162023	5162026	IS_AST_PARENT	
5162021	5162023	IS_AST_PARENT	
5162020	5162021	IS_AST_PARENT	
5161879	5162020	IS_AST_PARENT	
5162031	5162032	IS_AST_PARENT	
5162031	5162033	IS_AST_PARENT	
5162030	5162031	IS_AST_PARENT	
5162029	5162030	IS_AST_PARENT	
5162035	5162036	IS_AST_PARENT	
5162035	5162037	IS_AST_PARENT	
5162034	5162035	IS_AST_PARENT	
5162029	5162034	IS_AST_PARENT	
5161879	5162029	IS_AST_PARENT	
5162039	5162040	IS_AST_PARENT	
5162042	5162043	IS_AST_PARENT	
5162041	5162042	IS_AST_PARENT	
5162045	5162046	IS_AST_PARENT	
5162044	5162045	IS_AST_PARENT	
5162041	5162044	IS_AST_PARENT	
5162039	5162041	IS_AST_PARENT	
5162038	5162039	IS_AST_PARENT	
5161879	5162038	IS_AST_PARENT	
5162048	5162049	IS_AST_PARENT	
5162052	5162053	IS_AST_PARENT	
5162051	5162052	IS_AST_PARENT	
5162055	5162056	IS_AST_PARENT	
5162054	5162055	IS_AST_PARENT	
5162051	5162054	IS_AST_PARENT	
5162050	5162051	IS_AST_PARENT	
5162059	5162060	IS_AST_PARENT	
5162058	5162059	IS_AST_PARENT	
5162062	5162063	IS_AST_PARENT	
5162061	5162062	IS_AST_PARENT	
5162058	5162061	IS_AST_PARENT	
5162057	5162058	IS_AST_PARENT	
5162065	5162066	IS_AST_PARENT	
5162064	5162065	IS_AST_PARENT	
5162068	5162069	IS_AST_PARENT	
5162067	5162068	IS_AST_PARENT	
5162064	5162067	IS_AST_PARENT	
5162057	5162064	IS_AST_PARENT	
5162050	5162057	IS_AST_PARENT	
5162048	5162050	IS_AST_PARENT	
5162047	5162048	IS_AST_PARENT	
5161879	5162047	IS_AST_PARENT	
5162071	5162072	IS_AST_PARENT	
5162073	5162074	IS_AST_PARENT	
5162076	5162077	IS_AST_PARENT	
5162075	5162076	IS_AST_PARENT	
5162079	5162080	IS_AST_PARENT	
5162078	5162079	IS_AST_PARENT	
5162075	5162078	IS_AST_PARENT	
5162073	5162075	IS_AST_PARENT	
5162071	5162073	IS_AST_PARENT	
5162070	5162071	IS_AST_PARENT	
5161879	5162070	IS_AST_PARENT	
5162082	5162083	IS_AST_PARENT	
5162082	5162084	IS_AST_PARENT	
5162081	5162082	IS_AST_PARENT	
5161879	5162081	IS_AST_PARENT	
5162089	5162090	IS_AST_PARENT	
5162089	5162091	IS_AST_PARENT	
5162088	5162089	IS_AST_PARENT	
5162088	5162092	IS_AST_PARENT	
5162087	5162088	IS_AST_PARENT	
5162094	5162095	IS_AST_PARENT	
5162094	5162096	IS_AST_PARENT	
5162093	5162094	IS_AST_PARENT	
5162093	5162097	IS_AST_PARENT	
5162087	5162093	IS_AST_PARENT	
5162086	5162087	IS_AST_PARENT	
5162085	5162086	IS_AST_PARENT	
5162100	5162101	IS_AST_PARENT	
5162102	5162103	IS_AST_PARENT	
5162102	5162104	IS_AST_PARENT	
5162100	5162102	IS_AST_PARENT	
5162099	5162100	IS_AST_PARENT	
5162098	5162099	IS_AST_PARENT	
5162085	5162098	IS_AST_PARENT	
5161879	5162085	IS_AST_PARENT	
5162108	5162109	IS_AST_PARENT	
5162108	5162110	IS_AST_PARENT	
5162107	5162108	IS_AST_PARENT	
5162107	5162111	IS_AST_PARENT	
5162106	5162107	IS_AST_PARENT	
5162105	5162106	IS_AST_PARENT	
5162115	5162116	IS_AST_PARENT	
5162115	5162117	IS_AST_PARENT	
5162114	5162115	IS_AST_PARENT	
5162113	5162114	IS_AST_PARENT	
5162119	5162120	IS_AST_PARENT	
5162118	5162119	IS_AST_PARENT	
5162123	5162124	IS_AST_PARENT	
5162123	5162125	IS_AST_PARENT	
5162122	5162123	IS_AST_PARENT	
5162122	5162126	IS_AST_PARENT	
5162121	5162122	IS_AST_PARENT	
5162118	5162121	IS_AST_PARENT	
5162118	5162127	IS_AST_PARENT	
5162128	5162129	IS_AST_PARENT	
5162118	5162128	IS_AST_PARENT	
5162132	5162133	IS_AST_PARENT	
5162132	5162134	IS_AST_PARENT	
5162131	5162132	IS_AST_PARENT	
5162131	5162135	IS_AST_PARENT	
5162130	5162131	IS_AST_PARENT	
5162118	5162130	IS_AST_PARENT	
5162118	5162136	IS_AST_PARENT	
5162137	5162138	IS_AST_PARENT	
5162118	5162137	IS_AST_PARENT	
5162141	5162142	IS_AST_PARENT	
5162141	5162143	IS_AST_PARENT	
5162140	5162141	IS_AST_PARENT	
5162140	5162144	IS_AST_PARENT	
5162139	5162140	IS_AST_PARENT	
5162118	5162139	IS_AST_PARENT	
5162118	5162145	IS_AST_PARENT	
5162146	5162147	IS_AST_PARENT	
5162118	5162146	IS_AST_PARENT	
5162118	5162148	IS_AST_PARENT	
5162113	5162118	IS_AST_PARENT	
5162112	5162113	IS_AST_PARENT	
5162105	5162112	IS_AST_PARENT	
5161879	5162105	IS_AST_PARENT	
5162152	5162153	IS_AST_PARENT	
5162152	5162154	IS_AST_PARENT	
5162151	5162152	IS_AST_PARENT	
5162151	5162155	IS_AST_PARENT	
5162150	5162151	IS_AST_PARENT	
5162149	5162150	IS_AST_PARENT	
5162159	5162160	IS_AST_PARENT	
5162159	5162161	IS_AST_PARENT	
5162158	5162159	IS_AST_PARENT	
5162157	5162158	IS_AST_PARENT	
5162163	5162164	IS_AST_PARENT	
5162162	5162163	IS_AST_PARENT	
5162167	5162168	IS_AST_PARENT	
5162167	5162169	IS_AST_PARENT	
5162166	5162167	IS_AST_PARENT	
5162166	5162170	IS_AST_PARENT	
5162165	5162166	IS_AST_PARENT	
5162162	5162165	IS_AST_PARENT	
5162162	5162171	IS_AST_PARENT	
5162172	5162173	IS_AST_PARENT	
5162162	5162172	IS_AST_PARENT	
5162176	5162177	IS_AST_PARENT	
5162176	5162178	IS_AST_PARENT	
5162175	5162176	IS_AST_PARENT	
5162175	5162179	IS_AST_PARENT	
5162174	5162175	IS_AST_PARENT	
5162162	5162174	IS_AST_PARENT	
5162162	5162180	IS_AST_PARENT	
5162181	5162182	IS_AST_PARENT	
5162162	5162181	IS_AST_PARENT	
5162185	5162186	IS_AST_PARENT	
5162185	5162187	IS_AST_PARENT	
5162184	5162185	IS_AST_PARENT	
5162184	5162188	IS_AST_PARENT	
5162183	5162184	IS_AST_PARENT	
5162162	5162183	IS_AST_PARENT	
5162162	5162189	IS_AST_PARENT	
5162190	5162191	IS_AST_PARENT	
5162162	5162190	IS_AST_PARENT	
5162162	5162192	IS_AST_PARENT	
5162157	5162162	IS_AST_PARENT	
5162156	5162157	IS_AST_PARENT	
5162149	5162156	IS_AST_PARENT	
5161879	5162149	IS_AST_PARENT	
5162195	5162196	IS_AST_PARENT	
5162194	5162195	IS_AST_PARENT	
5162198	5162199	IS_AST_PARENT	
5162197	5162198	IS_AST_PARENT	
5162200	5162201	IS_AST_PARENT	
5162197	5162200	IS_AST_PARENT	
5162202	5162203	IS_AST_PARENT	
5162197	5162202	IS_AST_PARENT	
5162204	5162205	IS_AST_PARENT	
5162197	5162204	IS_AST_PARENT	
5162206	5162207	IS_AST_PARENT	
5162197	5162206	IS_AST_PARENT	
5162209	5162210	IS_AST_PARENT	
5162209	5162211	IS_AST_PARENT	
5162208	5162209	IS_AST_PARENT	
5162197	5162208	IS_AST_PARENT	
5162213	5162214	IS_AST_PARENT	
5162213	5162215	IS_AST_PARENT	
5162212	5162213	IS_AST_PARENT	
5162197	5162212	IS_AST_PARENT	
5162194	5162197	IS_AST_PARENT	
5162193	5162194	IS_AST_PARENT	
5161879	5162193	IS_AST_PARENT	
5161878	5161879	IS_AST_PARENT	
5161878	5162216	IS_AST_PARENT	
5161878	5162217	IS_AST_PARENT	
5162219	5162220	IS_AST_PARENT	
5162219	5162221	IS_AST_PARENT	
5162218	5162219	IS_AST_PARENT	
5162222	5162223	IS_AST_PARENT	
5162222	5162224	IS_AST_PARENT	
5162218	5162222	IS_AST_PARENT	
5162225	5162226	IS_AST_PARENT	
5162225	5162227	IS_AST_PARENT	
5162218	5162225	IS_AST_PARENT	
5162228	5162229	IS_AST_PARENT	
5162228	5162230	IS_AST_PARENT	
5162218	5162228	IS_AST_PARENT	
5162231	5162232	IS_AST_PARENT	
5162231	5162233	IS_AST_PARENT	
5162218	5162231	IS_AST_PARENT	
5161878	5162218	IS_AST_PARENT	
5162234	5162219	FLOWS_TO	
5162219	5162222	FLOWS_TO	
5162222	5162225	FLOWS_TO	
5162225	5162228	FLOWS_TO	
5162228	5162231	FLOWS_TO	
5162231	5161880	FLOWS_TO	
5161880	5161887	FLOWS_TO	
5161887	5161894	FLOWS_TO	
5161894	5161901	FLOWS_TO	
5161901	5161908	FLOWS_TO	
5161908	5161912	FLOWS_TO	
5161912	5161924	FLOWS_TO	
5161924	5161933	FLOWS_TO	
5161933	5161943	FLOWS_TO	
5161943	5161947	FLOWS_TO	
5161943	5161951	FLOWS_TO	
5161947	5161951	FLOWS_TO	
5161951	5161960	FLOWS_TO	
5161960	5161983	FLOWS_TO	
5161983	5161995	FLOWS_TO	
5161995	5162000	FLOWS_TO	
5161995	5162011	FLOWS_TO	
5162000	5162020	FLOWS_TO	
5162011	5162020	FLOWS_TO	
5162020	5162030	FLOWS_TO	
5162030	5162034	FLOWS_TO	
5162030	5162038	FLOWS_TO	
5162034	5162038	FLOWS_TO	
5162038	5162047	FLOWS_TO	
5162047	5162070	FLOWS_TO	
5162070	5162081	FLOWS_TO	
5162081	5162086	FLOWS_TO	
5162086	5162099	FLOWS_TO	
5162086	5162106	FLOWS_TO	
5162099	5162106	FLOWS_TO	
5162106	5162114	FLOWS_TO	
5162106	5162150	FLOWS_TO	
5162114	5162137	FLOWS_TO	
5162114	5162146	FLOWS_TO	
5162114	5162128	FLOWS_TO	
5162114	5162119	FLOWS_TO	
5162119	5162121	FLOWS_TO	
5162121	5162127	FLOWS_TO	
5162127	5162150	FLOWS_TO	
5162128	5162130	FLOWS_TO	
5162130	5162136	FLOWS_TO	
5162136	5162150	FLOWS_TO	
5162137	5162139	FLOWS_TO	
5162139	5162145	FLOWS_TO	
5162145	5162150	FLOWS_TO	
5162146	5162148	FLOWS_TO	
5162148	5162150	FLOWS_TO	
5162150	5162158	FLOWS_TO	
5162150	5162193	FLOWS_TO	
5162158	5162181	FLOWS_TO	
5162158	5162190	FLOWS_TO	
5162158	5162172	FLOWS_TO	
5162158	5162163	FLOWS_TO	
5162163	5162165	FLOWS_TO	
5162165	5162171	FLOWS_TO	
5162171	5162193	FLOWS_TO	
5162172	5162174	FLOWS_TO	
5162174	5162180	FLOWS_TO	
5162180	5162193	FLOWS_TO	
5162181	5162183	FLOWS_TO	
5162183	5162189	FLOWS_TO	
5162189	5162193	FLOWS_TO	
5162190	5162192	FLOWS_TO	
5162192	5162193	FLOWS_TO	
5162193	5162235	FLOWS_TO	
5162228	5162236	DEF	
5162193	5162236	USE	
5162212	5162236	USE	
5162099	5162237	USE	
5162100	5162237	USE	
5162139	5162238	USE	
5162140	5162238	USE	
5162231	5162239	DEF	
5161912	5162239	USE	
5161922	5162239	USE	
5161908	5162240	DEF	
5161909	5162240	DEF	
5162081	5162240	DEF	
5162082	5162240	DEF	
5162099	5162240	DEF	
5162100	5162240	DEF	
5162099	5162240	USE	
5162100	5162240	USE	
5162193	5162240	USE	
5162212	5162240	USE	
5161912	5162241	USE	
5161916	5162241	USE	
5162219	5162242	DEF	
5161924	5162242	USE	
5161931	5162242	USE	
5162011	5162242	USE	
5162018	5162242	USE	
5162193	5162242	USE	
5162200	5162242	USE	
5162222	5162243	DEF	
5161995	5162243	USE	
5162000	5162243	USE	
5162007	5162243	USE	
5162193	5162243	USE	
5162204	5162243	USE	
5162121	5162244	USE	
5162122	5162244	USE	
5162193	5162245	USE	
5162174	5162246	USE	
5162175	5162246	USE	
5161887	5162247	DEF	
5161891	5162247	DEF	
5162000	5162247	DEF	
5162001	5162247	DEF	
5162011	5162247	DEF	
5162012	5162247	DEF	
5162020	5162247	USE	
5162027	5162247	USE	
5162038	5162247	USE	
5162045	5162247	USE	
5162086	5162248	USE	
5162183	5162249	USE	
5162184	5162249	USE	
5161894	5162250	DEF	
5161895	5162250	DEF	
5161951	5162250	DEF	
5161952	5162250	DEF	
5161960	5162250	USE	
5161975	5162250	USE	
5162130	5162251	USE	
5162131	5162251	USE	
5161880	5162252	DEF	
5161881	5162252	DEF	
5161960	5162252	DEF	
5161961	5162252	DEF	
5161983	5162252	DEF	
5161984	5162252	DEF	
5161983	5162252	USE	
5161984	5162252	USE	
5162193	5162252	USE	
5162202	5162252	USE	
5161960	5162253	USE	
5161961	5162253	USE	
5162047	5162253	USE	
5162048	5162253	USE	
5161894	5162254	DEF	
5161898	5162254	DEF	
5162038	5162254	DEF	
5162039	5162254	DEF	
5162047	5162254	USE	
5162062	5162254	USE	
5161924	5162255	USE	
5161925	5162255	USE	
5162000	5162255	USE	
5162001	5162255	USE	
5161880	5162256	DEF	
5161884	5162256	DEF	
5162047	5162256	DEF	
5162048	5162256	DEF	
5162070	5162256	USE	
5162071	5162256	USE	
5162070	5162256	DEF	
5162071	5162256	DEF	
5162193	5162256	USE	
5162206	5162256	USE	
5162086	5162257	USE	
5162106	5162257	USE	
5162114	5162257	USE	
5162121	5162257	DEF	
5162122	5162257	DEF	
5162130	5162257	DEF	
5162131	5162257	DEF	
5162139	5162257	DEF	
5162140	5162257	DEF	
5162150	5162257	USE	
5162158	5162257	USE	
5162165	5162257	DEF	
5162166	5162257	DEF	
5162174	5162257	DEF	
5162175	5162257	DEF	
5162183	5162257	DEF	
5162184	5162257	DEF	
5162193	5162257	USE	
5162208	5162257	USE	
5162106	5162258	USE	
5162150	5162258	USE	
5162106	5162259	USE	
5161960	5162260	USE	
5161961	5162260	USE	
5162047	5162260	USE	
5162048	5162260	USE	
5161933	5162261	USE	
5161934	5162261	USE	
5162020	5162261	USE	
5162021	5162261	USE	
5161995	5162262	USE	
5162011	5162263	USE	
5162012	5162263	USE	
5162114	5162264	USE	
5162121	5162264	DEF	
5162122	5162264	DEF	
5162130	5162264	DEF	
5162131	5162264	DEF	
5162139	5162264	DEF	
5162140	5162264	DEF	
5162158	5162264	USE	
5162165	5162264	DEF	
5162166	5162264	DEF	
5162174	5162264	DEF	
5162175	5162264	DEF	
5162183	5162264	DEF	
5162184	5162264	DEF	
5162193	5162264	USE	
5162208	5162264	USE	
5161912	5162265	DEF	
5161913	5162265	DEF	
5161916	5162265	DEF	
5162193	5162265	USE	
5162198	5162265	USE	
5162086	5162266	USE	
5161960	5162267	USE	
5161961	5162267	USE	
5162047	5162267	USE	
5162048	5162267	USE	
5161887	5162268	DEF	
5161888	5162268	DEF	
5161924	5162268	DEF	
5161925	5162268	DEF	
5161933	5162268	USE	
5161940	5162268	USE	
5161951	5162268	USE	
5161958	5162268	USE	
5162225	5162269	DEF	
5162086	5162269	USE	
5162094	5162269	USE	
5162089	5162269	USE	
5162106	5162269	USE	
5162108	5162269	USE	
5162114	5162269	USE	
5162115	5162269	USE	
5162121	5162269	USE	
5162123	5162269	USE	
5162130	5162269	USE	
5162132	5162269	USE	
5162139	5162269	USE	
5162141	5162269	USE	
5162150	5162269	USE	
5162152	5162269	USE	
5162158	5162269	USE	
5162159	5162269	USE	
5162165	5162269	USE	
5162167	5162269	USE	
5162174	5162269	USE	
5162176	5162269	USE	
5162183	5162269	USE	
5162185	5162269	USE	
5162193	5162269	USE	
5162209	5162269	USE	
5162150	5162270	USE	
5161901	5162271	DEF	
5161902	5162271	DEF	
5161933	5162271	DEF	
5161934	5162271	DEF	
5161943	5162271	USE	
5161947	5162271	DEF	
5161948	5162271	DEF	
5161960	5162271	USE	
5161968	5162271	USE	
5161901	5162272	DEF	
5161905	5162272	DEF	
5162020	5162272	DEF	
5162021	5162272	DEF	
5162030	5162272	USE	
5162034	5162272	DEF	
5162035	5162272	DEF	
5162047	5162272	USE	
5162055	5162272	USE	
5161951	5162273	USE	
5161952	5162273	USE	
5162038	5162273	USE	
5162039	5162273	USE	
5161983	5162274	USE	
5161984	5162274	USE	
5162070	5162274	USE	
5162071	5162274	USE	
5162081	5162275	USE	
5162082	5162275	USE	
5162165	5162276	USE	
5162166	5162276	USE	
5162086	5162277	USE	
5162222	5161995	REACHES	lcms_deshandle
5162222	5162000	REACHES	lcms_deshandle
5162222	5162193	REACHES	lcms_deshandle
5162011	5162020	REACHES	des_color_space
5162000	5162020	REACHES	des_color_space
5162011	5162038	REACHES	des_color_space
5162000	5162038	REACHES	des_color_space
5161951	5161960	REACHES	src_nChannels
5161960	5161983	REACHES	src_data_type
5161983	5162193	REACHES	src_data_type
5162038	5162047	REACHES	des_nChannels
5162174	5162235	REACHES	* rendering_params
5162139	5162235	REACHES	* rendering_params
5162165	5162193	REACHES	* rendering_params
5162130	5162150	REACHES	* rendering_params
5162165	5162235	REACHES	* rendering_params
5162183	5162193	REACHES	* rendering_params
5162121	5162235	REACHES	* rendering_params
5162121	5162193	REACHES	* rendering_params
5162183	5162235	REACHES	* rendering_params
5162130	5162235	REACHES	* rendering_params
5162130	5162158	REACHES	* rendering_params
5162139	5162158	REACHES	* rendering_params
5162174	5162193	REACHES	* rendering_params
5162130	5162193	REACHES	* rendering_params
5162121	5162158	REACHES	* rendering_params
5162139	5162193	REACHES	* rendering_params
5162139	5162150	REACHES	* rendering_params
5162121	5162150	REACHES	* rendering_params
5161912	5162193	REACHES	ctx
5161924	5161933	REACHES	src_color_space
5161924	5161951	REACHES	src_color_space
5162225	5162174	REACHES	rendering_params
5162225	5162106	REACHES	rendering_params
5162225	5162086	REACHES	rendering_params
5162225	5162114	REACHES	rendering_params
5162225	5162121	REACHES	rendering_params
5162225	5162130	REACHES	rendering_params
5162225	5162183	REACHES	rendering_params
5162225	5162193	REACHES	rendering_params
5162225	5162139	REACHES	rendering_params
5162225	5162150	REACHES	rendering_params
5162225	5162158	REACHES	rendering_params
5162225	5162165	REACHES	rendering_params
5162020	5162030	REACHES	lcms_des_color_space
5162034	5162047	REACHES	lcms_des_color_space
5162020	5162047	REACHES	lcms_des_color_space
5162228	5162193	REACHES	cmm_flags
5162231	5161912	REACHES	memory
5162081	5162099	REACHES	flag
5162081	5162193	REACHES	flag
5162099	5162193	REACHES	flag
5162219	5161924	REACHES	lcms_srchandle
5162219	5162011	REACHES	lcms_srchandle
5162219	5162193	REACHES	lcms_srchandle
5162047	5162070	REACHES	des_data_type
5162070	5162193	REACHES	des_data_type
5162139	5162158	REACHES	rendering_params -> rendering_intent
5162121	5162158	REACHES	rendering_params -> rendering_intent
5162130	5162158	REACHES	rendering_params -> rendering_intent
5162121	5162193	REACHES	rendering_params -> rendering_intent
5162130	5162193	REACHES	rendering_params -> rendering_intent
5162183	5162193	REACHES	rendering_params -> rendering_intent
5162174	5162193	REACHES	rendering_params -> rendering_intent
5162165	5162193	REACHES	rendering_params -> rendering_intent
5162139	5162193	REACHES	rendering_params -> rendering_intent
5161933	5161943	REACHES	lcms_src_color_space
5161933	5161960	REACHES	lcms_src_color_space
5161947	5161960	REACHES	lcms_src_color_space
5162234	5162219	CONTROLS	
5162234	5162222	CONTROLS	
5162234	5162225	CONTROLS	
5162234	5162228	CONTROLS	
5162234	5162231	CONTROLS	
5162234	5161880	CONTROLS	
5162234	5161887	CONTROLS	
5162234	5161894	CONTROLS	
5162234	5161901	CONTROLS	
5162234	5161908	CONTROLS	
5162234	5161912	CONTROLS	
5162234	5161924	CONTROLS	
5162234	5161933	CONTROLS	
5162234	5161943	CONTROLS	
5162234	5161951	CONTROLS	
5162234	5161960	CONTROLS	
5162234	5161983	CONTROLS	
5162234	5161995	CONTROLS	
5162234	5162020	CONTROLS	
5162234	5162030	CONTROLS	
5162234	5162038	CONTROLS	
5162234	5162047	CONTROLS	
5162234	5162070	CONTROLS	
5162234	5162081	CONTROLS	
5162234	5162086	CONTROLS	
5162234	5162106	CONTROLS	
5162234	5162150	CONTROLS	
5162234	5162193	CONTROLS	
5161943	5161947	CONTROLS	
5161995	5162000	CONTROLS	
5161995	5162011	CONTROLS	
5162030	5162034	CONTROLS	
5162086	5162099	CONTROLS	
5162106	5162114	CONTROLS	
5162114	5162137	CONTROLS	
5162114	5162139	CONTROLS	
5162114	5162145	CONTROLS	
5162114	5162146	CONTROLS	
5162114	5162148	CONTROLS	
5162114	5162128	CONTROLS	
5162114	5162130	CONTROLS	
5162114	5162136	CONTROLS	
5162114	5162119	CONTROLS	
5162114	5162121	CONTROLS	
5162114	5162127	CONTROLS	
5162150	5162158	CONTROLS	
5162158	5162181	CONTROLS	
5162158	5162183	CONTROLS	
5162158	5162189	CONTROLS	
5162158	5162190	CONTROLS	
5162158	5162192	CONTROLS	
5162158	5162172	CONTROLS	
5162158	5162174	CONTROLS	
5162158	5162180	CONTROLS	
5162158	5162163	CONTROLS	
5162158	5162165	CONTROLS	
5162158	5162171	CONTROLS	
5161983	5161995	DOM	
5161960	5161983	DOM	
5162130	5162136	DOM	
5162119	5162121	DOM	
5162158	5162172	DOM	
5161933	5161943	DOM	
5162038	5162047	DOM	
5161908	5161912	DOM	
5162228	5162231	DOM	
5162121	5162127	DOM	
5162158	5162163	DOM	
5162158	5162190	DOM	
5161951	5161960	DOM	
5161995	5162011	DOM	
5161995	5162020	DOM	
5161880	5161887	DOM	
5161887	5161894	DOM	
5162106	5162114	DOM	
5162114	5162119	DOM	
5162165	5162171	DOM	
5162128	5162130	DOM	
5162174	5162180	DOM	
5161943	5161947	DOM	
5162139	5162145	DOM	
5162146	5162148	DOM	
5162172	5162174	DOM	
5161943	5161951	DOM	
5162181	5162183	DOM	
5162106	5162150	DOM	
5162225	5162228	DOM	
5162190	5162192	DOM	
5162234	5162219	DOM	
5162086	5162106	DOM	
5162150	5162193	DOM	
5161894	5161901	DOM	
5161901	5161908	DOM	
5162070	5162081	DOM	
5162219	5162222	DOM	
5162158	5162181	DOM	
5162030	5162034	DOM	
5161912	5161924	DOM	
5162030	5162038	DOM	
5162231	5161880	DOM	
5162114	5162128	DOM	
5162193	5162235	DOM	
5162047	5162070	DOM	
5162020	5162030	DOM	
5162114	5162137	DOM	
5162150	5162158	DOM	
5162183	5162189	DOM	
5162137	5162139	DOM	
5162114	5162146	DOM	
5162163	5162165	DOM	
5162222	5162225	DOM	
5161924	5161933	DOM	
5161995	5162000	DOM	
5162081	5162086	DOM	
5162234	5162234	DOM	
5162086	5162099	DOM	
5162020	5161995	POST_DOM	
5161995	5161983	POST_DOM	
5162127	5162121	POST_DOM	
5162150	5162136	POST_DOM	
5162174	5162172	POST_DOM	
5161951	5161943	POST_DOM	
5162070	5162047	POST_DOM	
5161924	5161912	POST_DOM	
5161880	5162231	POST_DOM	
5162150	5162127	POST_DOM	
5162165	5162163	POST_DOM	
5162192	5162190	POST_DOM	
5161983	5161960	POST_DOM	
5162020	5162011	POST_DOM	
5162030	5162020	POST_DOM	
5161894	5161887	POST_DOM	
5161901	5161894	POST_DOM	
5162150	5162114	POST_DOM	
5162121	5162119	POST_DOM	
5162136	5162130	POST_DOM	
5162193	5162171	POST_DOM	
5162193	5162180	POST_DOM	
5161951	5161947	POST_DOM	
5162150	5162145	POST_DOM	
5162150	5162148	POST_DOM	
5162180	5162174	POST_DOM	
5161960	5161951	POST_DOM	
5162189	5162183	POST_DOM	
5162193	5162150	POST_DOM	
5162231	5162228	POST_DOM	
5162193	5162192	POST_DOM	
5162222	5162219	POST_DOM	
5162235	5162193	POST_DOM	
5162150	5162106	POST_DOM	
5161908	5161901	POST_DOM	
5161912	5161908	POST_DOM	
5162086	5162081	POST_DOM	
5162225	5162222	POST_DOM	
5162183	5162181	POST_DOM	
5162038	5162034	POST_DOM	
5162047	5162038	POST_DOM	
5161933	5161924	POST_DOM	
5161887	5161880	POST_DOM	
5162130	5162128	POST_DOM	
5162235	5162235	POST_DOM	
5162081	5162070	POST_DOM	
5162038	5162030	POST_DOM	
5162139	5162137	POST_DOM	
5162193	5162158	POST_DOM	
5162193	5162189	POST_DOM	
5162145	5162139	POST_DOM	
5162148	5162146	POST_DOM	
5162171	5162165	POST_DOM	
5162106	5162086	POST_DOM	
5162020	5162000	POST_DOM	
5161943	5161933	POST_DOM	
5162228	5162225	POST_DOM	
5162219	5162234	POST_DOM	
5162106	5162099	POST_DOM	
5161877	5161878	IS_FUNCTION_OF_AST	
5161877	5162234	IS_FUNCTION_OF_CFG	
5159907	5161877	IS_FILE_OF	
5162282	5162283	IS_AST_PARENT	
5162282	5162284	IS_AST_PARENT	
5162281	5162282	IS_AST_PARENT	
5162285	5162286	IS_AST_PARENT	
5162285	5162287	IS_AST_PARENT	
5162281	5162285	IS_AST_PARENT	
5162280	5162281	IS_AST_PARENT	
5162289	5162290	IS_AST_PARENT	
5162289	5162291	IS_AST_PARENT	
5162288	5162289	IS_AST_PARENT	
5162292	5162293	IS_AST_PARENT	
5162292	5162294	IS_AST_PARENT	
5162288	5162292	IS_AST_PARENT	
5162280	5162288	IS_AST_PARENT	
5162296	5162297	IS_AST_PARENT	
5162296	5162298	IS_AST_PARENT	
5162295	5162296	IS_AST_PARENT	
5162299	5162300	IS_AST_PARENT	
5162299	5162301	IS_AST_PARENT	
5162295	5162299	IS_AST_PARENT	
5162280	5162295	IS_AST_PARENT	
5162303	5162304	IS_AST_PARENT	
5162303	5162305	IS_AST_PARENT	
5162302	5162303	IS_AST_PARENT	
5162306	5162307	IS_AST_PARENT	
5162306	5162308	IS_AST_PARENT	
5162302	5162306	IS_AST_PARENT	
5162280	5162302	IS_AST_PARENT	
5162310	5162311	IS_AST_PARENT	
5162310	5162312	IS_AST_PARENT	
5162310	5162313	IS_AST_PARENT	
5162309	5162310	IS_AST_PARENT	
5162280	5162309	IS_AST_PARENT	
5162315	5162316	IS_AST_PARENT	
5162315	5162317	IS_AST_PARENT	
5162318	5162319	IS_AST_PARENT	
5162318	5162320	IS_AST_PARENT	
5162315	5162318	IS_AST_PARENT	
5162314	5162315	IS_AST_PARENT	
5162280	5162314	IS_AST_PARENT	
5162322	5162323	IS_AST_PARENT	
5162322	5162324	IS_AST_PARENT	
5162321	5162322	IS_AST_PARENT	
5162280	5162321	IS_AST_PARENT	
5162326	5162327	IS_AST_PARENT	
5162326	5162328	IS_AST_PARENT	
5162329	5162330	IS_AST_PARENT	
5162332	5162333	IS_AST_PARENT	
5162331	5162332	IS_AST_PARENT	
5162335	5162336	IS_AST_PARENT	
5162334	5162335	IS_AST_PARENT	
5162331	5162334	IS_AST_PARENT	
5162329	5162331	IS_AST_PARENT	
5162326	5162329	IS_AST_PARENT	
5162325	5162326	IS_AST_PARENT	
5162280	5162325	IS_AST_PARENT	
5162340	5162341	IS_AST_PARENT	
5162340	5162342	IS_AST_PARENT	
5162339	5162340	IS_AST_PARENT	
5162345	5162346	IS_AST_PARENT	
5162345	5162347	IS_AST_PARENT	
5162344	5162345	IS_AST_PARENT	
5162344	5162348	IS_AST_PARENT	
5162343	5162344	IS_AST_PARENT	
5162349	5162350	IS_AST_PARENT	
5162349	5162351	IS_AST_PARENT	
5162343	5162349	IS_AST_PARENT	
5162339	5162343	IS_AST_PARENT	
5162338	5162339	IS_AST_PARENT	
5162337	5162338	IS_AST_PARENT	
5162354	5162355	IS_AST_PARENT	
5162354	5162356	IS_AST_PARENT	
5162353	5162354	IS_AST_PARENT	
5162352	5162353	IS_AST_PARENT	
5162358	5162359	IS_AST_PARENT	
5162358	5162360	IS_AST_PARENT	
5162357	5162358	IS_AST_PARENT	
5162352	5162357	IS_AST_PARENT	
5162362	5162363	IS_AST_PARENT	
5162365	5162366	IS_AST_PARENT	
5162364	5162365	IS_AST_PARENT	
5162368	5162369	IS_AST_PARENT	
5162367	5162368	IS_AST_PARENT	
5162370	5162371	IS_AST_PARENT	
5162367	5162370	IS_AST_PARENT	
5162372	5162373	IS_AST_PARENT	
5162367	5162372	IS_AST_PARENT	
5162374	5162375	IS_AST_PARENT	
5162367	5162374	IS_AST_PARENT	
5162376	5162377	IS_AST_PARENT	
5162367	5162376	IS_AST_PARENT	
5162364	5162367	IS_AST_PARENT	
5162362	5162364	IS_AST_PARENT	
5162361	5162362	IS_AST_PARENT	
5162352	5162361	IS_AST_PARENT	
5162379	5162380	IS_AST_PARENT	
5162379	5162381	IS_AST_PARENT	
5162378	5162379	IS_AST_PARENT	
5162352	5162378	IS_AST_PARENT	
5162386	5162387	IS_AST_PARENT	
5162386	5162388	IS_AST_PARENT	
5162385	5162386	IS_AST_PARENT	
5162385	5162389	IS_AST_PARENT	
5162384	5162385	IS_AST_PARENT	
5162391	5162392	IS_AST_PARENT	
5162391	5162393	IS_AST_PARENT	
5162390	5162391	IS_AST_PARENT	
5162390	5162394	IS_AST_PARENT	
5162384	5162390	IS_AST_PARENT	
5162383	5162384	IS_AST_PARENT	
5162382	5162383	IS_AST_PARENT	
5162397	5162398	IS_AST_PARENT	
5162399	5162400	IS_AST_PARENT	
5162399	5162401	IS_AST_PARENT	
5162397	5162399	IS_AST_PARENT	
5162396	5162397	IS_AST_PARENT	
5162395	5162396	IS_AST_PARENT	
5162382	5162395	IS_AST_PARENT	
5162352	5162382	IS_AST_PARENT	
5162403	5162404	IS_AST_PARENT	
5162406	5162407	IS_AST_PARENT	
5162405	5162406	IS_AST_PARENT	
5162409	5162410	IS_AST_PARENT	
5162408	5162409	IS_AST_PARENT	
5162411	5162412	IS_AST_PARENT	
5162408	5162411	IS_AST_PARENT	
5162413	5162414	IS_AST_PARENT	
5162408	5162413	IS_AST_PARENT	
5162405	5162408	IS_AST_PARENT	
5162403	5162405	IS_AST_PARENT	
5162402	5162403	IS_AST_PARENT	
5162352	5162402	IS_AST_PARENT	
5162417	5162418	IS_AST_PARENT	
5162416	5162417	IS_AST_PARENT	
5162420	5162421	IS_AST_PARENT	
5162419	5162420	IS_AST_PARENT	
5162416	5162419	IS_AST_PARENT	
5162415	5162416	IS_AST_PARENT	
5162352	5162415	IS_AST_PARENT	
5162423	5162424	IS_AST_PARENT	
5162426	5162427	IS_AST_PARENT	
5162425	5162426	IS_AST_PARENT	
5162429	5162430	IS_AST_PARENT	
5162428	5162429	IS_AST_PARENT	
5162425	5162428	IS_AST_PARENT	
5162423	5162425	IS_AST_PARENT	
5162422	5162423	IS_AST_PARENT	
5162352	5162422	IS_AST_PARENT	
5162432	5162433	IS_AST_PARENT	
5162435	5162436	IS_AST_PARENT	
5162434	5162435	IS_AST_PARENT	
5162438	5162439	IS_AST_PARENT	
5162437	5162438	IS_AST_PARENT	
5162434	5162437	IS_AST_PARENT	
5162432	5162434	IS_AST_PARENT	
5162431	5162432	IS_AST_PARENT	
5162352	5162431	IS_AST_PARENT	
5162442	5162443	IS_AST_PARENT	
5162442	5162444	IS_AST_PARENT	
5162441	5162442	IS_AST_PARENT	
5162440	5162441	IS_AST_PARENT	
5162446	5162447	IS_AST_PARENT	
5162446	5162448	IS_AST_PARENT	
5162445	5162446	IS_AST_PARENT	
5162440	5162445	IS_AST_PARENT	
5162352	5162440	IS_AST_PARENT	
5162450	5162451	IS_AST_PARENT	
5162453	5162454	IS_AST_PARENT	
5162452	5162453	IS_AST_PARENT	
5162456	5162457	IS_AST_PARENT	
5162455	5162456	IS_AST_PARENT	
5162452	5162455	IS_AST_PARENT	
5162450	5162452	IS_AST_PARENT	
5162449	5162450	IS_AST_PARENT	
5162352	5162449	IS_AST_PARENT	
5162459	5162460	IS_AST_PARENT	
5162463	5162464	IS_AST_PARENT	
5162462	5162463	IS_AST_PARENT	
5162466	5162467	IS_AST_PARENT	
5162465	5162466	IS_AST_PARENT	
5162462	5162465	IS_AST_PARENT	
5162461	5162462	IS_AST_PARENT	
5162470	5162471	IS_AST_PARENT	
5162469	5162470	IS_AST_PARENT	
5162473	5162474	IS_AST_PARENT	
5162472	5162473	IS_AST_PARENT	
5162469	5162472	IS_AST_PARENT	
5162468	5162469	IS_AST_PARENT	
5162476	5162477	IS_AST_PARENT	
5162475	5162476	IS_AST_PARENT	
5162479	5162480	IS_AST_PARENT	
5162478	5162479	IS_AST_PARENT	
5162475	5162478	IS_AST_PARENT	
5162468	5162475	IS_AST_PARENT	
5162461	5162468	IS_AST_PARENT	
5162459	5162461	IS_AST_PARENT	
5162458	5162459	IS_AST_PARENT	
5162352	5162458	IS_AST_PARENT	
5162483	5162484	IS_AST_PARENT	
5162483	5162485	IS_AST_PARENT	
5162482	5162483	IS_AST_PARENT	
5162481	5162482	IS_AST_PARENT	
5162488	5162489	IS_AST_PARENT	
5162491	5162492	IS_AST_PARENT	
5162490	5162491	IS_AST_PARENT	
5162494	5162495	IS_AST_PARENT	
5162493	5162494	IS_AST_PARENT	
5162490	5162493	IS_AST_PARENT	
5162488	5162490	IS_AST_PARENT	
5162487	5162488	IS_AST_PARENT	
5162486	5162487	IS_AST_PARENT	
5162481	5162486	IS_AST_PARENT	
5162499	5162500	IS_AST_PARENT	
5162502	5162503	IS_AST_PARENT	
5162501	5162502	IS_AST_PARENT	
5162505	5162506	IS_AST_PARENT	
5162504	5162505	IS_AST_PARENT	
5162501	5162504	IS_AST_PARENT	
5162499	5162501	IS_AST_PARENT	
5162498	5162499	IS_AST_PARENT	
5162497	5162498	IS_AST_PARENT	
5162496	5162497	IS_AST_PARENT	
5162481	5162496	IS_AST_PARENT	
5162352	5162481	IS_AST_PARENT	
5162508	5162509	IS_AST_PARENT	
5162511	5162512	IS_AST_PARENT	
5162510	5162511	IS_AST_PARENT	
5162514	5162515	IS_AST_PARENT	
5162513	5162514	IS_AST_PARENT	
5162510	5162513	IS_AST_PARENT	
5162508	5162510	IS_AST_PARENT	
5162507	5162508	IS_AST_PARENT	
5162352	5162507	IS_AST_PARENT	
5162518	5162519	IS_AST_PARENT	
5162518	5162520	IS_AST_PARENT	
5162517	5162518	IS_AST_PARENT	
5162516	5162517	IS_AST_PARENT	
5162522	5162523	IS_AST_PARENT	
5162522	5162524	IS_AST_PARENT	
5162521	5162522	IS_AST_PARENT	
5162516	5162521	IS_AST_PARENT	
5162352	5162516	IS_AST_PARENT	
5162526	5162527	IS_AST_PARENT	
5162529	5162530	IS_AST_PARENT	
5162528	5162529	IS_AST_PARENT	
5162532	5162533	IS_AST_PARENT	
5162531	5162532	IS_AST_PARENT	
5162528	5162531	IS_AST_PARENT	
5162526	5162528	IS_AST_PARENT	
5162525	5162526	IS_AST_PARENT	
5162352	5162525	IS_AST_PARENT	
5162535	5162536	IS_AST_PARENT	
5162539	5162540	IS_AST_PARENT	
5162538	5162539	IS_AST_PARENT	
5162542	5162543	IS_AST_PARENT	
5162541	5162542	IS_AST_PARENT	
5162538	5162541	IS_AST_PARENT	
5162537	5162538	IS_AST_PARENT	
5162546	5162547	IS_AST_PARENT	
5162545	5162546	IS_AST_PARENT	
5162549	5162550	IS_AST_PARENT	
5162548	5162549	IS_AST_PARENT	
5162545	5162548	IS_AST_PARENT	
5162544	5162545	IS_AST_PARENT	
5162552	5162553	IS_AST_PARENT	
5162551	5162552	IS_AST_PARENT	
5162555	5162556	IS_AST_PARENT	
5162554	5162555	IS_AST_PARENT	
5162551	5162554	IS_AST_PARENT	
5162544	5162551	IS_AST_PARENT	
5162537	5162544	IS_AST_PARENT	
5162535	5162537	IS_AST_PARENT	
5162534	5162535	IS_AST_PARENT	
5162352	5162534	IS_AST_PARENT	
5162559	5162560	IS_AST_PARENT	
5162561	5162562	IS_AST_PARENT	
5162561	5162563	IS_AST_PARENT	
5162559	5162561	IS_AST_PARENT	
5162558	5162559	IS_AST_PARENT	
5162558	5162564	IS_AST_PARENT	
5162557	5162558	IS_AST_PARENT	
5162352	5162557	IS_AST_PARENT	
5162567	5162568	IS_AST_PARENT	
5162569	5162570	IS_AST_PARENT	
5162569	5162571	IS_AST_PARENT	
5162567	5162569	IS_AST_PARENT	
5162566	5162567	IS_AST_PARENT	
5162566	5162572	IS_AST_PARENT	
5162565	5162566	IS_AST_PARENT	
5162352	5162565	IS_AST_PARENT	
5162575	5162576	IS_AST_PARENT	
5162575	5162577	IS_AST_PARENT	
5162574	5162575	IS_AST_PARENT	
5162573	5162574	IS_AST_PARENT	
5162581	5162582	IS_AST_PARENT	
5162583	5162584	IS_AST_PARENT	
5162583	5162585	IS_AST_PARENT	
5162581	5162583	IS_AST_PARENT	
5162580	5162581	IS_AST_PARENT	
5162580	5162586	IS_AST_PARENT	
5162579	5162580	IS_AST_PARENT	
5162578	5162579	IS_AST_PARENT	
5162573	5162578	IS_AST_PARENT	
5162352	5162573	IS_AST_PARENT	
5162589	5162590	IS_AST_PARENT	
5162589	5162591	IS_AST_PARENT	
5162588	5162589	IS_AST_PARENT	
5162587	5162588	IS_AST_PARENT	
5162595	5162596	IS_AST_PARENT	
5162597	5162598	IS_AST_PARENT	
5162597	5162599	IS_AST_PARENT	
5162595	5162597	IS_AST_PARENT	
5162594	5162595	IS_AST_PARENT	
5162594	5162600	IS_AST_PARENT	
5162593	5162594	IS_AST_PARENT	
5162592	5162593	IS_AST_PARENT	
5162587	5162592	IS_AST_PARENT	
5162352	5162587	IS_AST_PARENT	
5162602	5162603	IS_AST_PARENT	
5162602	5162604	IS_AST_PARENT	
5162601	5162602	IS_AST_PARENT	
5162352	5162601	IS_AST_PARENT	
5162609	5162610	IS_AST_PARENT	
5162609	5162611	IS_AST_PARENT	
5162608	5162609	IS_AST_PARENT	
5162608	5162612	IS_AST_PARENT	
5162607	5162608	IS_AST_PARENT	
5162614	5162615	IS_AST_PARENT	
5162614	5162616	IS_AST_PARENT	
5162613	5162614	IS_AST_PARENT	
5162613	5162617	IS_AST_PARENT	
5162607	5162613	IS_AST_PARENT	
5162606	5162607	IS_AST_PARENT	
5162605	5162606	IS_AST_PARENT	
5162620	5162621	IS_AST_PARENT	
5162622	5162623	IS_AST_PARENT	
5162622	5162624	IS_AST_PARENT	
5162620	5162622	IS_AST_PARENT	
5162619	5162620	IS_AST_PARENT	
5162618	5162619	IS_AST_PARENT	
5162605	5162618	IS_AST_PARENT	
5162352	5162605	IS_AST_PARENT	
5162626	5162627	IS_AST_PARENT	
5162629	5162630	IS_AST_PARENT	
5162628	5162629	IS_AST_PARENT	
5162632	5162633	IS_AST_PARENT	
5162631	5162632	IS_AST_PARENT	
5162634	5162635	IS_AST_PARENT	
5162631	5162634	IS_AST_PARENT	
5162636	5162637	IS_AST_PARENT	
5162631	5162636	IS_AST_PARENT	
5162638	5162639	IS_AST_PARENT	
5162631	5162638	IS_AST_PARENT	
5162640	5162641	IS_AST_PARENT	
5162631	5162640	IS_AST_PARENT	
5162642	5162643	IS_AST_PARENT	
5162631	5162642	IS_AST_PARENT	
5162644	5162645	IS_AST_PARENT	
5162631	5162644	IS_AST_PARENT	
5162628	5162631	IS_AST_PARENT	
5162626	5162628	IS_AST_PARENT	
5162625	5162626	IS_AST_PARENT	
5162352	5162625	IS_AST_PARENT	
5162648	5162649	IS_AST_PARENT	
5162647	5162648	IS_AST_PARENT	
5162651	5162652	IS_AST_PARENT	
5162650	5162651	IS_AST_PARENT	
5162647	5162650	IS_AST_PARENT	
5162646	5162647	IS_AST_PARENT	
5162352	5162646	IS_AST_PARENT	
5162653	5162654	IS_AST_PARENT	
5162352	5162653	IS_AST_PARENT	
5162337	5162352	IS_AST_PARENT	
5162658	5162659	IS_AST_PARENT	
5162661	5162662	IS_AST_PARENT	
5162660	5162661	IS_AST_PARENT	
5162664	5162665	IS_AST_PARENT	
5162663	5162664	IS_AST_PARENT	
5162660	5162663	IS_AST_PARENT	
5162658	5162660	IS_AST_PARENT	
5162657	5162658	IS_AST_PARENT	
5162656	5162657	IS_AST_PARENT	
5162667	5162668	IS_AST_PARENT	
5162670	5162671	IS_AST_PARENT	
5162669	5162670	IS_AST_PARENT	
5162673	5162674	IS_AST_PARENT	
5162672	5162673	IS_AST_PARENT	
5162669	5162672	IS_AST_PARENT	
5162667	5162669	IS_AST_PARENT	
5162666	5162667	IS_AST_PARENT	
5162656	5162666	IS_AST_PARENT	
5162677	5162678	IS_AST_PARENT	
5162677	5162679	IS_AST_PARENT	
5162676	5162677	IS_AST_PARENT	
5162675	5162676	IS_AST_PARENT	
5162681	5162682	IS_AST_PARENT	
5162681	5162683	IS_AST_PARENT	
5162680	5162681	IS_AST_PARENT	
5162675	5162680	IS_AST_PARENT	
5162656	5162675	IS_AST_PARENT	
5162685	5162686	IS_AST_PARENT	
5162688	5162689	IS_AST_PARENT	
5162687	5162688	IS_AST_PARENT	
5162691	5162692	IS_AST_PARENT	
5162690	5162691	IS_AST_PARENT	
5162687	5162690	IS_AST_PARENT	
5162685	5162687	IS_AST_PARENT	
5162684	5162685	IS_AST_PARENT	
5162656	5162684	IS_AST_PARENT	
5162694	5162695	IS_AST_PARENT	
5162698	5162699	IS_AST_PARENT	
5162697	5162698	IS_AST_PARENT	
5162701	5162702	IS_AST_PARENT	
5162700	5162701	IS_AST_PARENT	
5162697	5162700	IS_AST_PARENT	
5162696	5162697	IS_AST_PARENT	
5162705	5162706	IS_AST_PARENT	
5162704	5162705	IS_AST_PARENT	
5162708	5162709	IS_AST_PARENT	
5162707	5162708	IS_AST_PARENT	
5162704	5162707	IS_AST_PARENT	
5162703	5162704	IS_AST_PARENT	
5162711	5162712	IS_AST_PARENT	
5162710	5162711	IS_AST_PARENT	
5162714	5162715	IS_AST_PARENT	
5162713	5162714	IS_AST_PARENT	
5162710	5162713	IS_AST_PARENT	
5162703	5162710	IS_AST_PARENT	
5162696	5162703	IS_AST_PARENT	
5162694	5162696	IS_AST_PARENT	
5162693	5162694	IS_AST_PARENT	
5162656	5162693	IS_AST_PARENT	
5162718	5162719	IS_AST_PARENT	
5162718	5162720	IS_AST_PARENT	
5162717	5162718	IS_AST_PARENT	
5162716	5162717	IS_AST_PARENT	
5162723	5162724	IS_AST_PARENT	
5162722	5162723	IS_AST_PARENT	
5162727	5162728	IS_AST_PARENT	
5162730	5162731	IS_AST_PARENT	
5162729	5162730	IS_AST_PARENT	
5162733	5162734	IS_AST_PARENT	
5162732	5162733	IS_AST_PARENT	
5162729	5162732	IS_AST_PARENT	
5162727	5162729	IS_AST_PARENT	
5162726	5162727	IS_AST_PARENT	
5162725	5162726	IS_AST_PARENT	
5162722	5162725	IS_AST_PARENT	
5162738	5162739	IS_AST_PARENT	
5162741	5162742	IS_AST_PARENT	
5162740	5162741	IS_AST_PARENT	
5162744	5162745	IS_AST_PARENT	
5162743	5162744	IS_AST_PARENT	
5162740	5162743	IS_AST_PARENT	
5162738	5162740	IS_AST_PARENT	
5162737	5162738	IS_AST_PARENT	
5162736	5162737	IS_AST_PARENT	
5162735	5162736	IS_AST_PARENT	
5162722	5162735	IS_AST_PARENT	
5162721	5162722	IS_AST_PARENT	
5162716	5162721	IS_AST_PARENT	
5162749	5162750	IS_AST_PARENT	
5162752	5162753	IS_AST_PARENT	
5162751	5162752	IS_AST_PARENT	
5162755	5162756	IS_AST_PARENT	
5162754	5162755	IS_AST_PARENT	
5162751	5162754	IS_AST_PARENT	
5162749	5162751	IS_AST_PARENT	
5162748	5162749	IS_AST_PARENT	
5162747	5162748	IS_AST_PARENT	
5162746	5162747	IS_AST_PARENT	
5162716	5162746	IS_AST_PARENT	
5162656	5162716	IS_AST_PARENT	
5162758	5162759	IS_AST_PARENT	
5162761	5162762	IS_AST_PARENT	
5162760	5162761	IS_AST_PARENT	
5162764	5162765	IS_AST_PARENT	
5162763	5162764	IS_AST_PARENT	
5162760	5162763	IS_AST_PARENT	
5162758	5162760	IS_AST_PARENT	
5162757	5162758	IS_AST_PARENT	
5162656	5162757	IS_AST_PARENT	
5162768	5162769	IS_AST_PARENT	
5162768	5162770	IS_AST_PARENT	
5162767	5162768	IS_AST_PARENT	
5162766	5162767	IS_AST_PARENT	
5162772	5162773	IS_AST_PARENT	
5162772	5162774	IS_AST_PARENT	
5162771	5162772	IS_AST_PARENT	
5162766	5162771	IS_AST_PARENT	
5162656	5162766	IS_AST_PARENT	
5162776	5162777	IS_AST_PARENT	
5162779	5162780	IS_AST_PARENT	
5162778	5162779	IS_AST_PARENT	
5162782	5162783	IS_AST_PARENT	
5162781	5162782	IS_AST_PARENT	
5162778	5162781	IS_AST_PARENT	
5162776	5162778	IS_AST_PARENT	
5162775	5162776	IS_AST_PARENT	
5162656	5162775	IS_AST_PARENT	
5162785	5162786	IS_AST_PARENT	
5162789	5162790	IS_AST_PARENT	
5162788	5162789	IS_AST_PARENT	
5162792	5162793	IS_AST_PARENT	
5162791	5162792	IS_AST_PARENT	
5162788	5162791	IS_AST_PARENT	
5162787	5162788	IS_AST_PARENT	
5162796	5162797	IS_AST_PARENT	
5162795	5162796	IS_AST_PARENT	
5162799	5162800	IS_AST_PARENT	
5162798	5162799	IS_AST_PARENT	
5162795	5162798	IS_AST_PARENT	
5162794	5162795	IS_AST_PARENT	
5162802	5162803	IS_AST_PARENT	
5162801	5162802	IS_AST_PARENT	
5162805	5162806	IS_AST_PARENT	
5162804	5162805	IS_AST_PARENT	
5162801	5162804	IS_AST_PARENT	
5162794	5162801	IS_AST_PARENT	
5162787	5162794	IS_AST_PARENT	
5162785	5162787	IS_AST_PARENT	
5162784	5162785	IS_AST_PARENT	
5162656	5162784	IS_AST_PARENT	
5162809	5162810	IS_AST_PARENT	
5162811	5162812	IS_AST_PARENT	
5162811	5162813	IS_AST_PARENT	
5162809	5162811	IS_AST_PARENT	
5162808	5162809	IS_AST_PARENT	
5162808	5162814	IS_AST_PARENT	
5162807	5162808	IS_AST_PARENT	
5162656	5162807	IS_AST_PARENT	
5162818	5162819	IS_AST_PARENT	
5162818	5162820	IS_AST_PARENT	
5162817	5162818	IS_AST_PARENT	
5162821	5162822	IS_AST_PARENT	
5162821	5162823	IS_AST_PARENT	
5162817	5162821	IS_AST_PARENT	
5162816	5162817	IS_AST_PARENT	
5162815	5162816	IS_AST_PARENT	
5162827	5162828	IS_AST_PARENT	
5162829	5162830	IS_AST_PARENT	
5162829	5162831	IS_AST_PARENT	
5162827	5162829	IS_AST_PARENT	
5162826	5162827	IS_AST_PARENT	
5162826	5162832	IS_AST_PARENT	
5162825	5162826	IS_AST_PARENT	
5162824	5162825	IS_AST_PARENT	
5162835	5162836	IS_AST_PARENT	
5162837	5162838	IS_AST_PARENT	
5162837	5162839	IS_AST_PARENT	
5162835	5162837	IS_AST_PARENT	
5162834	5162835	IS_AST_PARENT	
5162834	5162840	IS_AST_PARENT	
5162833	5162834	IS_AST_PARENT	
5162824	5162833	IS_AST_PARENT	
5162815	5162824	IS_AST_PARENT	
5162656	5162815	IS_AST_PARENT	
5162843	5162844	IS_AST_PARENT	
5162843	5162845	IS_AST_PARENT	
5162842	5162843	IS_AST_PARENT	
5162841	5162842	IS_AST_PARENT	
5162849	5162850	IS_AST_PARENT	
5162851	5162852	IS_AST_PARENT	
5162851	5162853	IS_AST_PARENT	
5162849	5162851	IS_AST_PARENT	
5162848	5162849	IS_AST_PARENT	
5162848	5162854	IS_AST_PARENT	
5162847	5162848	IS_AST_PARENT	
5162846	5162847	IS_AST_PARENT	
5162841	5162846	IS_AST_PARENT	
5162656	5162841	IS_AST_PARENT	
5162857	5162858	IS_AST_PARENT	
5162857	5162859	IS_AST_PARENT	
5162856	5162857	IS_AST_PARENT	
5162855	5162856	IS_AST_PARENT	
5162863	5162864	IS_AST_PARENT	
5162865	5162866	IS_AST_PARENT	
5162865	5162867	IS_AST_PARENT	
5162863	5162865	IS_AST_PARENT	
5162862	5162863	IS_AST_PARENT	
5162862	5162868	IS_AST_PARENT	
5162861	5162862	IS_AST_PARENT	
5162860	5162861	IS_AST_PARENT	
5162855	5162860	IS_AST_PARENT	
5162656	5162855	IS_AST_PARENT	
5162870	5162871	IS_AST_PARENT	
5162870	5162872	IS_AST_PARENT	
5162869	5162870	IS_AST_PARENT	
5162656	5162869	IS_AST_PARENT	
5162877	5162878	IS_AST_PARENT	
5162877	5162879	IS_AST_PARENT	
5162876	5162877	IS_AST_PARENT	
5162876	5162880	IS_AST_PARENT	
5162875	5162876	IS_AST_PARENT	
5162882	5162883	IS_AST_PARENT	
5162882	5162884	IS_AST_PARENT	
5162881	5162882	IS_AST_PARENT	
5162881	5162885	IS_AST_PARENT	
5162875	5162881	IS_AST_PARENT	
5162874	5162875	IS_AST_PARENT	
5162873	5162874	IS_AST_PARENT	
5162888	5162889	IS_AST_PARENT	
5162890	5162891	IS_AST_PARENT	
5162890	5162892	IS_AST_PARENT	
5162888	5162890	IS_AST_PARENT	
5162887	5162888	IS_AST_PARENT	
5162886	5162887	IS_AST_PARENT	
5162873	5162886	IS_AST_PARENT	
5162656	5162873	IS_AST_PARENT	
5162895	5162896	IS_AST_PARENT	
5162894	5162895	IS_AST_PARENT	
5162898	5162899	IS_AST_PARENT	
5162897	5162898	IS_AST_PARENT	
5162900	5162901	IS_AST_PARENT	
5162897	5162900	IS_AST_PARENT	
5162902	5162903	IS_AST_PARENT	
5162897	5162902	IS_AST_PARENT	
5162904	5162905	IS_AST_PARENT	
5162897	5162904	IS_AST_PARENT	
5162906	5162907	IS_AST_PARENT	
5162897	5162906	IS_AST_PARENT	
5162909	5162910	IS_AST_PARENT	
5162909	5162911	IS_AST_PARENT	
5162908	5162909	IS_AST_PARENT	
5162897	5162908	IS_AST_PARENT	
5162912	5162913	IS_AST_PARENT	
5162897	5162912	IS_AST_PARENT	
5162894	5162897	IS_AST_PARENT	
5162893	5162894	IS_AST_PARENT	
5162656	5162893	IS_AST_PARENT	
5162655	5162656	IS_AST_PARENT	
5162337	5162655	IS_AST_PARENT	
5162280	5162337	IS_AST_PARENT	
5162279	5162280	IS_AST_PARENT	
5162279	5162914	IS_AST_PARENT	
5162279	5162915	IS_AST_PARENT	
5162917	5162918	IS_AST_PARENT	
5162917	5162919	IS_AST_PARENT	
5162916	5162917	IS_AST_PARENT	
5162920	5162921	IS_AST_PARENT	
5162920	5162922	IS_AST_PARENT	
5162916	5162920	IS_AST_PARENT	
5162923	5162924	IS_AST_PARENT	
5162923	5162925	IS_AST_PARENT	
5162916	5162923	IS_AST_PARENT	
5162926	5162927	IS_AST_PARENT	
5162926	5162928	IS_AST_PARENT	
5162916	5162926	IS_AST_PARENT	
5162929	5162930	IS_AST_PARENT	
5162929	5162931	IS_AST_PARENT	
5162916	5162929	IS_AST_PARENT	
5162932	5162933	IS_AST_PARENT	
5162932	5162934	IS_AST_PARENT	
5162916	5162932	IS_AST_PARENT	
5162935	5162936	IS_AST_PARENT	
5162935	5162937	IS_AST_PARENT	
5162916	5162935	IS_AST_PARENT	
5162938	5162939	IS_AST_PARENT	
5162938	5162940	IS_AST_PARENT	
5162916	5162938	IS_AST_PARENT	
5162279	5162916	IS_AST_PARENT	
5162941	5162917	FLOWS_TO	
5162917	5162920	FLOWS_TO	
5162920	5162923	FLOWS_TO	
5162923	5162926	FLOWS_TO	
5162926	5162929	FLOWS_TO	
5162929	5162932	FLOWS_TO	
5162932	5162935	FLOWS_TO	
5162935	5162938	FLOWS_TO	
5162938	5162281	FLOWS_TO	
5162281	5162288	FLOWS_TO	
5162288	5162295	FLOWS_TO	
5162295	5162302	FLOWS_TO	
5162302	5162309	FLOWS_TO	
5162309	5162314	FLOWS_TO	
5162314	5162321	FLOWS_TO	
5162321	5162325	FLOWS_TO	
5162325	5162338	FLOWS_TO	
5162338	5162353	FLOWS_TO	
5162338	5162657	FLOWS_TO	
5162353	5162357	FLOWS_TO	
5162357	5162361	FLOWS_TO	
5162361	5162378	FLOWS_TO	
5162378	5162383	FLOWS_TO	
5162383	5162396	FLOWS_TO	
5162383	5162402	FLOWS_TO	
5162396	5162402	FLOWS_TO	
5162402	5162415	FLOWS_TO	
5162415	5162422	FLOWS_TO	
5162422	5162431	FLOWS_TO	
5162431	5162441	FLOWS_TO	
5162441	5162445	FLOWS_TO	
5162441	5162449	FLOWS_TO	
5162445	5162449	FLOWS_TO	
5162449	5162458	FLOWS_TO	
5162458	5162482	FLOWS_TO	
5162482	5162487	FLOWS_TO	
5162482	5162498	FLOWS_TO	
5162487	5162507	FLOWS_TO	
5162498	5162507	FLOWS_TO	
5162507	5162517	FLOWS_TO	
5162517	5162521	FLOWS_TO	
5162517	5162525	FLOWS_TO	
5162521	5162525	FLOWS_TO	
5162525	5162534	FLOWS_TO	
5162534	5162557	FLOWS_TO	
5162557	5162565	FLOWS_TO	
5162565	5162574	FLOWS_TO	
5162574	5162579	FLOWS_TO	
5162574	5162588	FLOWS_TO	
5162579	5162588	FLOWS_TO	
5162588	5162593	FLOWS_TO	
5162588	5162601	FLOWS_TO	
5162593	5162601	FLOWS_TO	
5162601	5162606	FLOWS_TO	
5162606	5162619	FLOWS_TO	
5162606	5162625	FLOWS_TO	
5162619	5162625	FLOWS_TO	
5162625	5162646	FLOWS_TO	
5162646	5162653	FLOWS_TO	
5162653	5162942	FLOWS_TO	
5162657	5162666	FLOWS_TO	
5162666	5162676	FLOWS_TO	
5162676	5162680	FLOWS_TO	
5162676	5162684	FLOWS_TO	
5162680	5162684	FLOWS_TO	
5162684	5162693	FLOWS_TO	
5162693	5162717	FLOWS_TO	
5162717	5162723	FLOWS_TO	
5162717	5162748	FLOWS_TO	
5162723	5162726	FLOWS_TO	
5162723	5162737	FLOWS_TO	
5162726	5162757	FLOWS_TO	
5162737	5162757	FLOWS_TO	
5162748	5162757	FLOWS_TO	
5162757	5162767	FLOWS_TO	
5162767	5162771	FLOWS_TO	
5162767	5162775	FLOWS_TO	
5162771	5162775	FLOWS_TO	
5162775	5162784	FLOWS_TO	
5162784	5162807	FLOWS_TO	
5162807	5162816	FLOWS_TO	
5162816	5162825	FLOWS_TO	
5162816	5162842	FLOWS_TO	
5162825	5162833	FLOWS_TO	
5162833	5162842	FLOWS_TO	
5162842	5162847	FLOWS_TO	
5162842	5162856	FLOWS_TO	
5162847	5162856	FLOWS_TO	
5162856	5162861	FLOWS_TO	
5162856	5162869	FLOWS_TO	
5162861	5162869	FLOWS_TO	
5162869	5162874	FLOWS_TO	
5162874	5162887	FLOWS_TO	
5162874	5162893	FLOWS_TO	
5162887	5162893	FLOWS_TO	
5162893	5162942	FLOWS_TO	
5162935	5162943	DEF	
5162361	5162943	USE	
5162374	5162943	USE	
5162396	5162944	USE	
5162397	5162944	USE	
5162619	5162944	USE	
5162620	5162944	USE	
5162887	5162944	USE	
5162888	5162944	USE	
5162938	5162945	DEF	
5162325	5162945	USE	
5162335	5162945	USE	
5162361	5162945	USE	
5162376	5162945	USE	
5162321	5162946	DEF	
5162322	5162946	DEF	
5162378	5162946	DEF	
5162379	5162946	DEF	
5162396	5162946	DEF	
5162397	5162946	DEF	
5162396	5162946	USE	
5162397	5162946	USE	
5162402	5162946	USE	
5162413	5162946	USE	
5162601	5162946	DEF	
5162602	5162946	DEF	
5162619	5162946	USE	
5162620	5162946	USE	
5162619	5162946	DEF	
5162620	5162946	DEF	
5162625	5162946	USE	
5162644	5162946	USE	
5162869	5162946	DEF	
5162870	5162946	DEF	
5162887	5162946	DEF	
5162888	5162946	DEF	
5162887	5162946	USE	
5162888	5162946	USE	
5162893	5162946	USE	
5162912	5162946	USE	
5162325	5162947	USE	
5162329	5162947	USE	
5162917	5162948	DEF	
5162361	5162948	USE	
5162368	5162948	USE	
5162657	5162948	USE	
5162664	5162948	USE	
5162726	5162948	USE	
5162733	5162948	USE	
5162807	5162948	USE	
5162808	5162948	USE	
5162923	5162949	DEF	
5162487	5162949	USE	
5162494	5162949	USE	
5162574	5162949	USE	
5162579	5162949	USE	
5162580	5162949	USE	
5162737	5162949	USE	
5162744	5162949	USE	
5162842	5162949	USE	
5162847	5162949	USE	
5162848	5162949	USE	
5162288	5162950	DEF	
5162292	5162950	DEF	
5162487	5162950	DEF	
5162488	5162950	DEF	
5162498	5162950	DEF	
5162499	5162950	DEF	
5162507	5162950	USE	
5162514	5162950	USE	
5162525	5162950	USE	
5162532	5162950	USE	
5162726	5162950	DEF	
5162727	5162950	DEF	
5162737	5162950	DEF	
5162738	5162950	DEF	
5162748	5162950	DEF	
5162749	5162950	DEF	
5162757	5162950	USE	
5162764	5162950	USE	
5162775	5162950	USE	
5162782	5162950	USE	
5162383	5162951	USE	
5162606	5162951	USE	
5162874	5162951	USE	
5162402	5162952	USE	
5162403	5162952	USE	
5162295	5162953	DEF	
5162296	5162953	DEF	
5162449	5162953	DEF	
5162450	5162953	DEF	
5162458	5162953	USE	
5162473	5162953	USE	
5162684	5162953	DEF	
5162685	5162953	DEF	
5162693	5162953	USE	
5162708	5162953	USE	
5162281	5162954	DEF	
5162282	5162954	DEF	
5162458	5162954	DEF	
5162459	5162954	DEF	
5162625	5162954	USE	
5162638	5162954	USE	
5162693	5162954	DEF	
5162694	5162954	DEF	
5162893	5162954	USE	
5162904	5162954	USE	
5162458	5162955	USE	
5162459	5162955	USE	
5162534	5162955	USE	
5162535	5162955	USE	
5162693	5162955	USE	
5162694	5162955	USE	
5162784	5162955	USE	
5162785	5162955	USE	
5162625	5162956	USE	
5162626	5162956	USE	
5162893	5162956	USE	
5162309	5162957	DEF	
5162310	5162957	DEF	
5162557	5162957	USE	
5162559	5162957	USE	
5162565	5162957	USE	
5162567	5162957	USE	
5162579	5162957	USE	
5162581	5162957	USE	
5162593	5162957	USE	
5162595	5162957	USE	
5162625	5162957	USE	
5162634	5162957	USE	
5162807	5162957	USE	
5162809	5162957	USE	
5162825	5162957	USE	
5162827	5162957	USE	
5162833	5162957	USE	
5162835	5162957	USE	
5162847	5162957	USE	
5162849	5162957	USE	
5162861	5162957	USE	
5162863	5162957	USE	
5162893	5162957	USE	
5162900	5162957	USE	
5162295	5162958	DEF	
5162299	5162958	DEF	
5162525	5162958	DEF	
5162526	5162958	DEF	
5162534	5162958	USE	
5162549	5162958	USE	
5162775	5162958	DEF	
5162776	5162958	DEF	
5162784	5162958	USE	
5162799	5162958	USE	
5162422	5162959	USE	
5162423	5162959	USE	
5162487	5162959	USE	
5162488	5162959	USE	
5162657	5162959	USE	
5162658	5162959	USE	
5162737	5162959	USE	
5162738	5162959	USE	
5162932	5162960	DEF	
5162338	5162960	USE	
5162723	5162960	USE	
5162816	5162960	USE	
5162281	5162961	DEF	
5162285	5162961	DEF	
5162534	5162961	DEF	
5162535	5162961	DEF	
5162625	5162961	USE	
5162640	5162961	USE	
5162784	5162961	DEF	
5162785	5162961	DEF	
5162893	5162961	USE	
5162906	5162961	USE	
5162338	5162962	USE	
5162383	5162962	USE	
5162606	5162962	USE	
5162874	5162962	USE	
5162893	5162962	USE	
5162908	5162962	USE	
5162338	5162963	USE	
5162625	5162963	USE	
5162642	5162963	USE	
5162458	5162964	USE	
5162459	5162964	USE	
5162534	5162964	USE	
5162535	5162964	USE	
5162693	5162964	USE	
5162694	5162964	USE	
5162784	5162964	USE	
5162785	5162964	USE	
5162920	5162965	DEF	
5162338	5162965	USE	
5162361	5162965	USE	
5162370	5162965	USE	
5162565	5162965	USE	
5162566	5162965	USE	
5162816	5162965	USE	
5162825	5162965	USE	
5162826	5162965	USE	
5162833	5162965	USE	
5162834	5162965	USE	
5162431	5162966	USE	
5162432	5162966	USE	
5162507	5162966	USE	
5162508	5162966	USE	
5162666	5162966	USE	
5162667	5162966	USE	
5162757	5162966	USE	
5162758	5162966	USE	
5162557	5162967	DEF	
5162558	5162967	DEF	
5162565	5162967	DEF	
5162566	5162967	DEF	
5162579	5162967	DEF	
5162580	5162967	DEF	
5162593	5162967	DEF	
5162594	5162967	DEF	
5162807	5162967	DEF	
5162808	5162967	DEF	
5162825	5162967	DEF	
5162826	5162967	DEF	
5162833	5162967	DEF	
5162834	5162967	DEF	
5162847	5162967	DEF	
5162848	5162967	DEF	
5162861	5162967	DEF	
5162862	5162967	DEF	
5162338	5162968	USE	
5162482	5162968	USE	
5162574	5162968	USE	
5162588	5162968	USE	
5162717	5162968	USE	
5162816	5162968	USE	
5162842	5162968	USE	
5162856	5162968	USE	
5162498	5162969	USE	
5162499	5162969	USE	
5162726	5162969	USE	
5162727	5162969	USE	
5162748	5162969	USE	
5162749	5162969	USE	
5162926	5162970	DEF	
5162482	5162970	USE	
5162498	5162970	USE	
5162505	5162970	USE	
5162588	5162970	USE	
5162593	5162970	USE	
5162594	5162970	USE	
5162717	5162970	USE	
5162748	5162970	USE	
5162755	5162970	USE	
5162856	5162970	USE	
5162861	5162970	USE	
5162862	5162970	USE	
5162338	5162971	USE	
5162893	5162971	USE	
5162908	5162971	USE	
5162325	5162972	DEF	
5162326	5162972	DEF	
5162329	5162972	DEF	
5162625	5162972	USE	
5162632	5162972	USE	
5162893	5162972	USE	
5162898	5162972	USE	
5162383	5162973	USE	
5162606	5162973	USE	
5162874	5162973	USE	
5162458	5162974	USE	
5162459	5162974	USE	
5162534	5162974	USE	
5162535	5162974	USE	
5162693	5162974	USE	
5162694	5162974	USE	
5162784	5162974	USE	
5162785	5162974	USE	
5162288	5162975	DEF	
5162289	5162975	DEF	
5162422	5162975	DEF	
5162423	5162975	DEF	
5162431	5162975	USE	
5162438	5162975	USE	
5162449	5162975	USE	
5162456	5162975	USE	
5162657	5162975	DEF	
5162658	5162975	DEF	
5162666	5162975	USE	
5162673	5162975	USE	
5162684	5162975	USE	
5162691	5162975	USE	
5162357	5162976	DEF	
5162358	5162976	DEF	
5162361	5162976	DEF	
5162362	5162976	DEF	
5162402	5162976	USE	
5162409	5162976	USE	
5162415	5162976	USE	
5162420	5162976	USE	
5162625	5162976	DEF	
5162626	5162976	DEF	
5162653	5162976	USE	
5162929	5162977	DEF	
5162338	5162977	USE	
5162345	5162977	USE	
5162361	5162977	USE	
5162372	5162977	USE	
5162383	5162977	USE	
5162391	5162977	USE	
5162386	5162977	USE	
5162606	5162977	USE	
5162609	5162977	USE	
5162614	5162977	USE	
5162874	5162977	USE	
5162877	5162977	USE	
5162882	5162977	USE	
5162893	5162977	USE	
5162909	5162977	USE	
5162353	5162978	DEF	
5162354	5162978	DEF	
5162402	5162978	DEF	
5162403	5162978	DEF	
5162422	5162978	USE	
5162429	5162978	USE	
5162557	5162978	USE	
5162558	5162978	USE	
5162646	5162978	USE	
5162651	5162978	USE	
5162302	5162979	DEF	
5162306	5162979	DEF	
5162507	5162979	DEF	
5162508	5162979	DEF	
5162517	5162979	USE	
5162521	5162979	DEF	
5162522	5162979	DEF	
5162534	5162979	USE	
5162542	5162979	USE	
5162757	5162979	DEF	
5162758	5162979	DEF	
5162767	5162979	USE	
5162771	5162979	DEF	
5162772	5162979	DEF	
5162784	5162979	USE	
5162792	5162979	USE	
5162302	5162980	DEF	
5162303	5162980	DEF	
5162431	5162980	DEF	
5162432	5162980	DEF	
5162441	5162980	USE	
5162445	5162980	DEF	
5162446	5162980	DEF	
5162458	5162980	USE	
5162466	5162980	USE	
5162666	5162980	DEF	
5162667	5162980	DEF	
5162676	5162980	USE	
5162680	5162980	DEF	
5162681	5162980	DEF	
5162693	5162980	USE	
5162701	5162980	USE	
5162449	5162981	USE	
5162450	5162981	USE	
5162525	5162981	USE	
5162526	5162981	USE	
5162684	5162981	USE	
5162685	5162981	USE	
5162775	5162981	USE	
5162776	5162981	USE	
5162378	5162982	USE	
5162379	5162982	USE	
5162601	5162982	USE	
5162602	5162982	USE	
5162869	5162982	USE	
5162870	5162982	USE	
5162361	5162983	USE	
5162362	5162983	USE	
5162314	5162984	DEF	
5162318	5162984	DEF	
5162315	5162984	DEF	
5162557	5162984	USE	
5162561	5162984	USE	
5162557	5162984	DEF	
5162561	5162984	DEF	
5162565	5162984	DEF	
5162569	5162984	DEF	
5162565	5162984	USE	
5162569	5162984	USE	
5162579	5162984	DEF	
5162583	5162984	DEF	
5162579	5162984	USE	
5162583	5162984	USE	
5162593	5162984	USE	
5162597	5162984	USE	
5162593	5162984	DEF	
5162597	5162984	DEF	
5162625	5162984	USE	
5162636	5162984	USE	
5162807	5162984	USE	
5162811	5162984	USE	
5162807	5162984	DEF	
5162811	5162984	DEF	
5162825	5162984	DEF	
5162829	5162984	DEF	
5162825	5162984	USE	
5162829	5162984	USE	
5162833	5162984	USE	
5162837	5162984	USE	
5162833	5162984	DEF	
5162837	5162984	DEF	
5162847	5162984	DEF	
5162851	5162984	DEF	
5162847	5162984	USE	
5162851	5162984	USE	
5162861	5162984	DEF	
5162865	5162984	DEF	
5162861	5162984	USE	
5162865	5162984	USE	
5162893	5162984	USE	
5162902	5162984	USE	
5162383	5162985	USE	
5162606	5162985	USE	
5162874	5162985	USE	
5162458	5162625	REACHES	src_data_type
5162693	5162893	REACHES	src_data_type
5162325	5162625	REACHES	ctx
5162325	5162893	REACHES	ctx
5162507	5162517	REACHES	lcms_des_color_space
5162507	5162534	REACHES	lcms_des_color_space
5162521	5162534	REACHES	lcms_des_color_space
5162757	5162767	REACHES	lcms_des_color_space
5162757	5162784	REACHES	lcms_des_color_space
5162771	5162784	REACHES	lcms_des_color_space
5162378	5162396	REACHES	flag
5162396	5162402	REACHES	flag
5162378	5162402	REACHES	flag
5162601	5162619	REACHES	flag
5162601	5162625	REACHES	flag
5162619	5162625	REACHES	flag
5162869	5162887	REACHES	flag
5162869	5162893	REACHES	flag
5162887	5162893	REACHES	flag
5162917	5162361	REACHES	lcms_srchandle
5162917	5162657	REACHES	lcms_srchandle
5162917	5162726	REACHES	lcms_srchandle
5162917	5162807	REACHES	lcms_srchandle
5162534	5162625	REACHES	des_data_type
5162784	5162893	REACHES	des_data_type
5162923	5162487	REACHES	lcms_deshandle
5162923	5162574	REACHES	lcms_deshandle
5162923	5162579	REACHES	lcms_deshandle
5162923	5162737	REACHES	lcms_deshandle
5162923	5162842	REACHES	lcms_deshandle
5162923	5162847	REACHES	lcms_deshandle
5162748	5162757	REACHES	des_color_space
5162487	5162507	REACHES	des_color_space
5162498	5162507	REACHES	des_color_space
5162487	5162525	REACHES	des_color_space
5162498	5162525	REACHES	des_color_space
5162726	5162757	REACHES	des_color_space
5162737	5162757	REACHES	des_color_space
5162726	5162775	REACHES	des_color_space
5162737	5162775	REACHES	des_color_space
5162748	5162775	REACHES	des_color_space
5162449	5162458	REACHES	src_nChannels
5162684	5162693	REACHES	src_nChannels
5162309	5162807	REACHES	hProfiles
5162309	5162557	REACHES	hProfiles
5162309	5162565	REACHES	hProfiles
5162309	5162579	REACHES	hProfiles
5162309	5162593	REACHES	hProfiles
5162309	5162625	REACHES	hProfiles
5162309	5162825	REACHES	hProfiles
5162309	5162861	REACHES	hProfiles
5162309	5162893	REACHES	hProfiles
5162309	5162833	REACHES	hProfiles
5162309	5162847	REACHES	hProfiles
5162525	5162534	REACHES	des_nChannels
5162775	5162784	REACHES	des_nChannels
5162361	5162402	REACHES	temptransform
5162361	5162415	REACHES	temptransform
5162422	5162431	REACHES	src_color_space
5162422	5162449	REACHES	src_color_space
5162625	5162653	REACHES	temptransform
5162657	5162666	REACHES	src_color_space
5162657	5162684	REACHES	src_color_space
5162929	5162338	REACHES	rendering_params
5162929	5162361	REACHES	rendering_params
5162929	5162383	REACHES	rendering_params
5162929	5162606	REACHES	rendering_params
5162929	5162874	REACHES	rendering_params
5162929	5162893	REACHES	rendering_params
5162402	5162422	REACHES	src_to_proof
5162402	5162557	REACHES	src_to_proof
5162402	5162646	REACHES	src_to_proof
5162935	5162361	REACHES	cmm_flags
5162938	5162325	REACHES	memory
5162938	5162361	REACHES	memory
5162932	5162338	REACHES	src_dev_link
5162932	5162723	REACHES	src_dev_link
5162932	5162816	REACHES	src_dev_link
5162920	5162338	REACHES	lcms_proofhandle
5162920	5162361	REACHES	lcms_proofhandle
5162920	5162565	REACHES	lcms_proofhandle
5162920	5162816	REACHES	lcms_proofhandle
5162920	5162825	REACHES	lcms_proofhandle
5162920	5162833	REACHES	lcms_proofhandle
5162926	5162482	REACHES	lcms_devlinkhandle
5162926	5162498	REACHES	lcms_devlinkhandle
5162926	5162588	REACHES	lcms_devlinkhandle
5162926	5162593	REACHES	lcms_devlinkhandle
5162926	5162717	REACHES	lcms_devlinkhandle
5162926	5162748	REACHES	lcms_devlinkhandle
5162926	5162856	REACHES	lcms_devlinkhandle
5162926	5162861	REACHES	lcms_devlinkhandle
5162431	5162441	REACHES	lcms_src_color_space
5162445	5162458	REACHES	lcms_src_color_space
5162431	5162458	REACHES	lcms_src_color_space
5162666	5162676	REACHES	lcms_src_color_space
5162666	5162693	REACHES	lcms_src_color_space
5162680	5162693	REACHES	lcms_src_color_space
5162557	5162565	REACHES	nProfiles
5162314	5162557	REACHES	nProfiles
5162565	5162579	REACHES	nProfiles
5162825	5162833	REACHES	nProfiles
5162565	5162593	REACHES	nProfiles
5162579	5162593	REACHES	nProfiles
5162807	5162893	REACHES	nProfiles
5162807	5162861	REACHES	nProfiles
5162847	5162861	REACHES	nProfiles
5162833	5162893	REACHES	nProfiles
5162565	5162625	REACHES	nProfiles
5162579	5162625	REACHES	nProfiles
5162847	5162893	REACHES	nProfiles
5162833	5162847	REACHES	nProfiles
5162807	5162847	REACHES	nProfiles
5162593	5162625	REACHES	nProfiles
5162314	5162807	REACHES	nProfiles
5162833	5162861	REACHES	nProfiles
5162861	5162893	REACHES	nProfiles
5162807	5162825	REACHES	nProfiles
5162941	5162917	CONTROLS	
5162941	5162920	CONTROLS	
5162941	5162923	CONTROLS	
5162941	5162926	CONTROLS	
5162941	5162929	CONTROLS	
5162941	5162932	CONTROLS	
5162941	5162935	CONTROLS	
5162941	5162938	CONTROLS	
5162941	5162281	CONTROLS	
5162941	5162288	CONTROLS	
5162941	5162295	CONTROLS	
5162941	5162302	CONTROLS	
5162941	5162309	CONTROLS	
5162941	5162314	CONTROLS	
5162941	5162321	CONTROLS	
5162941	5162325	CONTROLS	
5162941	5162338	CONTROLS	
5162338	5162353	CONTROLS	
5162338	5162357	CONTROLS	
5162338	5162361	CONTROLS	
5162338	5162378	CONTROLS	
5162338	5162383	CONTROLS	
5162338	5162402	CONTROLS	
5162338	5162415	CONTROLS	
5162338	5162422	CONTROLS	
5162338	5162431	CONTROLS	
5162338	5162441	CONTROLS	
5162338	5162449	CONTROLS	
5162338	5162458	CONTROLS	
5162338	5162482	CONTROLS	
5162338	5162507	CONTROLS	
5162338	5162517	CONTROLS	
5162338	5162525	CONTROLS	
5162338	5162534	CONTROLS	
5162338	5162557	CONTROLS	
5162338	5162565	CONTROLS	
5162338	5162574	CONTROLS	
5162338	5162588	CONTROLS	
5162338	5162601	CONTROLS	
5162338	5162606	CONTROLS	
5162338	5162625	CONTROLS	
5162338	5162646	CONTROLS	
5162338	5162653	CONTROLS	
5162338	5162657	CONTROLS	
5162338	5162666	CONTROLS	
5162338	5162676	CONTROLS	
5162338	5162684	CONTROLS	
5162338	5162693	CONTROLS	
5162338	5162717	CONTROLS	
5162338	5162757	CONTROLS	
5162338	5162767	CONTROLS	
5162338	5162775	CONTROLS	
5162338	5162784	CONTROLS	
5162338	5162807	CONTROLS	
5162338	5162816	CONTROLS	
5162338	5162842	CONTROLS	
5162338	5162856	CONTROLS	
5162338	5162869	CONTROLS	
5162338	5162874	CONTROLS	
5162338	5162893	CONTROLS	
5162383	5162396	CONTROLS	
5162441	5162445	CONTROLS	
5162482	5162487	CONTROLS	
5162482	5162498	CONTROLS	
5162517	5162521	CONTROLS	
5162574	5162579	CONTROLS	
5162588	5162593	CONTROLS	
5162606	5162619	CONTROLS	
5162676	5162680	CONTROLS	
5162717	5162723	CONTROLS	
5162717	5162748	CONTROLS	
5162723	5162726	CONTROLS	
5162723	5162737	CONTROLS	
5162767	5162771	CONTROLS	
5162816	5162825	CONTROLS	
5162816	5162833	CONTROLS	
5162842	5162847	CONTROLS	
5162856	5162861	CONTROLS	
5162874	5162887	CONTROLS	
5162666	5162676	DOM	
5162415	5162422	DOM	
5162920	5162923	DOM	
5162314	5162321	DOM	
5162557	5162565	DOM	
5162321	5162325	DOM	
5162482	5162487	DOM	
5162295	5162302	DOM	
5162929	5162932	DOM	
5162606	5162619	DOM	
5162338	5162657	DOM	
5162693	5162717	DOM	
5162767	5162771	DOM	
5162917	5162920	DOM	
5162816	5162842	DOM	
5162565	5162574	DOM	
5162574	5162588	DOM	
5162383	5162402	DOM	
5162288	5162295	DOM	
5162441	5162449	DOM	
5162676	5162684	DOM	
5162717	5162757	DOM	
5162525	5162534	DOM	
5162482	5162498	DOM	
5162281	5162288	DOM	
5162361	5162378	DOM	
5162449	5162458	DOM	
5162507	5162517	DOM	
5162588	5162601	DOM	
5162601	5162606	DOM	
5162825	5162833	DOM	
5162402	5162415	DOM	
5162441	5162445	DOM	
5162431	5162441	DOM	
5162757	5162767	DOM	
5162816	5162825	DOM	
5162842	5162856	DOM	
5162938	5162281	DOM	
5162325	5162338	DOM	
5162574	5162579	DOM	
5162723	5162726	DOM	
5162482	5162507	DOM	
5162517	5162525	DOM	
5162684	5162693	DOM	
5162422	5162431	DOM	
5162767	5162775	DOM	
5162302	5162309	DOM	
5162775	5162784	DOM	
5162357	5162361	DOM	
5162935	5162938	DOM	
5162646	5162653	DOM	
5162378	5162383	DOM	
5162874	5162887	DOM	
5162941	5162917	DOM	
5162383	5162396	DOM	
5162517	5162521	DOM	
5162309	5162314	DOM	
5162926	5162929	DOM	
5162534	5162557	DOM	
5162625	5162646	DOM	
5162338	5162353	DOM	
5162588	5162593	DOM	
5162869	5162874	DOM	
5162458	5162482	DOM	
5162606	5162625	DOM	
5162941	5162941	DOM	
5162932	5162935	DOM	
5162717	5162723	DOM	
5162784	5162807	DOM	
5162338	5162942	DOM	
5162856	5162869	DOM	
5162717	5162748	DOM	
5162842	5162847	DOM	
5162657	5162666	DOM	
5162874	5162893	DOM	
5162807	5162816	DOM	
5162676	5162680	DOM	
5162923	5162926	DOM	
5162353	5162357	DOM	
5162856	5162861	DOM	
5162723	5162737	DOM	
5162684	5162676	POST_DOM	
5162431	5162422	POST_DOM	
5162926	5162923	POST_DOM	
5162574	5162565	POST_DOM	
5162325	5162321	POST_DOM	
5162507	5162487	POST_DOM	
5162338	5162325	POST_DOM	
5162309	5162302	POST_DOM	
5162935	5162932	POST_DOM	
5162625	5162619	POST_DOM	
5162666	5162657	POST_DOM	
5162757	5162717	POST_DOM	
5162775	5162771	POST_DOM	
5162923	5162920	POST_DOM	
5162856	5162842	POST_DOM	
5162601	5162588	POST_DOM	
5162588	5162574	POST_DOM	
5162415	5162402	POST_DOM	
5162302	5162295	POST_DOM	
5162458	5162449	POST_DOM	
5162767	5162757	POST_DOM	
5162693	5162684	POST_DOM	
5162557	5162534	POST_DOM	
5162507	5162498	POST_DOM	
5162295	5162288	POST_DOM	
5162383	5162378	POST_DOM	
5162606	5162601	POST_DOM	
5162525	5162517	POST_DOM	
5162482	5162458	POST_DOM	
5162625	5162606	POST_DOM	
5162842	5162833	POST_DOM	
5162422	5162415	POST_DOM	
5162449	5162445	POST_DOM	
5162449	5162441	POST_DOM	
5162775	5162767	POST_DOM	
5162869	5162856	POST_DOM	
5162833	5162825	POST_DOM	
5162942	5162338	POST_DOM	
5162288	5162281	POST_DOM	
5162588	5162579	POST_DOM	
5162757	5162726	POST_DOM	
5162517	5162507	POST_DOM	
5162534	5162525	POST_DOM	
5162717	5162693	POST_DOM	
5162441	5162431	POST_DOM	
5162784	5162775	POST_DOM	
5162314	5162309	POST_DOM	
5162807	5162784	POST_DOM	
5162378	5162361	POST_DOM	
5162942	5162653	POST_DOM	
5162281	5162938	POST_DOM	
5162402	5162383	POST_DOM	
5162893	5162887	POST_DOM	
5162920	5162917	POST_DOM	
5162402	5162396	POST_DOM	
5162525	5162521	POST_DOM	
5162321	5162314	POST_DOM	
5162653	5162646	POST_DOM	
5162565	5162557	POST_DOM	
5162932	5162929	POST_DOM	
5162357	5162353	POST_DOM	
5162601	5162593	POST_DOM	
5162893	5162874	POST_DOM	
5162507	5162482	POST_DOM	
5162646	5162625	POST_DOM	
5162938	5162935	POST_DOM	
5162917	5162941	POST_DOM	
5162816	5162807	POST_DOM	
5162757	5162723	POST_DOM	
5162942	5162942	POST_DOM	
5162874	5162869	POST_DOM	
5162757	5162748	POST_DOM	
5162856	5162847	POST_DOM	
5162942	5162893	POST_DOM	
5162676	5162666	POST_DOM	
5162842	5162816	POST_DOM	
5162684	5162680	POST_DOM	
5162361	5162357	POST_DOM	
5162929	5162926	POST_DOM	
5162757	5162737	POST_DOM	
5162869	5162861	POST_DOM	
5162278	5162279	IS_FUNCTION_OF_AST	
5162278	5162941	IS_FUNCTION_OF_CFG	
5159907	5162278	IS_FILE_OF	
5162990	5162991	IS_AST_PARENT	
5162990	5162992	IS_AST_PARENT	
5162989	5162990	IS_AST_PARENT	
5162988	5162989	IS_AST_PARENT	
5162994	5162995	IS_AST_PARENT	
5162997	5162998	IS_AST_PARENT	
5162996	5162997	IS_AST_PARENT	
5163001	5163002	IS_AST_PARENT	
5163003	5163004	IS_AST_PARENT	
5163003	5163005	IS_AST_PARENT	
5163001	5163003	IS_AST_PARENT	
5163000	5163001	IS_AST_PARENT	
5162999	5163000	IS_AST_PARENT	
5163006	5163007	IS_AST_PARENT	
5162999	5163006	IS_AST_PARENT	
5162996	5162999	IS_AST_PARENT	
5162994	5162996	IS_AST_PARENT	
5162993	5162994	IS_AST_PARENT	
5162988	5162993	IS_AST_PARENT	
5163010	5163011	IS_AST_PARENT	
5163010	5163012	IS_AST_PARENT	
5163009	5163010	IS_AST_PARENT	
5163008	5163009	IS_AST_PARENT	
5163015	5163016	IS_AST_PARENT	
5163014	5163015	IS_AST_PARENT	
5163018	5163019	IS_AST_PARENT	
5163017	5163018	IS_AST_PARENT	
5163014	5163017	IS_AST_PARENT	
5163013	5163014	IS_AST_PARENT	
5163008	5163013	IS_AST_PARENT	
5162988	5163008	IS_AST_PARENT	
5163022	5163023	IS_AST_PARENT	
5163021	5163022	IS_AST_PARENT	
5163025	5163026	IS_AST_PARENT	
5163024	5163025	IS_AST_PARENT	
5163028	5163029	IS_AST_PARENT	
5163030	5163031	IS_AST_PARENT	
5163030	5163032	IS_AST_PARENT	
5163028	5163030	IS_AST_PARENT	
5163027	5163028	IS_AST_PARENT	
5163024	5163027	IS_AST_PARENT	
5163021	5163024	IS_AST_PARENT	
5163020	5163021	IS_AST_PARENT	
5162988	5163020	IS_AST_PARENT	
5163035	5163036	IS_AST_PARENT	
5163034	5163035	IS_AST_PARENT	
5163038	5163039	IS_AST_PARENT	
5163037	5163038	IS_AST_PARENT	
5163040	5163041	IS_AST_PARENT	
5163037	5163040	IS_AST_PARENT	
5163034	5163037	IS_AST_PARENT	
5163033	5163034	IS_AST_PARENT	
5162988	5163033	IS_AST_PARENT	
5163044	5163045	IS_AST_PARENT	
5163043	5163044	IS_AST_PARENT	
5163047	5163048	IS_AST_PARENT	
5163046	5163047	IS_AST_PARENT	
5163049	5163050	IS_AST_PARENT	
5163046	5163049	IS_AST_PARENT	
5163043	5163046	IS_AST_PARENT	
5163042	5163043	IS_AST_PARENT	
5162988	5163042	IS_AST_PARENT	
5163051	5163052	IS_AST_PARENT	
5162988	5163051	IS_AST_PARENT	
5162987	5162988	IS_AST_PARENT	
5162987	5163053	IS_AST_PARENT	
5162987	5163054	IS_AST_PARENT	
5163056	5163057	IS_AST_PARENT	
5163056	5163058	IS_AST_PARENT	
5163055	5163056	IS_AST_PARENT	
5162987	5163055	IS_AST_PARENT	
5163059	5163056	FLOWS_TO	
5163056	5162989	FLOWS_TO	
5162989	5162993	FLOWS_TO	
5162993	5163009	FLOWS_TO	
5163009	5163013	FLOWS_TO	
5163009	5163020	FLOWS_TO	
5163013	5163020	FLOWS_TO	
5163020	5163033	FLOWS_TO	
5163033	5163042	FLOWS_TO	
5163042	5163051	FLOWS_TO	
5163051	5163060	FLOWS_TO	
5163033	5163061	USE	
5163040	5163061	USE	
5163013	5163062	USE	
5163018	5163062	USE	
5163056	5163063	DEF	
5162993	5163063	USE	
5163006	5163063	USE	
5163042	5163063	USE	
5163047	5163063	USE	
5163009	5163064	USE	
5162989	5163065	DEF	
5162990	5163065	DEF	
5162993	5163065	DEF	
5162994	5163065	DEF	
5163009	5163065	USE	
5163020	5163065	USE	
5163025	5163065	USE	
5163033	5163065	USE	
5163038	5163065	USE	
5163042	5163065	USE	
5163049	5163065	USE	
5163020	5163066	USE	
5163027	5163066	USE	
5162993	5163067	USE	
5163000	5163067	USE	
5162993	5163068	USE	
5162994	5163068	USE	
5163056	5162993	REACHES	memory
5163056	5163042	REACHES	memory
5162993	5163009	REACHES	ctx
5162993	5163020	REACHES	ctx
5162993	5163033	REACHES	ctx
5162993	5163042	REACHES	ctx
5163059	5163056	CONTROLS	
5163059	5162989	CONTROLS	
5163059	5162993	CONTROLS	
5163059	5163009	CONTROLS	
5163059	5163020	CONTROLS	
5163059	5163033	CONTROLS	
5163059	5163042	CONTROLS	
5163059	5163051	CONTROLS	
5163009	5163013	CONTROLS	
5162993	5163009	DOM	
5163009	5163013	DOM	
5163020	5163033	DOM	
5162989	5162993	DOM	
5163009	5163020	DOM	
5163051	5163060	DOM	
5163059	5163056	DOM	
5163042	5163051	DOM	
5163059	5163059	DOM	
5163056	5162989	DOM	
5163033	5163042	DOM	
5163020	5163009	POST_DOM	
5163020	5163013	POST_DOM	
5163042	5163033	POST_DOM	
5163033	5163020	POST_DOM	
5163009	5162993	POST_DOM	
5163060	5163060	POST_DOM	
5163060	5163051	POST_DOM	
5162989	5163056	POST_DOM	
5163056	5163059	POST_DOM	
5162993	5162989	POST_DOM	
5163051	5163042	POST_DOM	
5162986	5162987	IS_FUNCTION_OF_AST	
5162986	5163059	IS_FUNCTION_OF_CFG	
5159907	5162986	IS_FILE_OF	
5163073	5163074	IS_AST_PARENT	
5163073	5163075	IS_AST_PARENT	
5163076	5163077	IS_AST_PARENT	
5163079	5163080	IS_AST_PARENT	
5163078	5163079	IS_AST_PARENT	
5163082	5163083	IS_AST_PARENT	
5163081	5163082	IS_AST_PARENT	
5163078	5163081	IS_AST_PARENT	
5163076	5163078	IS_AST_PARENT	
5163073	5163076	IS_AST_PARENT	
5163072	5163073	IS_AST_PARENT	
5163071	5163072	IS_AST_PARENT	
5163086	5163087	IS_AST_PARENT	
5163086	5163088	IS_AST_PARENT	
5163085	5163086	IS_AST_PARENT	
5163084	5163085	IS_AST_PARENT	
5163084	5163089	IS_AST_PARENT	
5163071	5163084	IS_AST_PARENT	
5163092	5163093	IS_AST_PARENT	
5163091	5163092	IS_AST_PARENT	
5163095	5163096	IS_AST_PARENT	
5163094	5163095	IS_AST_PARENT	
5163091	5163094	IS_AST_PARENT	
5163090	5163091	IS_AST_PARENT	
5163071	5163090	IS_AST_PARENT	
5163099	5163100	IS_AST_PARENT	
5163098	5163099	IS_AST_PARENT	
5163102	5163103	IS_AST_PARENT	
5163101	5163102	IS_AST_PARENT	
5163104	5163105	IS_AST_PARENT	
5163101	5163104	IS_AST_PARENT	
5163098	5163101	IS_AST_PARENT	
5163097	5163098	IS_AST_PARENT	
5163071	5163097	IS_AST_PARENT	
5163070	5163071	IS_AST_PARENT	
5163070	5163106	IS_AST_PARENT	
5163070	5163107	IS_AST_PARENT	
5163109	5163110	IS_AST_PARENT	
5163109	5163111	IS_AST_PARENT	
5163108	5163109	IS_AST_PARENT	
5163070	5163108	IS_AST_PARENT	
5163112	5163109	FLOWS_TO	
5163109	5163072	FLOWS_TO	
5163072	5163085	FLOWS_TO	
5163085	5163089	FLOWS_TO	
5163085	5163090	FLOWS_TO	
5163089	5163113	FLOWS_TO	
5163090	5163097	FLOWS_TO	
5163097	5163113	FLOWS_TO	
5163109	5163114	DEF	
5163072	5163114	USE	
5163082	5163114	USE	
5163097	5163114	USE	
5163102	5163114	USE	
5163072	5163115	USE	
5163076	5163115	USE	
5163085	5163116	USE	
5163097	5163116	USE	
5163104	5163116	USE	
5163072	5163117	DEF	
5163076	5163117	DEF	
5163073	5163117	DEF	
5163085	5163117	USE	
5163090	5163117	USE	
5163095	5163117	USE	
5163109	5163072	REACHES	memory
5163109	5163097	REACHES	memory
5163072	5163085	REACHES	ctx
5163072	5163090	REACHES	ctx
5163112	5163109	CONTROLS	
5163112	5163072	CONTROLS	
5163112	5163085	CONTROLS	
5163085	5163089	CONTROLS	
5163085	5163090	CONTROLS	
5163085	5163097	CONTROLS	
5163072	5163085	DOM	
5163085	5163113	DOM	
5163112	5163109	DOM	
5163085	5163090	DOM	
5163085	5163089	DOM	
5163109	5163072	DOM	
5163090	5163097	DOM	
5163112	5163112	DOM	
5163113	5163085	POST_DOM	
5163113	5163113	POST_DOM	
5163072	5163109	POST_DOM	
5163097	5163090	POST_DOM	
5163113	5163089	POST_DOM	
5163085	5163072	POST_DOM	
5163113	5163097	POST_DOM	
5163109	5163112	POST_DOM	
5163069	5163070	IS_FUNCTION_OF_AST	
5163069	5163112	IS_FUNCTION_OF_CFG	
5159907	5163069	IS_FILE_OF	
5163124	5163125	IS_AST_PARENT	
5163124	5163126	IS_AST_PARENT	
5163123	5163124	IS_AST_PARENT	
5163123	5163127	IS_AST_PARENT	
5163122	5163123	IS_AST_PARENT	
5163121	5163122	IS_AST_PARENT	
5163130	5163131	IS_AST_PARENT	
5163129	5163130	IS_AST_PARENT	
5163134	5163135	IS_AST_PARENT	
5163134	5163136	IS_AST_PARENT	
5163133	5163134	IS_AST_PARENT	
5163132	5163133	IS_AST_PARENT	
5163129	5163132	IS_AST_PARENT	
5163128	5163129	IS_AST_PARENT	
5163121	5163128	IS_AST_PARENT	
5163120	5163121	IS_AST_PARENT	
5163139	5163140	IS_AST_PARENT	
5163139	5163141	IS_AST_PARENT	
5163138	5163139	IS_AST_PARENT	
5163138	5163142	IS_AST_PARENT	
5163137	5163138	IS_AST_PARENT	
5163120	5163137	IS_AST_PARENT	
5163119	5163120	IS_AST_PARENT	
5163119	5163143	IS_AST_PARENT	
5163119	5163144	IS_AST_PARENT	
5163146	5163147	IS_AST_PARENT	
5163146	5163148	IS_AST_PARENT	
5163145	5163146	IS_AST_PARENT	
5163119	5163145	IS_AST_PARENT	
5163149	5163146	FLOWS_TO	
5163146	5163122	FLOWS_TO	
5163122	5163128	FLOWS_TO	
5163122	5163137	FLOWS_TO	
5163128	5163137	FLOWS_TO	
5163137	5163150	FLOWS_TO	
5163146	5163151	DEF	
5163122	5163151	USE	
5163124	5163151	USE	
5163128	5163151	USE	
5163134	5163151	USE	
5163137	5163151	USE	
5163139	5163151	USE	
5163122	5163152	USE	
5163137	5163152	USE	
5163138	5163152	USE	
5163122	5163153	USE	
5163128	5163153	USE	
5163133	5163153	USE	
5163137	5163153	DEF	
5163138	5163153	DEF	
5163122	5163154	USE	
5163128	5163154	USE	
5163133	5163154	USE	
5163137	5163154	DEF	
5163138	5163154	DEF	
5163146	5163122	REACHES	icclink
5163146	5163128	REACHES	icclink
5163146	5163137	REACHES	icclink
5163137	5163150	REACHES	* icclink
5163149	5163146	CONTROLS	
5163149	5163122	CONTROLS	
5163149	5163137	CONTROLS	
5163122	5163128	CONTROLS	
5163149	5163146	DOM	
5163122	5163128	DOM	
5163146	5163122	DOM	
5163137	5163150	DOM	
5163149	5163149	DOM	
5163122	5163137	DOM	
5163122	5163146	POST_DOM	
5163137	5163128	POST_DOM	
5163137	5163122	POST_DOM	
5163150	5163150	POST_DOM	
5163150	5163137	POST_DOM	
5163146	5163149	POST_DOM	
5163118	5163119	IS_FUNCTION_OF_AST	
5163118	5163149	IS_FUNCTION_OF_CFG	
5159907	5163118	IS_FILE_OF	
5163159	5163160	IS_AST_PARENT	
5163159	5163161	IS_AST_PARENT	
5163158	5163159	IS_AST_PARENT	
5163157	5163158	IS_AST_PARENT	
5163163	5163164	IS_AST_PARENT	
5163165	5163166	IS_AST_PARENT	
5163165	5163167	IS_AST_PARENT	
5163163	5163165	IS_AST_PARENT	
5163162	5163163	IS_AST_PARENT	
5163157	5163162	IS_AST_PARENT	
5163170	5163171	IS_AST_PARENT	
5163169	5163170	IS_AST_PARENT	
5163173	5163174	IS_AST_PARENT	
5163172	5163173	IS_AST_PARENT	
5163169	5163172	IS_AST_PARENT	
5163168	5163169	IS_AST_PARENT	
5163157	5163168	IS_AST_PARENT	
5163156	5163157	IS_AST_PARENT	
5163156	5163175	IS_AST_PARENT	
5163156	5163176	IS_AST_PARENT	
5163178	5163179	IS_AST_PARENT	
5163178	5163180	IS_AST_PARENT	
5163177	5163178	IS_AST_PARENT	
5163181	5163182	IS_AST_PARENT	
5163181	5163183	IS_AST_PARENT	
5163177	5163181	IS_AST_PARENT	
5163156	5163177	IS_AST_PARENT	
5163184	5163178	FLOWS_TO	
5163178	5163181	FLOWS_TO	
5163181	5163158	FLOWS_TO	
5163158	5163162	FLOWS_TO	
5163162	5163168	FLOWS_TO	
5163168	5163185	FLOWS_TO	
5163158	5163186	DEF	
5163159	5163186	DEF	
5163162	5163186	DEF	
5163163	5163186	DEF	
5163168	5163186	USE	
5163173	5163186	USE	
5163181	5163187	DEF	
5163178	5163188	DEF	
5163162	5163188	USE	
5163163	5163188	USE	
5163162	5163168	REACHES	profile_handle
5163178	5163162	REACHES	profile
5163184	5163178	CONTROLS	
5163184	5163181	CONTROLS	
5163184	5163158	CONTROLS	
5163184	5163162	CONTROLS	
5163184	5163168	CONTROLS	
5163168	5163185	DOM	
5163178	5163181	DOM	
5163162	5163168	DOM	
5163184	5163178	DOM	
5163184	5163184	DOM	
5163158	5163162	DOM	
5163181	5163158	DOM	
5163185	5163185	POST_DOM	
5163158	5163181	POST_DOM	
5163185	5163168	POST_DOM	
5163181	5163178	POST_DOM	
5163178	5163184	POST_DOM	
5163168	5163162	POST_DOM	
5163162	5163158	POST_DOM	
5163155	5163156	IS_FUNCTION_OF_AST	
5163155	5163184	IS_FUNCTION_OF_CFG	
5159907	5163155	IS_FILE_OF	
5163193	5163194	IS_AST_PARENT	
5163193	5163195	IS_AST_PARENT	
5163196	5163197	IS_AST_PARENT	
5163198	5163199	IS_AST_PARENT	
5163198	5163200	IS_AST_PARENT	
5163196	5163198	IS_AST_PARENT	
5163193	5163196	IS_AST_PARENT	
5163192	5163193	IS_AST_PARENT	
5163191	5163192	IS_AST_PARENT	
5163202	5163203	IS_AST_PARENT	
5163202	5163204	IS_AST_PARENT	
5163205	5163206	IS_AST_PARENT	
5163205	5163207	IS_AST_PARENT	
5163202	5163205	IS_AST_PARENT	
5163201	5163202	IS_AST_PARENT	
5163191	5163201	IS_AST_PARENT	
5163209	5163210	IS_AST_PARENT	
5163209	5163211	IS_AST_PARENT	
5163208	5163209	IS_AST_PARENT	
5163191	5163208	IS_AST_PARENT	
5163215	5163216	IS_AST_PARENT	
5163218	5163219	IS_AST_PARENT	
5163217	5163218	IS_AST_PARENT	
5163221	5163222	IS_AST_PARENT	
5163220	5163221	IS_AST_PARENT	
5163223	5163224	IS_AST_PARENT	
5163220	5163223	IS_AST_PARENT	
5163217	5163220	IS_AST_PARENT	
5163215	5163217	IS_AST_PARENT	
5163214	5163215	IS_AST_PARENT	
5163214	5163225	IS_AST_PARENT	
5163213	5163214	IS_AST_PARENT	
5163212	5163213	IS_AST_PARENT	
5163227	5163228	IS_AST_PARENT	
5163227	5163229	IS_AST_PARENT	
5163226	5163227	IS_AST_PARENT	
5163212	5163226	IS_AST_PARENT	
5163191	5163212	IS_AST_PARENT	
5163232	5163233	IS_AST_PARENT	
5163231	5163232	IS_AST_PARENT	
5163235	5163236	IS_AST_PARENT	
5163234	5163235	IS_AST_PARENT	
5163238	5163239	IS_AST_PARENT	
5163238	5163240	IS_AST_PARENT	
5163237	5163238	IS_AST_PARENT	
5163234	5163237	IS_AST_PARENT	
5163241	5163242	IS_AST_PARENT	
5163234	5163241	IS_AST_PARENT	
5163243	5163244	IS_AST_PARENT	
5163234	5163243	IS_AST_PARENT	
5163231	5163234	IS_AST_PARENT	
5163230	5163231	IS_AST_PARENT	
5163191	5163230	IS_AST_PARENT	
5163245	5163246	IS_AST_PARENT	
5163191	5163245	IS_AST_PARENT	
5163190	5163191	IS_AST_PARENT	
5163190	5163247	IS_AST_PARENT	
5163190	5163248	IS_AST_PARENT	
5163250	5163251	IS_AST_PARENT	
5163250	5163252	IS_AST_PARENT	
5163249	5163250	IS_AST_PARENT	
5163253	5163254	IS_AST_PARENT	
5163253	5163255	IS_AST_PARENT	
5163249	5163253	IS_AST_PARENT	
5163256	5163257	IS_AST_PARENT	
5163256	5163258	IS_AST_PARENT	
5163249	5163256	IS_AST_PARENT	
5163259	5163260	IS_AST_PARENT	
5163259	5163261	IS_AST_PARENT	
5163249	5163259	IS_AST_PARENT	
5163190	5163249	IS_AST_PARENT	
5163262	5163250	FLOWS_TO	
5163250	5163253	FLOWS_TO	
5163253	5163256	FLOWS_TO	
5163256	5163259	FLOWS_TO	
5163259	5163192	FLOWS_TO	
5163192	5163201	FLOWS_TO	
5163201	5163208	FLOWS_TO	
5163208	5163213	FLOWS_TO	
5163213	5163226	FLOWS_TO	
5163213	5163230	FLOWS_TO	
5163226	5163263	FLOWS_TO	
5163230	5163245	FLOWS_TO	
5163245	5163263	FLOWS_TO	
5163250	5163264	DEF	
5163192	5163264	USE	
5163198	5163264	USE	
5163192	5163265	DEF	
5163193	5163265	DEF	
5163196	5163265	DEF	
5163213	5163265	USE	
5163221	5163265	USE	
5163230	5163265	USE	
5163235	5163265	USE	
5163192	5163266	USE	
5163196	5163266	USE	
5163253	5163267	DEF	
5163201	5163268	DEF	
5163202	5163268	DEF	
5163230	5163268	USE	
5163241	5163268	USE	
5163208	5163269	DEF	
5163209	5163269	DEF	
5163213	5163269	DEF	
5163215	5163269	DEF	
5163213	5163270	USE	
5163215	5163270	USE	
5163259	5163271	DEF	
5163201	5163271	USE	
5163205	5163271	USE	
5163201	5163271	DEF	
5163205	5163271	DEF	
5163230	5163272	USE	
5163237	5163272	USE	
5163192	5163273	USE	
5163196	5163273	USE	
5163256	5163274	DEF	
5163213	5163274	USE	
5163223	5163274	USE	
5163250	5163192	REACHES	icclink
5163192	5163213	REACHES	hTransform
5163192	5163230	REACHES	hTransform
5163201	5163230	REACHES	deviceptr
5163259	5163201	REACHES	device_values
5163256	5163213	REACHES	ColorName
5163262	5163250	CONTROLS	
5163262	5163253	CONTROLS	
5163262	5163256	CONTROLS	
5163262	5163259	CONTROLS	
5163262	5163192	CONTROLS	
5163262	5163201	CONTROLS	
5163262	5163208	CONTROLS	
5163262	5163213	CONTROLS	
5163213	5163226	CONTROLS	
5163213	5163230	CONTROLS	
5163213	5163245	CONTROLS	
5163213	5163263	DOM	
5163262	5163250	DOM	
5163256	5163259	DOM	
5163262	5163262	DOM	
5163213	5163226	DOM	
5163201	5163208	DOM	
5163259	5163192	DOM	
5163208	5163213	DOM	
5163253	5163256	DOM	
5163230	5163245	DOM	
5163192	5163201	DOM	
5163250	5163253	DOM	
5163213	5163230	DOM	
5163263	5163263	POST_DOM	
5163192	5163259	POST_DOM	
5163253	5163250	POST_DOM	
5163263	5163226	POST_DOM	
5163250	5163262	POST_DOM	
5163213	5163208	POST_DOM	
5163201	5163192	POST_DOM	
5163263	5163213	POST_DOM	
5163259	5163256	POST_DOM	
5163263	5163245	POST_DOM	
5163208	5163201	POST_DOM	
5163256	5163253	POST_DOM	
5163245	5163230	POST_DOM	
5163189	5163190	IS_FUNCTION_OF_AST	
5163189	5163262	IS_FUNCTION_OF_CFG	
5159907	5163189	IS_FILE_OF	
5163279	5163280	IS_AST_PARENT	
5163279	5163281	IS_AST_PARENT	
5163278	5163279	IS_AST_PARENT	
5163277	5163278	IS_AST_PARENT	
5163283	5163284	IS_AST_PARENT	
5163283	5163285	IS_AST_PARENT	
5163282	5163283	IS_AST_PARENT	
5163277	5163282	IS_AST_PARENT	
5163287	5163288	IS_AST_PARENT	
5163287	5163289	IS_AST_PARENT	
5163286	5163287	IS_AST_PARENT	
5163277	5163286	IS_AST_PARENT	
5163291	5163292	IS_AST_PARENT	
5163291	5163293	IS_AST_PARENT	
5163290	5163291	IS_AST_PARENT	
5163277	5163290	IS_AST_PARENT	
5163295	5163296	IS_AST_PARENT	
5163295	5163297	IS_AST_PARENT	
5163298	5163299	IS_AST_PARENT	
5163301	5163302	IS_AST_PARENT	
5163300	5163301	IS_AST_PARENT	
5163305	5163306	IS_AST_PARENT	
5163305	5163307	IS_AST_PARENT	
5163304	5163305	IS_AST_PARENT	
5163303	5163304	IS_AST_PARENT	
5163300	5163303	IS_AST_PARENT	
5163298	5163300	IS_AST_PARENT	
5163295	5163298	IS_AST_PARENT	
5163294	5163295	IS_AST_PARENT	
5163277	5163294	IS_AST_PARENT	
5163310	5163311	IS_AST_PARENT	
5163310	5163312	IS_AST_PARENT	
5163309	5163310	IS_AST_PARENT	
5163308	5163309	IS_AST_PARENT	
5163315	5163316	IS_AST_PARENT	
5163317	5163318	IS_AST_PARENT	
5163317	5163319	IS_AST_PARENT	
5163315	5163317	IS_AST_PARENT	
5163314	5163315	IS_AST_PARENT	
5163313	5163314	IS_AST_PARENT	
5163308	5163313	IS_AST_PARENT	
5163323	5163324	IS_AST_PARENT	
5163323	5163325	IS_AST_PARENT	
5163322	5163323	IS_AST_PARENT	
5163321	5163322	IS_AST_PARENT	
5163320	5163321	IS_AST_PARENT	
5163308	5163320	IS_AST_PARENT	
5163277	5163308	IS_AST_PARENT	
5163327	5163328	IS_AST_PARENT	
5163330	5163331	IS_AST_PARENT	
5163329	5163330	IS_AST_PARENT	
5163333	5163334	IS_AST_PARENT	
5163332	5163333	IS_AST_PARENT	
5163335	5163336	IS_AST_PARENT	
5163332	5163335	IS_AST_PARENT	
5163337	5163338	IS_AST_PARENT	
5163332	5163337	IS_AST_PARENT	
5163339	5163340	IS_AST_PARENT	
5163332	5163339	IS_AST_PARENT	
5163341	5163342	IS_AST_PARENT	
5163332	5163341	IS_AST_PARENT	
5163343	5163344	IS_AST_PARENT	
5163332	5163343	IS_AST_PARENT	
5163345	5163346	IS_AST_PARENT	
5163332	5163345	IS_AST_PARENT	
5163347	5163348	IS_AST_PARENT	
5163332	5163347	IS_AST_PARENT	
5163349	5163350	IS_AST_PARENT	
5163332	5163349	IS_AST_PARENT	
5163329	5163332	IS_AST_PARENT	
5163327	5163329	IS_AST_PARENT	
5163326	5163327	IS_AST_PARENT	
5163277	5163326	IS_AST_PARENT	
5163352	5163353	IS_AST_PARENT	
5163355	5163356	IS_AST_PARENT	
5163354	5163355	IS_AST_PARENT	
5163360	5163361	IS_AST_PARENT	
5163359	5163360	IS_AST_PARENT	
5163363	5163364	IS_AST_PARENT	
5163362	5163363	IS_AST_PARENT	
5163359	5163362	IS_AST_PARENT	
5163358	5163359	IS_AST_PARENT	
5163357	5163358	IS_AST_PARENT	
5163354	5163357	IS_AST_PARENT	
5163352	5163354	IS_AST_PARENT	
5163351	5163352	IS_AST_PARENT	
5163277	5163351	IS_AST_PARENT	
5163366	5163367	IS_AST_PARENT	
5163370	5163371	IS_AST_PARENT	
5163369	5163370	IS_AST_PARENT	
5163373	5163374	IS_AST_PARENT	
5163372	5163373	IS_AST_PARENT	
5163369	5163372	IS_AST_PARENT	
5163368	5163369	IS_AST_PARENT	
5163376	5163377	IS_AST_PARENT	
5163375	5163376	IS_AST_PARENT	
5163380	5163381	IS_AST_PARENT	
5163380	5163382	IS_AST_PARENT	
5163379	5163380	IS_AST_PARENT	
5163378	5163379	IS_AST_PARENT	
5163375	5163378	IS_AST_PARENT	
5163368	5163375	IS_AST_PARENT	
5163366	5163368	IS_AST_PARENT	
5163365	5163366	IS_AST_PARENT	
5163277	5163365	IS_AST_PARENT	
5163385	5163386	IS_AST_PARENT	
5163384	5163385	IS_AST_PARENT	
5163388	5163389	IS_AST_PARENT	
5163387	5163388	IS_AST_PARENT	
5163390	5163391	IS_AST_PARENT	
5163387	5163390	IS_AST_PARENT	
5163392	5163393	IS_AST_PARENT	
5163387	5163392	IS_AST_PARENT	
5163384	5163387	IS_AST_PARENT	
5163383	5163384	IS_AST_PARENT	
5163277	5163383	IS_AST_PARENT	
5163396	5163397	IS_AST_PARENT	
5163396	5163398	IS_AST_PARENT	
5163395	5163396	IS_AST_PARENT	
5163395	5163399	IS_AST_PARENT	
5163394	5163395	IS_AST_PARENT	
5163277	5163394	IS_AST_PARENT	
5163402	5163403	IS_AST_PARENT	
5163401	5163402	IS_AST_PARENT	
5163405	5163406	IS_AST_PARENT	
5163404	5163405	IS_AST_PARENT	
5163401	5163404	IS_AST_PARENT	
5163400	5163401	IS_AST_PARENT	
5163277	5163400	IS_AST_PARENT	
5163408	5163409	IS_AST_PARENT	
5163407	5163408	IS_AST_PARENT	
5163412	5163413	IS_AST_PARENT	
5163411	5163412	IS_AST_PARENT	
5163415	5163416	IS_AST_PARENT	
5163414	5163415	IS_AST_PARENT	
5163411	5163414	IS_AST_PARENT	
5163410	5163411	IS_AST_PARENT	
5163407	5163410	IS_AST_PARENT	
5163277	5163407	IS_AST_PARENT	
5163418	5163419	IS_AST_PARENT	
5163417	5163418	IS_AST_PARENT	
5163422	5163423	IS_AST_PARENT	
5163421	5163422	IS_AST_PARENT	
5163425	5163426	IS_AST_PARENT	
5163424	5163425	IS_AST_PARENT	
5163421	5163424	IS_AST_PARENT	
5163420	5163421	IS_AST_PARENT	
5163417	5163420	IS_AST_PARENT	
5163277	5163417	IS_AST_PARENT	
5163277	5163427	IS_AST_PARENT	
5163276	5163277	IS_AST_PARENT	
5163276	5163428	IS_AST_PARENT	
5163276	5163429	IS_AST_PARENT	
5163431	5163432	IS_AST_PARENT	
5163431	5163433	IS_AST_PARENT	
5163430	5163431	IS_AST_PARENT	
5163434	5163435	IS_AST_PARENT	
5163434	5163436	IS_AST_PARENT	
5163430	5163434	IS_AST_PARENT	
5163437	5163438	IS_AST_PARENT	
5163437	5163439	IS_AST_PARENT	
5163430	5163437	IS_AST_PARENT	
5163440	5163441	IS_AST_PARENT	
5163440	5163442	IS_AST_PARENT	
5163430	5163440	IS_AST_PARENT	
5163443	5163444	IS_AST_PARENT	
5163443	5163445	IS_AST_PARENT	
5163430	5163443	IS_AST_PARENT	
5163276	5163430	IS_AST_PARENT	
5163446	5163431	FLOWS_TO	
5163431	5163434	FLOWS_TO	
5163434	5163437	FLOWS_TO	
5163437	5163440	FLOWS_TO	
5163440	5163443	FLOWS_TO	
5163443	5163278	FLOWS_TO	
5163278	5163282	FLOWS_TO	
5163282	5163286	FLOWS_TO	
5163286	5163290	FLOWS_TO	
5163290	5163294	FLOWS_TO	
5163294	5163309	FLOWS_TO	
5163309	5163314	FLOWS_TO	
5163309	5163322	FLOWS_TO	
5163314	5163326	FLOWS_TO	
5163322	5163326	FLOWS_TO	
5163326	5163351	FLOWS_TO	
5163351	5163365	FLOWS_TO	
5163365	5163383	FLOWS_TO	
5163383	5163394	FLOWS_TO	
5163394	5163400	FLOWS_TO	
5163400	5163408	FLOWS_TO	
5163408	5163410	FLOWS_TO	
5163408	5163418	FLOWS_TO	
5163410	5163418	FLOWS_TO	
5163418	5163420	FLOWS_TO	
5163418	5163427	FLOWS_TO	
5163420	5163427	FLOWS_TO	
5163427	5163447	FLOWS_TO	
5163431	5163448	DEF	
5163294	5163448	USE	
5163305	5163448	USE	
5163394	5163448	USE	
5163396	5163448	USE	
5163294	5163449	USE	
5163304	5163449	USE	
5163294	5163450	USE	
5163298	5163450	USE	
5163434	5163451	DEF	
5163326	5163451	USE	
5163335	5163451	USE	
5163400	5163451	USE	
5163405	5163451	USE	
5163437	5163452	DEF	
5163326	5163452	USE	
5163339	5163452	USE	
5163408	5163452	USE	
5163410	5163452	USE	
5163415	5163452	USE	
5163326	5163453	USE	
5163341	5163453	USE	
5163290	5163454	DEF	
5163291	5163454	DEF	
5163351	5163454	DEF	
5163352	5163454	DEF	
5163365	5163454	USE	
5163373	5163454	USE	
5163326	5163455	USE	
5163347	5163455	USE	
5163282	5163456	DEF	
5163283	5163456	DEF	
5163365	5163456	DEF	
5163366	5163456	DEF	
5163383	5163456	USE	
5163392	5163456	USE	
5163326	5163457	USE	
5163345	5163457	USE	
5163351	5163458	USE	
5163358	5163458	USE	
5163314	5163459	USE	
5163315	5163459	USE	
5163326	5163460	USE	
5163337	5163460	USE	
5163383	5163460	USE	
5163390	5163460	USE	
5163326	5163461	USE	
5163327	5163461	USE	
5163365	5163462	USE	
5163366	5163462	USE	
5163440	5163463	DEF	
5163309	5163463	USE	
5163326	5163463	USE	
5163343	5163463	USE	
5163418	5163463	USE	
5163420	5163463	USE	
5163425	5163463	USE	
5163278	5163464	DEF	
5163279	5163464	DEF	
5163326	5163464	DEF	
5163327	5163464	DEF	
5163351	5163464	USE	
5163363	5163464	USE	
5163383	5163464	USE	
5163388	5163464	USE	
5163394	5163464	USE	
5163395	5163464	USE	
5163309	5163465	USE	
5163294	5163466	DEF	
5163295	5163466	DEF	
5163298	5163466	DEF	
5163326	5163466	USE	
5163333	5163466	USE	
5163365	5163467	USE	
5163366	5163467	USE	
5163294	5163468	USE	
5163304	5163468	USE	
5163394	5163468	DEF	
5163395	5163468	DEF	
5163443	5163469	DEF	
5163314	5163470	USE	
5163315	5163470	USE	
5163394	5163471	DEF	
5163395	5163471	DEF	
5163286	5163472	DEF	
5163287	5163472	DEF	
5163314	5163472	DEF	
5163315	5163472	DEF	
5163322	5163472	DEF	
5163323	5163472	DEF	
5163326	5163472	USE	
5163349	5163472	USE	
5163351	5163473	USE	
5163352	5163473	USE	
5163431	5163294	REACHES	icclink
5163440	5163309	REACHES	lcms_proofhandle
5163440	5163326	REACHES	lcms_proofhandle
5163431	5163394	REACHES	icclink
5163440	5163418	REACHES	lcms_proofhandle
5163440	5163420	REACHES	lcms_proofhandle
5163326	5163351	REACHES	hTransform
5163326	5163383	REACHES	hTransform
5163326	5163394	REACHES	hTransform
5163294	5163326	REACHES	ctx
5163434	5163326	REACHES	lcms_srchandle
5163437	5163326	REACHES	lcms_deshandle
5163434	5163400	REACHES	lcms_srchandle
5163437	5163408	REACHES	lcms_deshandle
5163437	5163410	REACHES	lcms_deshandle
5163351	5163365	REACHES	number_colors
5163394	5163447	REACHES	* icclink
5163365	5163383	REACHES	dwOutputFormat
5163314	5163326	REACHES	lcms_proof_flag
5163322	5163326	REACHES	lcms_proof_flag
5163446	5163431	CONTROLS	
5163446	5163434	CONTROLS	
5163446	5163437	CONTROLS	
5163446	5163440	CONTROLS	
5163446	5163443	CONTROLS	
5163446	5163278	CONTROLS	
5163446	5163282	CONTROLS	
5163446	5163286	CONTROLS	
5163446	5163290	CONTROLS	
5163446	5163294	CONTROLS	
5163446	5163309	CONTROLS	
5163446	5163326	CONTROLS	
5163446	5163351	CONTROLS	
5163446	5163365	CONTROLS	
5163446	5163383	CONTROLS	
5163446	5163394	CONTROLS	
5163446	5163400	CONTROLS	
5163446	5163408	CONTROLS	
5163446	5163418	CONTROLS	
5163446	5163427	CONTROLS	
5163309	5163314	CONTROLS	
5163309	5163322	CONTROLS	
5163408	5163410	CONTROLS	
5163418	5163420	CONTROLS	
5163278	5163282	DOM	
5163383	5163394	DOM	
5163443	5163278	DOM	
5163400	5163408	DOM	
5163286	5163290	DOM	
5163351	5163365	DOM	
5163408	5163410	DOM	
5163440	5163443	DOM	
5163418	5163420	DOM	
5163437	5163440	DOM	
5163431	5163434	DOM	
5163446	5163446	DOM	
5163326	5163351	DOM	
5163309	5163326	DOM	
5163427	5163447	DOM	
5163290	5163294	DOM	
5163394	5163400	DOM	
5163418	5163427	DOM	
5163446	5163431	DOM	
5163309	5163322	DOM	
5163434	5163437	DOM	
5163408	5163418	DOM	
5163294	5163309	DOM	
5163365	5163383	DOM	
5163282	5163286	DOM	
5163309	5163314	DOM	
5163286	5163282	POST_DOM	
5163400	5163394	POST_DOM	
5163418	5163408	POST_DOM	
5163282	5163278	POST_DOM	
5163383	5163365	POST_DOM	
5163294	5163290	POST_DOM	
5163418	5163410	POST_DOM	
5163278	5163443	POST_DOM	
5163427	5163420	POST_DOM	
5163443	5163440	POST_DOM	
5163437	5163434	POST_DOM	
5163431	5163446	POST_DOM	
5163365	5163351	POST_DOM	
5163351	5163326	POST_DOM	
5163447	5163447	POST_DOM	
5163408	5163400	POST_DOM	
5163309	5163294	POST_DOM	
5163447	5163427	POST_DOM	
5163434	5163431	POST_DOM	
5163326	5163322	POST_DOM	
5163440	5163437	POST_DOM	
5163427	5163418	POST_DOM	
5163394	5163383	POST_DOM	
5163326	5163309	POST_DOM	
5163290	5163286	POST_DOM	
5163326	5163314	POST_DOM	
5163275	5163276	IS_FUNCTION_OF_AST	
5163275	5163446	IS_FUNCTION_OF_CFG	
5159907	5163275	IS_FILE_OF	
5163477	5163478	IS_AST_PARENT	
5163476	5163477	IS_AST_PARENT	
5163475	5163476	IS_AST_PARENT	
5163475	5163479	IS_AST_PARENT	
5163475	5163480	IS_AST_PARENT	
5163475	5163481	IS_AST_PARENT	
5163482	5163477	FLOWS_TO	
5163477	5163483	FLOWS_TO	
5163477	5163484	USE	
5163482	5163477	CONTROLS	
5163482	5163482	DOM	
5163477	5163483	DOM	
5163482	5163477	DOM	
5163477	5163482	POST_DOM	
5163483	5163483	POST_DOM	
5163483	5163477	POST_DOM	
5163474	5163475	IS_FUNCTION_OF_AST	
5163474	5163482	IS_FUNCTION_OF_CFG	
5159907	5163474	IS_FILE_OF	
