command	key	type	code	location	functionId	childNum	isCFGNode	operator	baseType	completeType	identifier
ANR	6292209	File	data/converged/CVE-2018-16863_ghostpdl/jbig2dec_jbig2_segment.h								
ANR	6292210	ClassDef	_Jbig2Segment	25:0:680:906							
ANR	6292211	DeclStmt									
ANR	6292212	Decl							uint32_t	uint32_t	number
ANR	6292213	DeclStmt									
ANR	6292214	Decl							uint8_t	uint8_t	flags
ANR	6292215	DeclStmt									
ANR	6292216	Decl							uint32_t	uint32_t	page_association
ANR	6292217	DeclStmt									
ANR	6292218	Decl							size_t	size_t	data_length
ANR	6292219	DeclStmt									
ANR	6292220	Decl							int	int	referred_to_segment_count
ANR	6292221	DeclStmt									
ANR	6292222	Decl							uint32_t	uint32_t *	referred_to_segments
ANR	6292223	DeclStmt									
ANR	6292224	Decl							uint32_t	uint32_t	rows
ANR	6292225	DeclStmt									
ANR	6292226	Decl							void	void *	result
ANR	6292227	DeclStmt									
ANR	6292228	Decl							Jbig2Segment	"Jbig2Segment * ( Jbig2Ctx * ctx , uint8_t * buf , size_t buf_size , size_t * p_header_size )"	jbig2_parse_segment_header
ANR	6292229	DeclStmt									
ANR	6292230	Decl							int	"int ( Jbig2Ctx * ctx , Jbig2Segment * segment , const uint8_t * segment_data )"	jbig2_parse_segment
ANR	6292231	DeclStmt									
ANR	6292232	Decl							void	"void ( Jbig2Ctx * ctx , Jbig2Segment * segment )"	jbig2_free_segment
ANR	6292233	DeclStmt									
ANR	6292234	Decl							Jbig2Segment	"Jbig2Segment * ( Jbig2Ctx * ctx , uint32_t number )"	jbig2_find_segment
ANR	6292235	ClassDef	<unnamed>	43:8:1278:1426							
ANR	6292236	DeclStmt									
ANR	6292237	Decl							uint32_t	uint32_t	width
ANR	6292238	DeclStmt									
ANR	6292239	Decl							uint32_t	uint32_t	height
ANR	6292240	DeclStmt									
ANR	6292241	Decl							uint32_t	uint32_t	x
ANR	6292242	DeclStmt									
ANR	6292243	Decl							uint32_t	uint32_t	y
ANR	6292244	DeclStmt									
ANR	6292245	Decl							Jbig2ComposeOp	Jbig2ComposeOp	op
ANR	6292246	DeclStmt									
ANR	6292247	Decl							uint8_t	uint8_t	flags
ANR	6292248	DeclStmt									
ANR	6292249	Decl									Jbig2RegionSegmentInfo
ANR	6292250	DeclStmt									
ANR	6292251	Decl							void	"void ( Jbig2RegionSegmentInfo * info , const uint8_t * segment_data )"	jbig2_get_region_segment_info
