start	end	type	var
3355016	3355017	IS_AST_PARENT	
3355015	3355016	IS_AST_PARENT	
3355015	3355018	IS_AST_PARENT	
3355014	3355015	IS_AST_PARENT	
3355013	3355014	IS_AST_PARENT	
3355012	3355013	IS_AST_PARENT	
3355012	3355019	IS_AST_PARENT	
3355012	3355020	IS_AST_PARENT	
3355021	3355014	FLOWS_TO	
3355014	3355022	FLOWS_TO	
3355021	3355014	CONTROLS	
3355021	3355014	DOM	
3355021	3355021	DOM	
3355014	3355022	DOM	
3355022	3355014	POST_DOM	
3355014	3355021	POST_DOM	
3355022	3355022	POST_DOM	
3355011	3355012	IS_FUNCTION_OF_AST	
3355011	3355021	IS_FUNCTION_OF_CFG	
3355010	3355011	IS_FILE_OF	
3355027	3355028	IS_AST_PARENT	
3355027	3355029	IS_AST_PARENT	
3355026	3355027	IS_AST_PARENT	
3355025	3355026	IS_AST_PARENT	
3355031	3355032	IS_AST_PARENT	
3355031	3355033	IS_AST_PARENT	
3355030	3355031	IS_AST_PARENT	
3355025	3355030	IS_AST_PARENT	
3355035	3355036	IS_AST_PARENT	
3355035	3355037	IS_AST_PARENT	
3355034	3355035	IS_AST_PARENT	
3355025	3355034	IS_AST_PARENT	
3355039	3355040	IS_AST_PARENT	
3355039	3355041	IS_AST_PARENT	
3355038	3355039	IS_AST_PARENT	
3355025	3355038	IS_AST_PARENT	
3355043	3355044	IS_AST_PARENT	
3355043	3355045	IS_AST_PARENT	
3355042	3355043	IS_AST_PARENT	
3355025	3355042	IS_AST_PARENT	
3355047	3355048	IS_AST_PARENT	
3355047	3355049	IS_AST_PARENT	
3355046	3355047	IS_AST_PARENT	
3355025	3355046	IS_AST_PARENT	
3355051	3355052	IS_AST_PARENT	
3355051	3355053	IS_AST_PARENT	
3355050	3355051	IS_AST_PARENT	
3355025	3355050	IS_AST_PARENT	
3355055	3355056	IS_AST_PARENT	
3355057	3355058	IS_AST_PARENT	
3355057	3355059	IS_AST_PARENT	
3355055	3355057	IS_AST_PARENT	
3355054	3355055	IS_AST_PARENT	
3355025	3355054	IS_AST_PARENT	
3355061	3355062	IS_AST_PARENT	
3355063	3355064	IS_AST_PARENT	
3355063	3355065	IS_AST_PARENT	
3355061	3355063	IS_AST_PARENT	
3355060	3355061	IS_AST_PARENT	
3355025	3355060	IS_AST_PARENT	
3355067	3355068	IS_AST_PARENT	
3355067	3355069	IS_AST_PARENT	
3355066	3355067	IS_AST_PARENT	
3355025	3355066	IS_AST_PARENT	
3355071	3355072	IS_AST_PARENT	
3355073	3355074	IS_AST_PARENT	
3355073	3355075	IS_AST_PARENT	
3355071	3355073	IS_AST_PARENT	
3355070	3355071	IS_AST_PARENT	
3355025	3355070	IS_AST_PARENT	
3355077	3355078	IS_AST_PARENT	
3355077	3355079	IS_AST_PARENT	
3355076	3355077	IS_AST_PARENT	
3355025	3355076	IS_AST_PARENT	
3355081	3355082	IS_AST_PARENT	
3355081	3355083	IS_AST_PARENT	
3355080	3355081	IS_AST_PARENT	
3355025	3355080	IS_AST_PARENT	
3355085	3355086	IS_AST_PARENT	
3355087	3355088	IS_AST_PARENT	
3355087	3355089	IS_AST_PARENT	
3355085	3355087	IS_AST_PARENT	
3355084	3355085	IS_AST_PARENT	
3355025	3355084	IS_AST_PARENT	
3355091	3355092	IS_AST_PARENT	
3355093	3355094	IS_AST_PARENT	
3355093	3355095	IS_AST_PARENT	
3355091	3355093	IS_AST_PARENT	
3355090	3355091	IS_AST_PARENT	
3355025	3355090	IS_AST_PARENT	
3355024	3355025	IS_AST_PARENT	
3355024	3355096	IS_AST_PARENT	
3355024	3355097	IS_AST_PARENT	
3355024	3355098	IS_AST_PARENT	
3355099	3355026	FLOWS_TO	
3355026	3355030	FLOWS_TO	
3355030	3355034	FLOWS_TO	
3355034	3355038	FLOWS_TO	
3355038	3355042	FLOWS_TO	
3355042	3355046	FLOWS_TO	
3355046	3355050	FLOWS_TO	
3355050	3355054	FLOWS_TO	
3355054	3355060	FLOWS_TO	
3355060	3355066	FLOWS_TO	
3355066	3355070	FLOWS_TO	
3355070	3355076	FLOWS_TO	
3355076	3355080	FLOWS_TO	
3355080	3355084	FLOWS_TO	
3355084	3355090	FLOWS_TO	
3355090	3355100	FLOWS_TO	
3355030	3355101	USE	
3355031	3355101	USE	
3355034	3355101	USE	
3355035	3355101	USE	
3355080	3355101	USE	
3355081	3355101	USE	
3355050	3355102	DEF	
3355051	3355102	DEF	
3355038	3355103	USE	
3355039	3355103	USE	
3355042	3355103	USE	
3355043	3355103	USE	
3355046	3355103	USE	
3355047	3355103	USE	
3355076	3355103	USE	
3355077	3355103	USE	
3355038	3355104	DEF	
3355039	3355104	DEF	
3355034	3355105	DEF	
3355035	3355105	DEF	
3355080	3355106	DEF	
3355081	3355106	DEF	
3355054	3355107	DEF	
3355055	3355107	DEF	
3355026	3355108	DEF	
3355027	3355108	DEF	
3355042	3355109	DEF	
3355043	3355109	DEF	
3355046	3355110	DEF	
3355047	3355110	DEF	
3355026	3355111	USE	
3355027	3355111	USE	
3355060	3355112	DEF	
3355061	3355112	DEF	
3355070	3355113	DEF	
3355071	3355113	DEF	
3355090	3355114	DEF	
3355091	3355114	DEF	
3355076	3355115	DEF	
3355077	3355115	DEF	
3355066	3355116	DEF	
3355067	3355116	DEF	
3355066	3355117	USE	
3355067	3355117	USE	
3355030	3355118	DEF	
3355031	3355118	DEF	
3355084	3355119	DEF	
3355085	3355119	DEF	
3355099	3355026	CONTROLS	
3355099	3355030	CONTROLS	
3355099	3355034	CONTROLS	
3355099	3355038	CONTROLS	
3355099	3355042	CONTROLS	
3355099	3355046	CONTROLS	
3355099	3355050	CONTROLS	
3355099	3355054	CONTROLS	
3355099	3355060	CONTROLS	
3355099	3355066	CONTROLS	
3355099	3355070	CONTROLS	
3355099	3355076	CONTROLS	
3355099	3355080	CONTROLS	
3355099	3355084	CONTROLS	
3355099	3355090	CONTROLS	
3355054	3355060	DOM	
3355080	3355084	DOM	
3355090	3355100	DOM	
3355060	3355066	DOM	
3355030	3355034	DOM	
3355099	3355099	DOM	
3355034	3355038	DOM	
3355026	3355030	DOM	
3355038	3355042	DOM	
3355084	3355090	DOM	
3355042	3355046	DOM	
3355046	3355050	DOM	
3355070	3355076	DOM	
3355050	3355054	DOM	
3355099	3355026	DOM	
3355066	3355070	DOM	
3355076	3355080	DOM	
3355100	3355100	POST_DOM	
3355090	3355084	POST_DOM	
3355066	3355060	POST_DOM	
3355070	3355066	POST_DOM	
3355038	3355034	POST_DOM	
3355026	3355099	POST_DOM	
3355042	3355038	POST_DOM	
3355034	3355030	POST_DOM	
3355046	3355042	POST_DOM	
3355100	3355090	POST_DOM	
3355054	3355050	POST_DOM	
3355050	3355046	POST_DOM	
3355080	3355076	POST_DOM	
3355060	3355054	POST_DOM	
3355030	3355026	POST_DOM	
3355084	3355080	POST_DOM	
3355076	3355070	POST_DOM	
3355023	3355024	IS_FUNCTION_OF_AST	
3355023	3355099	IS_FUNCTION_OF_CFG	
3355010	3355023	IS_FILE_OF	
3355124	3355125	IS_AST_PARENT	
3355124	3355126	IS_AST_PARENT	
3355123	3355124	IS_AST_PARENT	
3355122	3355123	IS_AST_PARENT	
3355128	3355129	IS_AST_PARENT	
3355128	3355130	IS_AST_PARENT	
3355127	3355128	IS_AST_PARENT	
3355122	3355127	IS_AST_PARENT	
3355133	3355134	IS_AST_PARENT	
3355133	3355135	IS_AST_PARENT	
3355132	3355133	IS_AST_PARENT	
3355131	3355132	IS_AST_PARENT	
3355139	3355140	IS_AST_PARENT	
3355138	3355139	IS_AST_PARENT	
3355142	3355143	IS_AST_PARENT	
3355141	3355142	IS_AST_PARENT	
3355138	3355141	IS_AST_PARENT	
3355137	3355138	IS_AST_PARENT	
3355136	3355137	IS_AST_PARENT	
3355136	3355144	IS_AST_PARENT	
3355145	3355146	IS_AST_PARENT	
3355136	3355145	IS_AST_PARENT	
3355148	3355149	IS_AST_PARENT	
3355148	3355150	IS_AST_PARENT	
3355147	3355148	IS_AST_PARENT	
3355136	3355147	IS_AST_PARENT	
3355131	3355136	IS_AST_PARENT	
3355122	3355131	IS_AST_PARENT	
3355152	3355153	IS_AST_PARENT	
3355152	3355154	IS_AST_PARENT	
3355151	3355152	IS_AST_PARENT	
3355122	3355151	IS_AST_PARENT	
3355156	3355157	IS_AST_PARENT	
3355156	3355158	IS_AST_PARENT	
3355155	3355156	IS_AST_PARENT	
3355122	3355155	IS_AST_PARENT	
3355160	3355161	IS_AST_PARENT	
3355160	3355162	IS_AST_PARENT	
3355159	3355160	IS_AST_PARENT	
3355122	3355159	IS_AST_PARENT	
3355164	3355165	IS_AST_PARENT	
3355164	3355166	IS_AST_PARENT	
3355163	3355164	IS_AST_PARENT	
3355122	3355163	IS_AST_PARENT	
3355168	3355169	IS_AST_PARENT	
3355170	3355171	IS_AST_PARENT	
3355170	3355172	IS_AST_PARENT	
3355168	3355170	IS_AST_PARENT	
3355167	3355168	IS_AST_PARENT	
3355122	3355167	IS_AST_PARENT	
3355175	3355176	IS_AST_PARENT	
3355174	3355175	IS_AST_PARENT	
3355178	3355179	IS_AST_PARENT	
3355177	3355178	IS_AST_PARENT	
3355174	3355177	IS_AST_PARENT	
3355173	3355174	IS_AST_PARENT	
3355122	3355173	IS_AST_PARENT	
3355181	3355182	IS_AST_PARENT	
3355183	3355184	IS_AST_PARENT	
3355183	3355185	IS_AST_PARENT	
3355181	3355183	IS_AST_PARENT	
3355180	3355181	IS_AST_PARENT	
3355122	3355180	IS_AST_PARENT	
3355188	3355189	IS_AST_PARENT	
3355187	3355188	IS_AST_PARENT	
3355187	3355190	IS_AST_PARENT	
3355186	3355187	IS_AST_PARENT	
3355122	3355186	IS_AST_PARENT	
3355192	3355193	IS_AST_PARENT	
3355192	3355194	IS_AST_PARENT	
3355191	3355192	IS_AST_PARENT	
3355122	3355191	IS_AST_PARENT	
3355197	3355198	IS_AST_PARENT	
3355197	3355199	IS_AST_PARENT	
3355196	3355197	IS_AST_PARENT	
3355195	3355196	IS_AST_PARENT	
3355203	3355204	IS_AST_PARENT	
3355202	3355203	IS_AST_PARENT	
3355206	3355207	IS_AST_PARENT	
3355205	3355206	IS_AST_PARENT	
3355202	3355205	IS_AST_PARENT	
3355201	3355202	IS_AST_PARENT	
3355200	3355201	IS_AST_PARENT	
3355209	3355210	IS_AST_PARENT	
3355209	3355211	IS_AST_PARENT	
3355208	3355209	IS_AST_PARENT	
3355200	3355208	IS_AST_PARENT	
3355195	3355200	IS_AST_PARENT	
3355122	3355195	IS_AST_PARENT	
3355214	3355215	IS_AST_PARENT	
3355213	3355214	IS_AST_PARENT	
3355217	3355218	IS_AST_PARENT	
3355216	3355217	IS_AST_PARENT	
3355213	3355216	IS_AST_PARENT	
3355212	3355213	IS_AST_PARENT	
3355122	3355212	IS_AST_PARENT	
3355220	3355221	IS_AST_PARENT	
3355222	3355223	IS_AST_PARENT	
3355222	3355224	IS_AST_PARENT	
3355220	3355222	IS_AST_PARENT	
3355219	3355220	IS_AST_PARENT	
3355122	3355219	IS_AST_PARENT	
3355121	3355122	IS_AST_PARENT	
3355121	3355225	IS_AST_PARENT	
3355121	3355226	IS_AST_PARENT	
3355121	3355227	IS_AST_PARENT	
3355228	3355123	FLOWS_TO	
3355123	3355127	FLOWS_TO	
3355127	3355132	FLOWS_TO	
3355132	3355137	FLOWS_TO	
3355132	3355151	FLOWS_TO	
3355137	3355144	FLOWS_TO	
3355144	3355145	FLOWS_TO	
3355145	3355147	FLOWS_TO	
3355147	3355151	FLOWS_TO	
3355151	3355155	FLOWS_TO	
3355155	3355159	FLOWS_TO	
3355159	3355163	FLOWS_TO	
3355163	3355167	FLOWS_TO	
3355167	3355173	FLOWS_TO	
3355173	3355180	FLOWS_TO	
3355180	3355186	FLOWS_TO	
3355186	3355191	FLOWS_TO	
3355191	3355196	FLOWS_TO	
3355196	3355201	FLOWS_TO	
3355196	3355212	FLOWS_TO	
3355201	3355208	FLOWS_TO	
3355208	3355212	FLOWS_TO	
3355212	3355219	FLOWS_TO	
3355219	3355229	FLOWS_TO	
3355132	3355230	USE	
3355147	3355230	USE	
3355148	3355230	USE	
3355196	3355230	USE	
3355208	3355230	USE	
3355209	3355230	USE	
3355163	3355231	DEF	
3355164	3355231	DEF	
3355151	3355232	USE	
3355152	3355232	USE	
3355155	3355232	USE	
3355156	3355232	USE	
3355159	3355232	USE	
3355160	3355232	USE	
3355191	3355232	USE	
3355192	3355232	USE	
3355151	3355233	DEF	
3355152	3355233	DEF	
3355196	3355234	USE	
3355201	3355234	USE	
3355206	3355234	USE	
3355208	3355234	DEF	
3355209	3355234	DEF	
3355173	3355235	USE	
3355178	3355235	USE	
3355123	3355236	DEF	
3355124	3355236	DEF	
3355155	3355237	DEF	
3355156	3355237	DEF	
3355159	3355238	DEF	
3355160	3355238	DEF	
3355123	3355239	USE	
3355124	3355239	USE	
3355137	3355240	USE	
3355142	3355240	USE	
3355167	3355241	DEF	
3355168	3355241	DEF	
3355180	3355242	DEF	
3355181	3355242	DEF	
3355219	3355243	DEF	
3355220	3355243	DEF	
3355191	3355244	DEF	
3355192	3355244	DEF	
3355127	3355245	DEF	
3355128	3355245	DEF	
3355127	3355246	USE	
3355128	3355246	USE	
3355132	3355247	USE	
3355147	3355247	DEF	
3355148	3355247	DEF	
3355212	3355248	USE	
3355217	3355248	USE	
3355228	3355123	CONTROLS	
3355228	3355127	CONTROLS	
3355228	3355132	CONTROLS	
3355228	3355151	CONTROLS	
3355228	3355155	CONTROLS	
3355228	3355159	CONTROLS	
3355228	3355163	CONTROLS	
3355228	3355167	CONTROLS	
3355228	3355173	CONTROLS	
3355228	3355180	CONTROLS	
3355228	3355186	CONTROLS	
3355228	3355191	CONTROLS	
3355228	3355196	CONTROLS	
3355228	3355212	CONTROLS	
3355228	3355219	CONTROLS	
3355132	3355137	CONTROLS	
3355132	3355144	CONTROLS	
3355132	3355145	CONTROLS	
3355132	3355147	CONTROLS	
3355196	3355201	CONTROLS	
3355196	3355208	CONTROLS	
3355155	3355159	DOM	
3355201	3355208	DOM	
3355173	3355180	DOM	
3355228	3355228	DOM	
3355127	3355132	DOM	
3355159	3355163	DOM	
3355132	3355137	DOM	
3355228	3355123	DOM	
3355163	3355167	DOM	
3355180	3355186	DOM	
3355137	3355144	DOM	
3355191	3355196	DOM	
3355212	3355219	DOM	
3355144	3355145	DOM	
3355167	3355173	DOM	
3355123	3355127	DOM	
3355196	3355212	DOM	
3355186	3355191	DOM	
3355145	3355147	DOM	
3355151	3355155	DOM	
3355132	3355151	DOM	
3355196	3355201	DOM	
3355219	3355229	DOM	
3355163	3355159	POST_DOM	
3355212	3355208	POST_DOM	
3355186	3355180	POST_DOM	
3355123	3355228	POST_DOM	
3355167	3355163	POST_DOM	
3355151	3355132	POST_DOM	
3355144	3355137	POST_DOM	
3355191	3355186	POST_DOM	
3355173	3355167	POST_DOM	
3355127	3355123	POST_DOM	
3355229	3355219	POST_DOM	
3355212	3355196	POST_DOM	
3355145	3355144	POST_DOM	
3355180	3355173	POST_DOM	
3355147	3355145	POST_DOM	
3355132	3355127	POST_DOM	
3355219	3355212	POST_DOM	
3355196	3355191	POST_DOM	
3355159	3355155	POST_DOM	
3355151	3355147	POST_DOM	
3355155	3355151	POST_DOM	
3355208	3355201	POST_DOM	
3355229	3355229	POST_DOM	
3355120	3355121	IS_FUNCTION_OF_AST	
3355120	3355228	IS_FUNCTION_OF_CFG	
3355010	3355120	IS_FILE_OF	
3355253	3355254	IS_AST_PARENT	
3355253	3355255	IS_AST_PARENT	
3355252	3355253	IS_AST_PARENT	
3355251	3355252	IS_AST_PARENT	
3355257	3355258	IS_AST_PARENT	
3355257	3355259	IS_AST_PARENT	
3355256	3355257	IS_AST_PARENT	
3355251	3355256	IS_AST_PARENT	
3355262	3355263	IS_AST_PARENT	
3355261	3355262	IS_AST_PARENT	
3355261	3355264	IS_AST_PARENT	
3355260	3355261	IS_AST_PARENT	
3355251	3355260	IS_AST_PARENT	
3355268	3355269	IS_AST_PARENT	
3355268	3355270	IS_AST_PARENT	
3355267	3355268	IS_AST_PARENT	
3355266	3355267	IS_AST_PARENT	
3355272	3355273	IS_AST_PARENT	
3355271	3355272	IS_AST_PARENT	
3355266	3355271	IS_AST_PARENT	
3355265	3355266	IS_AST_PARENT	
3355251	3355265	IS_AST_PARENT	
3355277	3355278	IS_AST_PARENT	
3355277	3355279	IS_AST_PARENT	
3355276	3355277	IS_AST_PARENT	
3355275	3355276	IS_AST_PARENT	
3355281	3355282	IS_AST_PARENT	
3355280	3355281	IS_AST_PARENT	
3355275	3355280	IS_AST_PARENT	
3355274	3355275	IS_AST_PARENT	
3355251	3355274	IS_AST_PARENT	
3355286	3355287	IS_AST_PARENT	
3355286	3355288	IS_AST_PARENT	
3355285	3355286	IS_AST_PARENT	
3355284	3355285	IS_AST_PARENT	
3355290	3355291	IS_AST_PARENT	
3355289	3355290	IS_AST_PARENT	
3355292	3355293	IS_AST_PARENT	
3355289	3355292	IS_AST_PARENT	
3355297	3355298	IS_AST_PARENT	
3355297	3355299	IS_AST_PARENT	
3355296	3355297	IS_AST_PARENT	
3355295	3355296	IS_AST_PARENT	
3355295	3355300	IS_AST_PARENT	
3355294	3355295	IS_AST_PARENT	
3355289	3355294	IS_AST_PARENT	
3355284	3355289	IS_AST_PARENT	
3355283	3355284	IS_AST_PARENT	
3355251	3355283	IS_AST_PARENT	
3355304	3355305	IS_AST_PARENT	
3355304	3355306	IS_AST_PARENT	
3355303	3355304	IS_AST_PARENT	
3355302	3355303	IS_AST_PARENT	
3355308	3355309	IS_AST_PARENT	
3355307	3355308	IS_AST_PARENT	
3355313	3355314	IS_AST_PARENT	
3355313	3355315	IS_AST_PARENT	
3355312	3355313	IS_AST_PARENT	
3355311	3355312	IS_AST_PARENT	
3355311	3355316	IS_AST_PARENT	
3355310	3355311	IS_AST_PARENT	
3355307	3355310	IS_AST_PARENT	
3355302	3355307	IS_AST_PARENT	
3355301	3355302	IS_AST_PARENT	
3355251	3355301	IS_AST_PARENT	
3355320	3355321	IS_AST_PARENT	
3355320	3355322	IS_AST_PARENT	
3355319	3355320	IS_AST_PARENT	
3355318	3355319	IS_AST_PARENT	
3355324	3355325	IS_AST_PARENT	
3355323	3355324	IS_AST_PARENT	
3355329	3355330	IS_AST_PARENT	
3355329	3355331	IS_AST_PARENT	
3355328	3355329	IS_AST_PARENT	
3355327	3355328	IS_AST_PARENT	
3355327	3355332	IS_AST_PARENT	
3355326	3355327	IS_AST_PARENT	
3355323	3355326	IS_AST_PARENT	
3355318	3355323	IS_AST_PARENT	
3355317	3355318	IS_AST_PARENT	
3355251	3355317	IS_AST_PARENT	
3355336	3355337	IS_AST_PARENT	
3355336	3355338	IS_AST_PARENT	
3355335	3355336	IS_AST_PARENT	
3355334	3355335	IS_AST_PARENT	
3355340	3355341	IS_AST_PARENT	
3355339	3355340	IS_AST_PARENT	
3355343	3355344	IS_AST_PARENT	
3355343	3355345	IS_AST_PARENT	
3355342	3355343	IS_AST_PARENT	
3355339	3355342	IS_AST_PARENT	
3355346	3355347	IS_AST_PARENT	
3355339	3355346	IS_AST_PARENT	
3355348	3355349	IS_AST_PARENT	
3355339	3355348	IS_AST_PARENT	
3355334	3355339	IS_AST_PARENT	
3355333	3355334	IS_AST_PARENT	
3355251	3355333	IS_AST_PARENT	
3355250	3355251	IS_AST_PARENT	
3355250	3355350	IS_AST_PARENT	
3355250	3355351	IS_AST_PARENT	
3355352	3355252	FLOWS_TO	
3355252	3355256	FLOWS_TO	
3355256	3355260	FLOWS_TO	
3355260	3355265	FLOWS_TO	
3355265	3355274	FLOWS_TO	
3355274	3355283	FLOWS_TO	
3355283	3355301	FLOWS_TO	
3355301	3355317	FLOWS_TO	
3355317	3355333	FLOWS_TO	
3355333	3355353	FLOWS_TO	
3355333	3355354	USE	
3355340	3355354	USE	
3355283	3355355	USE	
3355292	3355355	USE	
3355317	3355355	USE	
3355324	3355355	USE	
3355333	3355356	USE	
3355346	3355356	USE	
3355283	3355357	USE	
3355294	3355357	USE	
3355317	3355357	USE	
3355326	3355357	USE	
3355301	3355358	USE	
3355310	3355358	USE	
3355256	3355359	DEF	
3355257	3355359	DEF	
3355283	3355359	USE	
3355286	3355359	USE	
3355301	3355359	USE	
3355313	3355359	USE	
3355310	3355359	USE	
3355301	3355360	USE	
3355308	3355360	USE	
3355333	3355361	USE	
3355348	3355361	USE	
3355274	3355362	USE	
3355281	3355362	USE	
3355333	3355363	USE	
3355342	3355363	USE	
3355265	3355364	USE	
3355272	3355364	USE	
3355283	3355365	USE	
3355297	3355365	USE	
3355294	3355365	USE	
3355317	3355365	USE	
3355329	3355365	USE	
3355326	3355365	USE	
3355252	3355366	DEF	
3355253	3355366	DEF	
3355265	3355366	USE	
3355268	3355366	USE	
3355274	3355366	USE	
3355277	3355366	USE	
3355301	3355366	USE	
3355304	3355366	USE	
3355317	3355366	USE	
3355320	3355366	USE	
3355333	3355367	USE	
3355336	3355367	USE	
3355252	3355265	REACHES	invalidate_ad
3355252	3355274	REACHES	invalidate_ad
3355252	3355301	REACHES	invalidate_ad
3355252	3355317	REACHES	invalidate_ad
3355256	3355283	REACHES	line
3355256	3355301	REACHES	line
3355352	3355252	CONTROLS	
3355352	3355256	CONTROLS	
3355352	3355260	CONTROLS	
3355352	3355265	CONTROLS	
3355352	3355274	CONTROLS	
3355352	3355283	CONTROLS	
3355352	3355301	CONTROLS	
3355352	3355317	CONTROLS	
3355352	3355333	CONTROLS	
3355352	3355352	DOM	
3355260	3355265	DOM	
3355352	3355252	DOM	
3355333	3355353	DOM	
3355301	3355317	DOM	
3355317	3355333	DOM	
3355252	3355256	DOM	
3355283	3355301	DOM	
3355256	3355260	DOM	
3355265	3355274	DOM	
3355274	3355283	DOM	
3355274	3355265	POST_DOM	
3355252	3355352	POST_DOM	
3355256	3355252	POST_DOM	
3355353	3355353	POST_DOM	
3355353	3355333	POST_DOM	
3355333	3355317	POST_DOM	
3355317	3355301	POST_DOM	
3355260	3355256	POST_DOM	
3355301	3355283	POST_DOM	
3355283	3355274	POST_DOM	
3355265	3355260	POST_DOM	
3355249	3355250	IS_FUNCTION_OF_AST	
3355249	3355352	IS_FUNCTION_OF_CFG	
3355010	3355249	IS_FILE_OF	
3355372	3355373	IS_AST_PARENT	
3355372	3355374	IS_AST_PARENT	
3355375	3355376	IS_AST_PARENT	
3355375	3355377	IS_AST_PARENT	
3355372	3355375	IS_AST_PARENT	
3355371	3355372	IS_AST_PARENT	
3355370	3355371	IS_AST_PARENT	
3355379	3355380	IS_AST_PARENT	
3355379	3355381	IS_AST_PARENT	
3355379	3355382	IS_AST_PARENT	
3355378	3355379	IS_AST_PARENT	
3355370	3355378	IS_AST_PARENT	
3355384	3355385	IS_AST_PARENT	
3355384	3355386	IS_AST_PARENT	
3355387	3355388	IS_AST_PARENT	
3355389	3355390	IS_AST_PARENT	
3355389	3355391	IS_AST_PARENT	
3355387	3355389	IS_AST_PARENT	
3355384	3355387	IS_AST_PARENT	
3355383	3355384	IS_AST_PARENT	
3355370	3355383	IS_AST_PARENT	
3355393	3355394	IS_AST_PARENT	
3355393	3355395	IS_AST_PARENT	
3355392	3355393	IS_AST_PARENT	
3355370	3355392	IS_AST_PARENT	
3355397	3355398	IS_AST_PARENT	
3355400	3355401	IS_AST_PARENT	
3355399	3355400	IS_AST_PARENT	
3355403	3355404	IS_AST_PARENT	
3355402	3355403	IS_AST_PARENT	
3355399	3355402	IS_AST_PARENT	
3355397	3355399	IS_AST_PARENT	
3355396	3355397	IS_AST_PARENT	
3355370	3355396	IS_AST_PARENT	
3355406	3355407	IS_AST_PARENT	
3355405	3355406	IS_AST_PARENT	
3355411	3355412	IS_AST_PARENT	
3355410	3355411	IS_AST_PARENT	
3355414	3355415	IS_AST_PARENT	
3355413	3355414	IS_AST_PARENT	
3355416	3355417	IS_AST_PARENT	
3355413	3355416	IS_AST_PARENT	
3355420	3355421	IS_AST_PARENT	
3355420	3355422	IS_AST_PARENT	
3355419	3355420	IS_AST_PARENT	
3355419	3355423	IS_AST_PARENT	
3355418	3355419	IS_AST_PARENT	
3355413	3355418	IS_AST_PARENT	
3355410	3355413	IS_AST_PARENT	
3355409	3355410	IS_AST_PARENT	
3355408	3355409	IS_AST_PARENT	
3355426	3355427	IS_AST_PARENT	
3355425	3355426	IS_AST_PARENT	
3355429	3355430	IS_AST_PARENT	
3355428	3355429	IS_AST_PARENT	
3355425	3355428	IS_AST_PARENT	
3355424	3355425	IS_AST_PARENT	
3355408	3355424	IS_AST_PARENT	
3355405	3355408	IS_AST_PARENT	
3355435	3355436	IS_AST_PARENT	
3355434	3355435	IS_AST_PARENT	
3355438	3355439	IS_AST_PARENT	
3355437	3355438	IS_AST_PARENT	
3355442	3355443	IS_AST_PARENT	
3355441	3355442	IS_AST_PARENT	
3355445	3355446	IS_AST_PARENT	
3355444	3355445	IS_AST_PARENT	
3355441	3355444	IS_AST_PARENT	
3355440	3355441	IS_AST_PARENT	
3355437	3355440	IS_AST_PARENT	
3355449	3355450	IS_AST_PARENT	
3355449	3355451	IS_AST_PARENT	
3355448	3355449	IS_AST_PARENT	
3355448	3355452	IS_AST_PARENT	
3355447	3355448	IS_AST_PARENT	
3355437	3355447	IS_AST_PARENT	
3355434	3355437	IS_AST_PARENT	
3355433	3355434	IS_AST_PARENT	
3355432	3355433	IS_AST_PARENT	
3355431	3355432	IS_AST_PARENT	
3355405	3355431	IS_AST_PARENT	
3355370	3355405	IS_AST_PARENT	
3355456	3355457	IS_AST_PARENT	
3355455	3355456	IS_AST_PARENT	
3355459	3355460	IS_AST_PARENT	
3355458	3355459	IS_AST_PARENT	
3355461	3355462	IS_AST_PARENT	
3355458	3355461	IS_AST_PARENT	
3355455	3355458	IS_AST_PARENT	
3355454	3355455	IS_AST_PARENT	
3355453	3355454	IS_AST_PARENT	
3355464	3355465	IS_AST_PARENT	
3355463	3355464	IS_AST_PARENT	
3355453	3355463	IS_AST_PARENT	
3355370	3355453	IS_AST_PARENT	
3355470	3355471	IS_AST_PARENT	
3355469	3355470	IS_AST_PARENT	
3355473	3355474	IS_AST_PARENT	
3355472	3355473	IS_AST_PARENT	
3355475	3355476	IS_AST_PARENT	
3355472	3355475	IS_AST_PARENT	
3355469	3355472	IS_AST_PARENT	
3355468	3355469	IS_AST_PARENT	
3355468	3355477	IS_AST_PARENT	
3355467	3355468	IS_AST_PARENT	
3355466	3355467	IS_AST_PARENT	
3355479	3355480	IS_AST_PARENT	
3355478	3355479	IS_AST_PARENT	
3355466	3355478	IS_AST_PARENT	
3355370	3355466	IS_AST_PARENT	
3355482	3355483	IS_AST_PARENT	
3355485	3355486	IS_AST_PARENT	
3355484	3355485	IS_AST_PARENT	
3355488	3355489	IS_AST_PARENT	
3355487	3355488	IS_AST_PARENT	
3355484	3355487	IS_AST_PARENT	
3355482	3355484	IS_AST_PARENT	
3355481	3355482	IS_AST_PARENT	
3355370	3355481	IS_AST_PARENT	
3355491	3355492	IS_AST_PARENT	
3355490	3355491	IS_AST_PARENT	
3355495	3355496	IS_AST_PARENT	
3355495	3355497	IS_AST_PARENT	
3355494	3355495	IS_AST_PARENT	
3355493	3355494	IS_AST_PARENT	
3355500	3355501	IS_AST_PARENT	
3355499	3355500	IS_AST_PARENT	
3355503	3355504	IS_AST_PARENT	
3355502	3355503	IS_AST_PARENT	
3355505	3355506	IS_AST_PARENT	
3355502	3355505	IS_AST_PARENT	
3355507	3355508	IS_AST_PARENT	
3355502	3355507	IS_AST_PARENT	
3355509	3355510	IS_AST_PARENT	
3355502	3355509	IS_AST_PARENT	
3355511	3355512	IS_AST_PARENT	
3355502	3355511	IS_AST_PARENT	
3355499	3355502	IS_AST_PARENT	
3355498	3355499	IS_AST_PARENT	
3355493	3355498	IS_AST_PARENT	
3355515	3355516	IS_AST_PARENT	
3355514	3355515	IS_AST_PARENT	
3355518	3355519	IS_AST_PARENT	
3355517	3355518	IS_AST_PARENT	
3355514	3355517	IS_AST_PARENT	
3355513	3355514	IS_AST_PARENT	
3355493	3355513	IS_AST_PARENT	
3355490	3355493	IS_AST_PARENT	
3355524	3355525	IS_AST_PARENT	
3355523	3355524	IS_AST_PARENT	
3355532	3355533	IS_AST_PARENT	
3355531	3355532	IS_AST_PARENT	
3355535	3355536	IS_AST_PARENT	
3355534	3355535	IS_AST_PARENT	
3355537	3355538	IS_AST_PARENT	
3355534	3355537	IS_AST_PARENT	
3355531	3355534	IS_AST_PARENT	
3355530	3355531	IS_AST_PARENT	
3355530	3355539	IS_AST_PARENT	
3355529	3355530	IS_AST_PARENT	
3355528	3355529	IS_AST_PARENT	
3355528	3355540	IS_AST_PARENT	
3355527	3355528	IS_AST_PARENT	
3355526	3355527	IS_AST_PARENT	
3355523	3355526	IS_AST_PARENT	
3355522	3355523	IS_AST_PARENT	
3355521	3355522	IS_AST_PARENT	
3355520	3355521	IS_AST_PARENT	
3355490	3355520	IS_AST_PARENT	
3355370	3355490	IS_AST_PARENT	
3355544	3355545	IS_AST_PARENT	
3355544	3355546	IS_AST_PARENT	
3355543	3355544	IS_AST_PARENT	
3355547	3355548	IS_AST_PARENT	
3355551	3355552	IS_AST_PARENT	
3355551	3355553	IS_AST_PARENT	
3355550	3355551	IS_AST_PARENT	
3355549	3355550	IS_AST_PARENT	
3355555	3355556	IS_AST_PARENT	
3355554	3355555	IS_AST_PARENT	
3355549	3355554	IS_AST_PARENT	
3355547	3355549	IS_AST_PARENT	
3355543	3355547	IS_AST_PARENT	
3355542	3355543	IS_AST_PARENT	
3355541	3355542	IS_AST_PARENT	
3355558	3355559	IS_AST_PARENT	
3355557	3355558	IS_AST_PARENT	
3355541	3355557	IS_AST_PARENT	
3355370	3355541	IS_AST_PARENT	
3355560	3355561	IS_AST_PARENT	
3355370	3355560	IS_AST_PARENT	
3355369	3355370	IS_AST_PARENT	
3355369	3355562	IS_AST_PARENT	
3355369	3355563	IS_AST_PARENT	
3355369	3355564	IS_AST_PARENT	
3355565	3355371	FLOWS_TO	
3355371	3355378	FLOWS_TO	
3355378	3355383	FLOWS_TO	
3355383	3355392	FLOWS_TO	
3355392	3355396	FLOWS_TO	
3355396	3355406	FLOWS_TO	
3355406	3355409	FLOWS_TO	
3355406	3355433	FLOWS_TO	
3355409	3355424	FLOWS_TO	
3355424	3355454	FLOWS_TO	
3355433	3355454	FLOWS_TO	
3355454	3355464	FLOWS_TO	
3355454	3355467	FLOWS_TO	
3355464	3355566	FLOWS_TO	
3355467	3355479	FLOWS_TO	
3355467	3355481	FLOWS_TO	
3355479	3355566	FLOWS_TO	
3355481	3355491	FLOWS_TO	
3355491	3355494	FLOWS_TO	
3355491	3355522	FLOWS_TO	
3355494	3355498	FLOWS_TO	
3355498	3355513	FLOWS_TO	
3355513	3355542	FLOWS_TO	
3355522	3355542	FLOWS_TO	
3355542	3355558	FLOWS_TO	
3355542	3355560	FLOWS_TO	
3355558	3355566	FLOWS_TO	
3355560	3355566	FLOWS_TO	
3355542	3355567	USE	
3355555	3355567	USE	
3355551	3355567	USE	
3355522	3355568	USE	
3355527	3355568	USE	
3355371	3355569	DEF	
3355375	3355569	DEF	
3355371	3355569	USE	
3355375	3355569	USE	
3355542	3355570	USE	
3355433	3355571	USE	
3355440	3355571	USE	
3355522	3355572	USE	
3355527	3355572	USE	
3355530	3355572	USE	
3355467	3355573	USE	
3355475	3355573	USE	
3355560	3355573	USE	
3355467	3355574	USE	
3355454	3355575	USE	
3355461	3355575	USE	
3355494	3355576	DEF	
3355495	3355576	DEF	
3355498	3355576	USE	
3355507	3355576	USE	
3355378	3355577	DEF	
3355379	3355577	DEF	
3355409	3355577	USE	
3355414	3355577	USE	
3355433	3355577	USE	
3355438	3355577	USE	
3355454	3355577	USE	
3355459	3355577	USE	
3355467	3355578	USE	
3355498	3355578	USE	
3355505	3355578	USE	
3355392	3355579	DEF	
3355393	3355579	DEF	
3355498	3355579	USE	
3355509	3355579	USE	
3355396	3355580	USE	
3355397	3355580	USE	
3355481	3355580	USE	
3355482	3355580	USE	
3355371	3355581	DEF	
3355372	3355581	DEF	
3355396	3355581	DEF	
3355397	3355581	DEF	
3355406	3355581	USE	
3355409	3355581	USE	
3355416	3355581	USE	
3355424	3355581	USE	
3355429	3355581	USE	
3355481	3355581	DEF	
3355482	3355581	DEF	
3355491	3355581	USE	
3355498	3355581	USE	
3355503	3355581	USE	
3355513	3355581	USE	
3355518	3355581	USE	
3355542	3355582	USE	
3355383	3355583	DEF	
3355387	3355583	DEF	
3355384	3355583	DEF	
3355498	3355583	USE	
3355511	3355583	USE	
3355542	3355583	USE	
3355464	3355584	USE	
3355479	3355584	USE	
3355558	3355584	USE	
3355433	3355585	USE	
3355445	3355585	USE	
3355454	3355586	USE	
3355494	3355498	REACHES	otherHadIps
3355378	3355409	REACHES	controllee
3355378	3355433	REACHES	controllee
3355378	3355454	REACHES	controllee
3355392	3355498	REACHES	allHadIps
3355396	3355406	REACHES	tmp
3355396	3355409	REACHES	tmp
3355396	3355424	REACHES	tmp
3355481	3355491	REACHES	tmp
3355481	3355498	REACHES	tmp
3355481	3355513	REACHES	tmp
3355383	3355498	REACHES	selfId
3355383	3355542	REACHES	selfId
3355565	3355371	CONTROLS	
3355565	3355378	CONTROLS	
3355565	3355383	CONTROLS	
3355565	3355392	CONTROLS	
3355565	3355396	CONTROLS	
3355565	3355406	CONTROLS	
3355565	3355454	CONTROLS	
3355406	3355409	CONTROLS	
3355406	3355424	CONTROLS	
3355406	3355433	CONTROLS	
3355454	3355464	CONTROLS	
3355454	3355467	CONTROLS	
3355467	3355479	CONTROLS	
3355467	3355481	CONTROLS	
3355467	3355491	CONTROLS	
3355467	3355542	CONTROLS	
3355491	3355494	CONTROLS	
3355491	3355498	CONTROLS	
3355491	3355513	CONTROLS	
3355491	3355522	CONTROLS	
3355542	3355558	CONTROLS	
3355542	3355560	CONTROLS	
3355467	3355481	DOM	
3355491	3355494	DOM	
3355454	3355464	DOM	
3355498	3355513	DOM	
3355494	3355498	DOM	
3355542	3355560	DOM	
3355565	3355565	DOM	
3355409	3355424	DOM	
3355383	3355392	DOM	
3355467	3355479	DOM	
3355378	3355383	DOM	
3355491	3355522	DOM	
3355406	3355433	DOM	
3355565	3355371	DOM	
3355454	3355467	DOM	
3355406	3355454	DOM	
3355371	3355378	DOM	
3355396	3355406	DOM	
3355454	3355566	DOM	
3355542	3355558	DOM	
3355491	3355542	DOM	
3355406	3355409	DOM	
3355392	3355396	DOM	
3355481	3355491	DOM	
3355491	3355481	POST_DOM	
3355498	3355494	POST_DOM	
3355566	3355464	POST_DOM	
3355542	3355513	POST_DOM	
3355513	3355498	POST_DOM	
3355566	3355560	POST_DOM	
3355454	3355424	POST_DOM	
3355371	3355565	POST_DOM	
3355396	3355392	POST_DOM	
3355566	3355479	POST_DOM	
3355392	3355383	POST_DOM	
3355542	3355522	POST_DOM	
3355454	3355433	POST_DOM	
3355378	3355371	POST_DOM	
3355566	3355467	POST_DOM	
3355566	3355454	POST_DOM	
3355383	3355378	POST_DOM	
3355566	3355566	POST_DOM	
3355454	3355406	POST_DOM	
3355566	3355558	POST_DOM	
3355566	3355542	POST_DOM	
3355424	3355409	POST_DOM	
3355406	3355396	POST_DOM	
3355542	3355491	POST_DOM	
3355368	3355369	IS_FUNCTION_OF_AST	
3355368	3355565	IS_FUNCTION_OF_CFG	
3355010	3355368	IS_FILE_OF	
3355591	3355592	IS_AST_PARENT	
3355591	3355593	IS_AST_PARENT	
3355590	3355591	IS_AST_PARENT	
3355589	3355590	IS_AST_PARENT	
3355595	3355596	IS_AST_PARENT	
3355595	3355597	IS_AST_PARENT	
3355594	3355595	IS_AST_PARENT	
3355589	3355594	IS_AST_PARENT	
3355599	3355600	IS_AST_PARENT	
3355601	3355602	IS_AST_PARENT	
3355601	3355603	IS_AST_PARENT	
3355599	3355601	IS_AST_PARENT	
3355598	3355599	IS_AST_PARENT	
3355589	3355598	IS_AST_PARENT	
3355605	3355606	IS_AST_PARENT	
3355605	3355607	IS_AST_PARENT	
3355604	3355605	IS_AST_PARENT	
3355589	3355604	IS_AST_PARENT	
3355609	3355610	IS_AST_PARENT	
3355611	3355612	IS_AST_PARENT	
3355611	3355613	IS_AST_PARENT	
3355609	3355611	IS_AST_PARENT	
3355608	3355609	IS_AST_PARENT	
3355589	3355608	IS_AST_PARENT	
3355616	3355617	IS_AST_PARENT	
3355616	3355618	IS_AST_PARENT	
3355615	3355616	IS_AST_PARENT	
3355614	3355615	IS_AST_PARENT	
3355622	3355623	IS_AST_PARENT	
3355621	3355622	IS_AST_PARENT	
3355625	3355626	IS_AST_PARENT	
3355624	3355625	IS_AST_PARENT	
3355621	3355624	IS_AST_PARENT	
3355620	3355621	IS_AST_PARENT	
3355619	3355620	IS_AST_PARENT	
3355628	3355629	IS_AST_PARENT	
3355628	3355630	IS_AST_PARENT	
3355627	3355628	IS_AST_PARENT	
3355619	3355627	IS_AST_PARENT	
3355614	3355619	IS_AST_PARENT	
3355589	3355614	IS_AST_PARENT	
3355632	3355633	IS_AST_PARENT	
3355632	3355634	IS_AST_PARENT	
3355635	3355636	IS_AST_PARENT	
3355635	3355637	IS_AST_PARENT	
3355632	3355635	IS_AST_PARENT	
3355631	3355632	IS_AST_PARENT	
3355589	3355631	IS_AST_PARENT	
3355639	3355640	IS_AST_PARENT	
3355639	3355641	IS_AST_PARENT	
3355638	3355639	IS_AST_PARENT	
3355589	3355638	IS_AST_PARENT	
3355643	3355644	IS_AST_PARENT	
3355646	3355647	IS_AST_PARENT	
3355645	3355646	IS_AST_PARENT	
3355645	3355648	IS_AST_PARENT	
3355643	3355645	IS_AST_PARENT	
3355642	3355643	IS_AST_PARENT	
3355589	3355642	IS_AST_PARENT	
3355650	3355651	IS_AST_PARENT	
3355653	3355654	IS_AST_PARENT	
3355652	3355653	IS_AST_PARENT	
3355652	3355655	IS_AST_PARENT	
3355652	3355656	IS_AST_PARENT	
3355650	3355652	IS_AST_PARENT	
3355649	3355650	IS_AST_PARENT	
3355589	3355649	IS_AST_PARENT	
3355660	3355661	IS_AST_PARENT	
3355660	3355662	IS_AST_PARENT	
3355659	3355660	IS_AST_PARENT	
3355658	3355659	IS_AST_PARENT	
3355664	3355665	IS_AST_PARENT	
3355663	3355664	IS_AST_PARENT	
3355666	3355667	IS_AST_PARENT	
3355663	3355666	IS_AST_PARENT	
3355670	3355671	IS_AST_PARENT	
3355669	3355670	IS_AST_PARENT	
3355669	3355672	IS_AST_PARENT	
3355668	3355669	IS_AST_PARENT	
3355663	3355668	IS_AST_PARENT	
3355658	3355663	IS_AST_PARENT	
3355657	3355658	IS_AST_PARENT	
3355589	3355657	IS_AST_PARENT	
3355674	3355675	IS_AST_PARENT	
3355673	3355674	IS_AST_PARENT	
3355679	3355680	IS_AST_PARENT	
3355678	3355679	IS_AST_PARENT	
3355682	3355683	IS_AST_PARENT	
3355681	3355682	IS_AST_PARENT	
3355678	3355681	IS_AST_PARENT	
3355677	3355678	IS_AST_PARENT	
3355676	3355677	IS_AST_PARENT	
3355673	3355676	IS_AST_PARENT	
3355589	3355673	IS_AST_PARENT	
3355685	3355686	IS_AST_PARENT	
3355688	3355689	IS_AST_PARENT	
3355687	3355688	IS_AST_PARENT	
3355691	3355692	IS_AST_PARENT	
3355690	3355691	IS_AST_PARENT	
3355687	3355690	IS_AST_PARENT	
3355685	3355687	IS_AST_PARENT	
3355684	3355685	IS_AST_PARENT	
3355589	3355684	IS_AST_PARENT	
3355694	3355695	IS_AST_PARENT	
3355693	3355694	IS_AST_PARENT	
3355698	3355699	IS_AST_PARENT	
3355698	3355700	IS_AST_PARENT	
3355697	3355698	IS_AST_PARENT	
3355696	3355697	IS_AST_PARENT	
3355703	3355704	IS_AST_PARENT	
3355702	3355703	IS_AST_PARENT	
3355706	3355707	IS_AST_PARENT	
3355705	3355706	IS_AST_PARENT	
3355702	3355705	IS_AST_PARENT	
3355701	3355702	IS_AST_PARENT	
3355696	3355701	IS_AST_PARENT	
3355693	3355696	IS_AST_PARENT	
3355589	3355693	IS_AST_PARENT	
3355709	3355710	IS_AST_PARENT	
3355712	3355713	IS_AST_PARENT	
3355711	3355712	IS_AST_PARENT	
3355715	3355716	IS_AST_PARENT	
3355714	3355715	IS_AST_PARENT	
3355717	3355718	IS_AST_PARENT	
3355714	3355717	IS_AST_PARENT	
3355719	3355720	IS_AST_PARENT	
3355714	3355719	IS_AST_PARENT	
3355711	3355714	IS_AST_PARENT	
3355709	3355711	IS_AST_PARENT	
3355708	3355709	IS_AST_PARENT	
3355589	3355708	IS_AST_PARENT	
3355722	3355723	IS_AST_PARENT	
3355722	3355724	IS_AST_PARENT	
3355725	3355726	IS_AST_PARENT	
3355725	3355727	IS_AST_PARENT	
3355722	3355725	IS_AST_PARENT	
3355721	3355722	IS_AST_PARENT	
3355589	3355721	IS_AST_PARENT	
3355729	3355730	IS_AST_PARENT	
3355729	3355731	IS_AST_PARENT	
3355732	3355733	IS_AST_PARENT	
3355732	3355734	IS_AST_PARENT	
3355729	3355732	IS_AST_PARENT	
3355728	3355729	IS_AST_PARENT	
3355589	3355728	IS_AST_PARENT	
3355736	3355737	IS_AST_PARENT	
3355736	3355738	IS_AST_PARENT	
3355739	3355740	IS_AST_PARENT	
3355741	3355742	IS_AST_PARENT	
3355741	3355743	IS_AST_PARENT	
3355739	3355741	IS_AST_PARENT	
3355736	3355739	IS_AST_PARENT	
3355735	3355736	IS_AST_PARENT	
3355589	3355735	IS_AST_PARENT	
3355745	3355746	IS_AST_PARENT	
3355750	3355751	IS_AST_PARENT	
3355750	3355752	IS_AST_PARENT	
3355749	3355750	IS_AST_PARENT	
3355748	3355749	IS_AST_PARENT	
3355748	3355753	IS_AST_PARENT	
3355747	3355748	IS_AST_PARENT	
3355747	3355754	IS_AST_PARENT	
3355745	3355747	IS_AST_PARENT	
3355744	3355745	IS_AST_PARENT	
3355589	3355744	IS_AST_PARENT	
3355756	3355757	IS_AST_PARENT	
3355759	3355760	IS_AST_PARENT	
3355759	3355761	IS_AST_PARENT	
3355758	3355759	IS_AST_PARENT	
3355758	3355762	IS_AST_PARENT	
3355756	3355758	IS_AST_PARENT	
3355755	3355756	IS_AST_PARENT	
3355589	3355755	IS_AST_PARENT	
3355764	3355765	IS_AST_PARENT	
3355767	3355768	IS_AST_PARENT	
3355766	3355767	IS_AST_PARENT	
3355770	3355771	IS_AST_PARENT	
3355769	3355770	IS_AST_PARENT	
3355772	3355773	IS_AST_PARENT	
3355769	3355772	IS_AST_PARENT	
3355766	3355769	IS_AST_PARENT	
3355764	3355766	IS_AST_PARENT	
3355763	3355764	IS_AST_PARENT	
3355589	3355763	IS_AST_PARENT	
3355776	3355777	IS_AST_PARENT	
3355775	3355776	IS_AST_PARENT	
3355775	3355778	IS_AST_PARENT	
3355774	3355775	IS_AST_PARENT	
3355589	3355774	IS_AST_PARENT	
3355781	3355782	IS_AST_PARENT	
3355780	3355781	IS_AST_PARENT	
3355784	3355785	IS_AST_PARENT	
3355783	3355784	IS_AST_PARENT	
3355786	3355787	IS_AST_PARENT	
3355783	3355786	IS_AST_PARENT	
3355780	3355783	IS_AST_PARENT	
3355779	3355780	IS_AST_PARENT	
3355589	3355779	IS_AST_PARENT	
3355790	3355791	IS_AST_PARENT	
3355789	3355790	IS_AST_PARENT	
3355789	3355792	IS_AST_PARENT	
3355788	3355789	IS_AST_PARENT	
3355589	3355788	IS_AST_PARENT	
3355794	3355795	IS_AST_PARENT	
3355797	3355798	IS_AST_PARENT	
3355796	3355797	IS_AST_PARENT	
3355800	3355801	IS_AST_PARENT	
3355799	3355800	IS_AST_PARENT	
3355802	3355803	IS_AST_PARENT	
3355799	3355802	IS_AST_PARENT	
3355796	3355799	IS_AST_PARENT	
3355794	3355796	IS_AST_PARENT	
3355793	3355794	IS_AST_PARENT	
3355589	3355793	IS_AST_PARENT	
3355806	3355807	IS_AST_PARENT	
3355805	3355806	IS_AST_PARENT	
3355805	3355808	IS_AST_PARENT	
3355804	3355805	IS_AST_PARENT	
3355589	3355804	IS_AST_PARENT	
3355809	3355810	IS_AST_PARENT	
3355589	3355809	IS_AST_PARENT	
3355588	3355589	IS_AST_PARENT	
3355588	3355811	IS_AST_PARENT	
3355588	3355812	IS_AST_PARENT	
3355588	3355813	IS_AST_PARENT	
3355814	3355590	FLOWS_TO	
3355590	3355594	FLOWS_TO	
3355594	3355598	FLOWS_TO	
3355598	3355604	FLOWS_TO	
3355604	3355608	FLOWS_TO	
3355608	3355615	FLOWS_TO	
3355615	3355620	FLOWS_TO	
3355615	3355631	FLOWS_TO	
3355620	3355627	FLOWS_TO	
3355627	3355631	FLOWS_TO	
3355631	3355638	FLOWS_TO	
3355638	3355642	FLOWS_TO	
3355642	3355649	FLOWS_TO	
3355649	3355657	FLOWS_TO	
3355657	3355674	FLOWS_TO	
3355674	3355677	FLOWS_TO	
3355674	3355684	FLOWS_TO	
3355677	3355684	FLOWS_TO	
3355684	3355694	FLOWS_TO	
3355694	3355697	FLOWS_TO	
3355694	3355708	FLOWS_TO	
3355697	3355701	FLOWS_TO	
3355701	3355708	FLOWS_TO	
3355708	3355721	FLOWS_TO	
3355721	3355728	FLOWS_TO	
3355728	3355735	FLOWS_TO	
3355735	3355744	FLOWS_TO	
3355744	3355755	FLOWS_TO	
3355755	3355763	FLOWS_TO	
3355763	3355774	FLOWS_TO	
3355774	3355779	FLOWS_TO	
3355779	3355788	FLOWS_TO	
3355788	3355793	FLOWS_TO	
3355793	3355804	FLOWS_TO	
3355804	3355809	FLOWS_TO	
3355809	3355815	FLOWS_TO	
3355793	3355816	USE	
3355802	3355816	USE	
3355721	3355817	DEF	
3355725	3355817	DEF	
3355722	3355817	DEF	
3355755	3355817	USE	
3355756	3355817	USE	
3355744	3355818	USE	
3355750	3355818	USE	
3355745	3355818	USE	
3355615	3355819	USE	
3355620	3355819	USE	
3355625	3355819	USE	
3355627	3355819	DEF	
3355628	3355819	DEF	
3355657	3355820	USE	
3355668	3355820	USE	
3355590	3355821	DEF	
3355591	3355821	DEF	
3355697	3355821	DEF	
3355698	3355821	DEF	
3355684	3355822	USE	
3355685	3355822	USE	
3355598	3355823	DEF	
3355599	3355823	DEF	
3355755	3355823	DEF	
3355756	3355823	DEF	
3355638	3355824	DEF	
3355639	3355824	DEF	
3355649	3355824	DEF	
3355650	3355824	DEF	
3355657	3355824	USE	
3355666	3355824	USE	
3355755	3355825	USE	
3355756	3355825	USE	
3355631	3355826	DEF	
3355632	3355826	DEF	
3355642	3355826	DEF	
3355643	3355826	DEF	
3355649	3355826	USE	
3355650	3355826	USE	
3355653	3355826	USE	
3355674	3355826	USE	
3355677	3355826	USE	
3355682	3355826	USE	
3355684	3355826	DEF	
3355685	3355826	DEF	
3355694	3355826	USE	
3355701	3355826	USE	
3355706	3355826	USE	
3355735	3355827	DEF	
3355736	3355827	DEF	
3355739	3355827	DEF	
3355744	3355827	USE	
3355745	3355827	USE	
3355744	3355827	DEF	
3355745	3355827	DEF	
3355755	3355827	USE	
3355756	3355827	USE	
3355615	3355828	USE	
3355627	3355828	USE	
3355628	3355828	USE	
3355631	3355828	USE	
3355635	3355828	USE	
3355631	3355828	DEF	
3355635	3355828	DEF	
3355590	3355829	USE	
3355591	3355829	USE	
3355604	3355829	USE	
3355605	3355829	USE	
3355697	3355829	USE	
3355698	3355829	USE	
3355779	3355830	USE	
3355784	3355830	USE	
3355809	3355831	USE	
3355763	3355832	USE	
3355764	3355832	USE	
3355744	3355833	USE	
3355745	3355833	USE	
3355642	3355834	USE	
3355643	3355834	USE	
3355728	3355835	DEF	
3355732	3355835	DEF	
3355729	3355835	DEF	
3355735	3355835	USE	
3355739	3355835	USE	
3355657	3355836	USE	
3355660	3355836	USE	
3355608	3355837	DEF	
3355609	3355837	DEF	
3355793	3355837	DEF	
3355794	3355837	DEF	
3355708	3355838	USE	
3355709	3355838	USE	
3355793	3355838	USE	
3355794	3355838	USE	
3355604	3355839	DEF	
3355605	3355839	DEF	
3355763	3355839	USE	
3355772	3355839	USE	
3355763	3355839	DEF	
3355764	3355839	DEF	
3355594	3355840	DEF	
3355595	3355840	DEF	
3355708	3355840	DEF	
3355709	3355840	DEF	
3355735	3355840	USE	
3355739	3355840	USE	
3355594	3355841	USE	
3355595	3355841	USE	
3355708	3355841	USE	
3355717	3355841	USE	
3355728	3355735	REACHES	timeoutNumber
3355649	3355657	REACHES	tmp
3355721	3355755	REACHES	safetyFactor
3355642	3355649	REACHES	buffer
3355642	3355674	REACHES	buffer
3355642	3355677	REACHES	buffer
3355684	3355694	REACHES	buffer
3355684	3355701	REACHES	buffer
3355604	3355763	REACHES	m_useReplication
3355708	3355735	REACHES	m_connectionTimeout
3355735	3355744	REACHES	time_to_send_all
3355744	3355755	REACHES	time_to_send_all
3355814	3355590	CONTROLS	
3355814	3355594	CONTROLS	
3355814	3355598	CONTROLS	
3355814	3355604	CONTROLS	
3355814	3355608	CONTROLS	
3355814	3355615	CONTROLS	
3355814	3355631	CONTROLS	
3355814	3355638	CONTROLS	
3355814	3355642	CONTROLS	
3355814	3355649	CONTROLS	
3355814	3355657	CONTROLS	
3355814	3355674	CONTROLS	
3355814	3355684	CONTROLS	
3355814	3355694	CONTROLS	
3355814	3355708	CONTROLS	
3355814	3355721	CONTROLS	
3355814	3355728	CONTROLS	
3355814	3355735	CONTROLS	
3355814	3355744	CONTROLS	
3355814	3355755	CONTROLS	
3355814	3355763	CONTROLS	
3355814	3355774	CONTROLS	
3355814	3355779	CONTROLS	
3355814	3355788	CONTROLS	
3355814	3355793	CONTROLS	
3355814	3355804	CONTROLS	
3355814	3355809	CONTROLS	
3355615	3355620	CONTROLS	
3355615	3355627	CONTROLS	
3355674	3355677	CONTROLS	
3355694	3355697	CONTROLS	
3355694	3355701	CONTROLS	
3355744	3355755	DOM	
3355604	3355608	DOM	
3355809	3355815	DOM	
3355804	3355809	DOM	
3355590	3355594	DOM	
3355814	3355590	DOM	
3355674	3355684	DOM	
3355615	3355620	DOM	
3355615	3355631	DOM	
3355674	3355677	DOM	
3355814	3355814	DOM	
3355608	3355615	DOM	
3355721	3355728	DOM	
3355649	3355657	DOM	
3355728	3355735	DOM	
3355763	3355774	DOM	
3355694	3355708	DOM	
3355694	3355697	DOM	
3355642	3355649	DOM	
3355708	3355721	DOM	
3355755	3355763	DOM	
3355788	3355793	DOM	
3355774	3355779	DOM	
3355779	3355788	DOM	
3355620	3355627	DOM	
3355697	3355701	DOM	
3355735	3355744	DOM	
3355631	3355638	DOM	
3355684	3355694	DOM	
3355594	3355598	DOM	
3355598	3355604	DOM	
3355657	3355674	DOM	
3355638	3355642	DOM	
3355793	3355804	DOM	
3355763	3355755	POST_DOM	
3355615	3355608	POST_DOM	
3355815	3355815	POST_DOM	
3355815	3355809	POST_DOM	
3355598	3355594	POST_DOM	
3355594	3355590	POST_DOM	
3355694	3355684	POST_DOM	
3355627	3355620	POST_DOM	
3355638	3355631	POST_DOM	
3355684	3355677	POST_DOM	
3355590	3355814	POST_DOM	
3355735	3355728	POST_DOM	
3355631	3355615	POST_DOM	
3355674	3355657	POST_DOM	
3355779	3355774	POST_DOM	
3355744	3355735	POST_DOM	
3355721	3355708	POST_DOM	
3355701	3355697	POST_DOM	
3355728	3355721	POST_DOM	
3355657	3355649	POST_DOM	
3355774	3355763	POST_DOM	
3355804	3355793	POST_DOM	
3355793	3355788	POST_DOM	
3355788	3355779	POST_DOM	
3355631	3355627	POST_DOM	
3355708	3355701	POST_DOM	
3355755	3355744	POST_DOM	
3355642	3355638	POST_DOM	
3355708	3355694	POST_DOM	
3355608	3355604	POST_DOM	
3355604	3355598	POST_DOM	
3355684	3355674	POST_DOM	
3355809	3355804	POST_DOM	
3355649	3355642	POST_DOM	
3355587	3355588	IS_FUNCTION_OF_AST	
3355587	3355814	IS_FUNCTION_OF_CFG	
3355010	3355587	IS_FILE_OF	
3355847	3355848	IS_AST_PARENT	
3355846	3355847	IS_AST_PARENT	
3355846	3355849	IS_AST_PARENT	
3355845	3355846	IS_AST_PARENT	
3355844	3355845	IS_AST_PARENT	
3355853	3355854	IS_AST_PARENT	
3355853	3355855	IS_AST_PARENT	
3355852	3355853	IS_AST_PARENT	
3355851	3355852	IS_AST_PARENT	
3355857	3355858	IS_AST_PARENT	
3355856	3355857	IS_AST_PARENT	
3355859	3355860	IS_AST_PARENT	
3355856	3355859	IS_AST_PARENT	
3355862	3355863	IS_AST_PARENT	
3355864	3355865	IS_AST_PARENT	
3355864	3355866	IS_AST_PARENT	
3355862	3355864	IS_AST_PARENT	
3355861	3355862	IS_AST_PARENT	
3355856	3355861	IS_AST_PARENT	
3355867	3355868	IS_AST_PARENT	
3355856	3355867	IS_AST_PARENT	
3355870	3355871	IS_AST_PARENT	
3355870	3355872	IS_AST_PARENT	
3355869	3355870	IS_AST_PARENT	
3355856	3355869	IS_AST_PARENT	
3355873	3355874	IS_AST_PARENT	
3355856	3355873	IS_AST_PARENT	
3355851	3355856	IS_AST_PARENT	
3355850	3355851	IS_AST_PARENT	
3355844	3355850	IS_AST_PARENT	
3355878	3355879	IS_AST_PARENT	
3355878	3355880	IS_AST_PARENT	
3355877	3355878	IS_AST_PARENT	
3355876	3355877	IS_AST_PARENT	
3355882	3355883	IS_AST_PARENT	
3355881	3355882	IS_AST_PARENT	
3355884	3355885	IS_AST_PARENT	
3355881	3355884	IS_AST_PARENT	
3355887	3355888	IS_AST_PARENT	
3355889	3355890	IS_AST_PARENT	
3355889	3355891	IS_AST_PARENT	
3355887	3355889	IS_AST_PARENT	
3355886	3355887	IS_AST_PARENT	
3355881	3355886	IS_AST_PARENT	
3355892	3355893	IS_AST_PARENT	
3355881	3355892	IS_AST_PARENT	
3355895	3355896	IS_AST_PARENT	
3355895	3355897	IS_AST_PARENT	
3355894	3355895	IS_AST_PARENT	
3355881	3355894	IS_AST_PARENT	
3355898	3355899	IS_AST_PARENT	
3355881	3355898	IS_AST_PARENT	
3355876	3355881	IS_AST_PARENT	
3355875	3355876	IS_AST_PARENT	
3355844	3355875	IS_AST_PARENT	
3355843	3355844	IS_AST_PARENT	
3355843	3355900	IS_AST_PARENT	
3355843	3355901	IS_AST_PARENT	
3355843	3355902	IS_AST_PARENT	
3355903	3355845	FLOWS_TO	
3355845	3355850	FLOWS_TO	
3355850	3355875	FLOWS_TO	
3355875	3355904	FLOWS_TO	
3355850	3355905	USE	
3355853	3355905	USE	
3355875	3355905	USE	
3355878	3355905	USE	
3355850	3355906	USE	
3355869	3355906	USE	
3355875	3355906	USE	
3355894	3355906	USE	
3355850	3355907	USE	
3355861	3355907	USE	
3355875	3355907	USE	
3355886	3355907	USE	
3355850	3355908	USE	
3355873	3355908	USE	
3355875	3355908	USE	
3355898	3355908	USE	
3355850	3355909	USE	
3355857	3355909	USE	
3355875	3355910	USE	
3355882	3355910	USE	
3355903	3355845	CONTROLS	
3355903	3355850	CONTROLS	
3355903	3355875	CONTROLS	
3355903	3355903	DOM	
3355875	3355904	DOM	
3355903	3355845	DOM	
3355850	3355875	DOM	
3355845	3355850	DOM	
3355845	3355903	POST_DOM	
3355904	3355904	POST_DOM	
3355850	3355845	POST_DOM	
3355904	3355875	POST_DOM	
3355875	3355850	POST_DOM	
3355842	3355843	IS_FUNCTION_OF_AST	
3355842	3355903	IS_FUNCTION_OF_CFG	
3355010	3355842	IS_FILE_OF	
3355915	3355916	IS_AST_PARENT	
3355915	3355917	IS_AST_PARENT	
3355914	3355915	IS_AST_PARENT	
3355913	3355914	IS_AST_PARENT	
3355921	3355922	IS_AST_PARENT	
3355921	3355923	IS_AST_PARENT	
3355920	3355921	IS_AST_PARENT	
3355919	3355920	IS_AST_PARENT	
3355919	3355924	IS_AST_PARENT	
3355918	3355919	IS_AST_PARENT	
3355913	3355918	IS_AST_PARENT	
3355928	3355929	IS_AST_PARENT	
3355928	3355930	IS_AST_PARENT	
3355927	3355928	IS_AST_PARENT	
3355926	3355927	IS_AST_PARENT	
3355932	3355933	IS_AST_PARENT	
3355931	3355932	IS_AST_PARENT	
3355926	3355931	IS_AST_PARENT	
3355925	3355926	IS_AST_PARENT	
3355913	3355925	IS_AST_PARENT	
3355937	3355938	IS_AST_PARENT	
3355937	3355939	IS_AST_PARENT	
3355936	3355937	IS_AST_PARENT	
3355935	3355936	IS_AST_PARENT	
3355941	3355942	IS_AST_PARENT	
3355940	3355941	IS_AST_PARENT	
3355935	3355940	IS_AST_PARENT	
3355934	3355935	IS_AST_PARENT	
3355913	3355934	IS_AST_PARENT	
3355944	3355945	IS_AST_PARENT	
3355944	3355946	IS_AST_PARENT	
3355943	3355944	IS_AST_PARENT	
3355913	3355943	IS_AST_PARENT	
3355950	3355951	IS_AST_PARENT	
3355950	3355952	IS_AST_PARENT	
3355949	3355950	IS_AST_PARENT	
3355948	3355949	IS_AST_PARENT	
3355954	3355955	IS_AST_PARENT	
3355953	3355954	IS_AST_PARENT	
3355956	3355957	IS_AST_PARENT	
3355953	3355956	IS_AST_PARENT	
3355948	3355953	IS_AST_PARENT	
3355947	3355948	IS_AST_PARENT	
3355913	3355947	IS_AST_PARENT	
3355961	3355962	IS_AST_PARENT	
3355961	3355963	IS_AST_PARENT	
3355960	3355961	IS_AST_PARENT	
3355959	3355960	IS_AST_PARENT	
3355965	3355966	IS_AST_PARENT	
3355964	3355965	IS_AST_PARENT	
3355970	3355971	IS_AST_PARENT	
3355970	3355972	IS_AST_PARENT	
3355969	3355970	IS_AST_PARENT	
3355968	3355969	IS_AST_PARENT	
3355968	3355973	IS_AST_PARENT	
3355967	3355968	IS_AST_PARENT	
3355964	3355967	IS_AST_PARENT	
3355959	3355964	IS_AST_PARENT	
3355958	3355959	IS_AST_PARENT	
3355913	3355958	IS_AST_PARENT	
3355977	3355978	IS_AST_PARENT	
3355977	3355979	IS_AST_PARENT	
3355976	3355977	IS_AST_PARENT	
3355975	3355976	IS_AST_PARENT	
3355981	3355982	IS_AST_PARENT	
3355980	3355981	IS_AST_PARENT	
3355983	3355984	IS_AST_PARENT	
3355980	3355983	IS_AST_PARENT	
3355975	3355980	IS_AST_PARENT	
3355974	3355975	IS_AST_PARENT	
3355913	3355974	IS_AST_PARENT	
3355986	3355987	IS_AST_PARENT	
3355990	3355991	IS_AST_PARENT	
3355990	3355992	IS_AST_PARENT	
3355989	3355990	IS_AST_PARENT	
3355988	3355989	IS_AST_PARENT	
3355988	3355993	IS_AST_PARENT	
3355986	3355988	IS_AST_PARENT	
3355985	3355986	IS_AST_PARENT	
3355913	3355985	IS_AST_PARENT	
3355996	3355997	IS_AST_PARENT	
3355996	3355998	IS_AST_PARENT	
3355995	3355996	IS_AST_PARENT	
3355994	3355995	IS_AST_PARENT	
3356003	3356004	IS_AST_PARENT	
3356003	3356005	IS_AST_PARENT	
3356002	3356003	IS_AST_PARENT	
3356001	3356002	IS_AST_PARENT	
3356007	3356008	IS_AST_PARENT	
3356006	3356007	IS_AST_PARENT	
3356009	3356010	IS_AST_PARENT	
3356006	3356009	IS_AST_PARENT	
3356001	3356006	IS_AST_PARENT	
3356000	3356001	IS_AST_PARENT	
3355999	3356000	IS_AST_PARENT	
3355994	3355999	IS_AST_PARENT	
3356016	3356017	IS_AST_PARENT	
3356016	3356018	IS_AST_PARENT	
3356015	3356016	IS_AST_PARENT	
3356014	3356015	IS_AST_PARENT	
3356020	3356021	IS_AST_PARENT	
3356019	3356020	IS_AST_PARENT	
3356022	3356023	IS_AST_PARENT	
3356019	3356022	IS_AST_PARENT	
3356014	3356019	IS_AST_PARENT	
3356013	3356014	IS_AST_PARENT	
3356012	3356013	IS_AST_PARENT	
3356026	3356027	IS_AST_PARENT	
3356025	3356026	IS_AST_PARENT	
3356029	3356030	IS_AST_PARENT	
3356028	3356029	IS_AST_PARENT	
3356025	3356028	IS_AST_PARENT	
3356024	3356025	IS_AST_PARENT	
3356012	3356024	IS_AST_PARENT	
3356011	3356012	IS_AST_PARENT	
3355994	3356011	IS_AST_PARENT	
3355913	3355994	IS_AST_PARENT	
3356034	3356035	IS_AST_PARENT	
3356034	3356036	IS_AST_PARENT	
3356033	3356034	IS_AST_PARENT	
3356032	3356033	IS_AST_PARENT	
3356038	3356039	IS_AST_PARENT	
3356037	3356038	IS_AST_PARENT	
3356040	3356041	IS_AST_PARENT	
3356037	3356040	IS_AST_PARENT	
3356032	3356037	IS_AST_PARENT	
3356031	3356032	IS_AST_PARENT	
3355913	3356031	IS_AST_PARENT	
3356045	3356046	IS_AST_PARENT	
3356045	3356047	IS_AST_PARENT	
3356044	3356045	IS_AST_PARENT	
3356043	3356044	IS_AST_PARENT	
3356049	3356050	IS_AST_PARENT	
3356048	3356049	IS_AST_PARENT	
3356055	3356056	IS_AST_PARENT	
3356055	3356057	IS_AST_PARENT	
3356054	3356055	IS_AST_PARENT	
3356053	3356054	IS_AST_PARENT	
3356053	3356058	IS_AST_PARENT	
3356052	3356053	IS_AST_PARENT	
3356059	3356060	IS_AST_PARENT	
3356059	3356061	IS_AST_PARENT	
3356052	3356059	IS_AST_PARENT	
3356051	3356052	IS_AST_PARENT	
3356048	3356051	IS_AST_PARENT	
3356043	3356048	IS_AST_PARENT	
3356042	3356043	IS_AST_PARENT	
3355913	3356042	IS_AST_PARENT	
3356065	3356066	IS_AST_PARENT	
3356065	3356067	IS_AST_PARENT	
3356064	3356065	IS_AST_PARENT	
3356063	3356064	IS_AST_PARENT	
3356069	3356070	IS_AST_PARENT	
3356068	3356069	IS_AST_PARENT	
3356071	3356072	IS_AST_PARENT	
3356068	3356071	IS_AST_PARENT	
3356063	3356068	IS_AST_PARENT	
3356062	3356063	IS_AST_PARENT	
3355913	3356062	IS_AST_PARENT	
3356076	3356077	IS_AST_PARENT	
3356076	3356078	IS_AST_PARENT	
3356075	3356076	IS_AST_PARENT	
3356074	3356075	IS_AST_PARENT	
3356081	3356082	IS_AST_PARENT	
3356081	3356083	IS_AST_PARENT	
3356080	3356081	IS_AST_PARENT	
3356079	3356080	IS_AST_PARENT	
3356074	3356079	IS_AST_PARENT	
3356073	3356074	IS_AST_PARENT	
3355913	3356073	IS_AST_PARENT	
3355912	3355913	IS_AST_PARENT	
3355912	3356084	IS_AST_PARENT	
3355912	3356085	IS_AST_PARENT	
3355912	3356086	IS_AST_PARENT	
3356087	3355914	FLOWS_TO	
3355914	3355918	FLOWS_TO	
3355918	3355925	FLOWS_TO	
3355925	3355934	FLOWS_TO	
3355934	3355943	FLOWS_TO	
3355943	3355947	FLOWS_TO	
3355947	3355958	FLOWS_TO	
3355958	3355974	FLOWS_TO	
3355974	3355985	FLOWS_TO	
3355985	3355995	FLOWS_TO	
3355995	3356000	FLOWS_TO	
3355995	3356013	FLOWS_TO	
3356000	3356031	FLOWS_TO	
3356013	3356024	FLOWS_TO	
3356024	3356031	FLOWS_TO	
3356031	3356042	FLOWS_TO	
3356042	3356062	FLOWS_TO	
3356062	3356073	FLOWS_TO	
3356073	3356088	FLOWS_TO	
3355958	3356089	USE	
3355967	3356089	USE	
3355985	3356090	USE	
3355990	3356090	USE	
3355986	3356090	USE	
3356042	3356090	USE	
3356055	3356090	USE	
3356051	3356090	USE	
3355947	3356091	USE	
3355954	3356091	USE	
3356042	3356092	USE	
3356049	3356092	USE	
3355943	3356093	DEF	
3355944	3356093	DEF	
3355974	3356094	USE	
3355983	3356094	USE	
3355985	3356095	USE	
3355986	3356095	USE	
3355925	3356096	USE	
3355932	3356096	USE	
3356042	3356097	USE	
3356051	3356097	USE	
3356031	3356098	USE	
3356040	3356098	USE	
3355947	3356099	USE	
3355956	3356099	USE	
3355958	3356100	USE	
3355967	3356100	USE	
3356000	3356101	USE	
3356007	3356101	USE	
3356013	3356101	USE	
3356020	3356101	USE	
3356042	3356102	USE	
3356051	3356102	USE	
3356062	3356102	USE	
3356071	3356102	USE	
3355958	3356103	USE	
3355970	3356103	USE	
3356073	3356103	USE	
3356076	3356103	USE	
3356062	3356104	USE	
3356069	3356104	USE	
3355914	3356105	DEF	
3355915	3356105	DEF	
3355985	3356105	DEF	
3355986	3356105	DEF	
3355995	3356105	USE	
3356013	3356105	USE	
3356022	3356105	USE	
3356024	3356105	USE	
3356029	3356105	USE	
3356073	3356106	USE	
3356080	3356106	USE	
3355958	3356107	USE	
3355965	3356107	USE	
3356031	3356108	USE	
3356038	3356108	USE	
3355918	3356109	USE	
3355921	3356109	USE	
3355925	3356109	USE	
3355928	3356109	USE	
3355934	3356109	USE	
3355937	3356109	USE	
3355947	3356109	USE	
3355950	3356109	USE	
3355958	3356109	USE	
3355961	3356109	USE	
3355974	3356109	USE	
3355977	3356109	USE	
3356000	3356109	USE	
3356003	3356109	USE	
3356013	3356109	USE	
3356016	3356109	USE	
3356031	3356109	USE	
3356034	3356109	USE	
3356042	3356109	USE	
3356045	3356109	USE	
3356062	3356109	USE	
3356065	3356109	USE	
3355974	3356110	USE	
3355981	3356110	USE	
3355985	3355995	REACHES	buffer
3355985	3356013	REACHES	buffer
3355985	3356024	REACHES	buffer
3356087	3355914	CONTROLS	
3356087	3355918	CONTROLS	
3356087	3355925	CONTROLS	
3356087	3355934	CONTROLS	
3356087	3355943	CONTROLS	
3356087	3355947	CONTROLS	
3356087	3355958	CONTROLS	
3356087	3355974	CONTROLS	
3356087	3355985	CONTROLS	
3356087	3355995	CONTROLS	
3356087	3356031	CONTROLS	
3356087	3356042	CONTROLS	
3356087	3356062	CONTROLS	
3356087	3356073	CONTROLS	
3355995	3356000	CONTROLS	
3355995	3356013	CONTROLS	
3355995	3356024	CONTROLS	
3355974	3355985	DOM	
3355995	3356031	DOM	
3356087	3355914	DOM	
3356031	3356042	DOM	
3356087	3356087	DOM	
3356013	3356024	DOM	
3355925	3355934	DOM	
3355947	3355958	DOM	
3356062	3356073	DOM	
3356042	3356062	DOM	
3356073	3356088	DOM	
3355918	3355925	DOM	
3355914	3355918	DOM	
3355934	3355943	DOM	
3355985	3355995	DOM	
3355995	3356000	DOM	
3355943	3355947	DOM	
3355958	3355974	DOM	
3355995	3356013	DOM	
3355995	3355985	POST_DOM	
3356042	3356031	POST_DOM	
3356062	3356042	POST_DOM	
3355918	3355914	POST_DOM	
3355914	3356087	POST_DOM	
3356031	3356024	POST_DOM	
3355943	3355934	POST_DOM	
3356088	3356073	POST_DOM	
3355974	3355958	POST_DOM	
3356088	3356088	POST_DOM	
3356073	3356062	POST_DOM	
3355934	3355925	POST_DOM	
3355925	3355918	POST_DOM	
3356031	3355995	POST_DOM	
3355947	3355943	POST_DOM	
3356031	3356000	POST_DOM	
3355958	3355947	POST_DOM	
3355985	3355974	POST_DOM	
3356024	3356013	POST_DOM	
3355911	3355912	IS_FUNCTION_OF_AST	
3355911	3356087	IS_FUNCTION_OF_CFG	
3355010	3355911	IS_FILE_OF	
3356115	3356116	IS_AST_PARENT	
3356115	3356117	IS_AST_PARENT	
3356114	3356115	IS_AST_PARENT	
3356113	3356114	IS_AST_PARENT	
3356120	3356121	IS_AST_PARENT	
3356119	3356120	IS_AST_PARENT	
3356119	3356122	IS_AST_PARENT	
3356118	3356119	IS_AST_PARENT	
3356113	3356118	IS_AST_PARENT	
3356124	3356125	IS_AST_PARENT	
3356124	3356126	IS_AST_PARENT	
3356123	3356124	IS_AST_PARENT	
3356113	3356123	IS_AST_PARENT	
3356128	3356129	IS_AST_PARENT	
3356131	3356132	IS_AST_PARENT	
3356130	3356131	IS_AST_PARENT	
3356134	3356135	IS_AST_PARENT	
3356133	3356134	IS_AST_PARENT	
3356130	3356133	IS_AST_PARENT	
3356128	3356130	IS_AST_PARENT	
3356127	3356128	IS_AST_PARENT	
3356113	3356127	IS_AST_PARENT	
3356137	3356138	IS_AST_PARENT	
3356136	3356137	IS_AST_PARENT	
3356141	3356142	IS_AST_PARENT	
3356141	3356143	IS_AST_PARENT	
3356140	3356141	IS_AST_PARENT	
3356139	3356140	IS_AST_PARENT	
3356136	3356139	IS_AST_PARENT	
3356147	3356148	IS_AST_PARENT	
3356150	3356151	IS_AST_PARENT	
3356149	3356150	IS_AST_PARENT	
3356155	3356156	IS_AST_PARENT	
3356154	3356155	IS_AST_PARENT	
3356158	3356159	IS_AST_PARENT	
3356157	3356158	IS_AST_PARENT	
3356154	3356157	IS_AST_PARENT	
3356153	3356154	IS_AST_PARENT	
3356152	3356153	IS_AST_PARENT	
3356149	3356152	IS_AST_PARENT	
3356147	3356149	IS_AST_PARENT	
3356146	3356147	IS_AST_PARENT	
3356145	3356146	IS_AST_PARENT	
3356144	3356145	IS_AST_PARENT	
3356136	3356144	IS_AST_PARENT	
3356113	3356136	IS_AST_PARENT	
3356161	3356162	IS_AST_PARENT	
3356164	3356165	IS_AST_PARENT	
3356163	3356164	IS_AST_PARENT	
3356167	3356168	IS_AST_PARENT	
3356166	3356167	IS_AST_PARENT	
3356169	3356170	IS_AST_PARENT	
3356166	3356169	IS_AST_PARENT	
3356163	3356166	IS_AST_PARENT	
3356161	3356163	IS_AST_PARENT	
3356160	3356161	IS_AST_PARENT	
3356113	3356160	IS_AST_PARENT	
3356172	3356173	IS_AST_PARENT	
3356175	3356176	IS_AST_PARENT	
3356174	3356175	IS_AST_PARENT	
3356178	3356179	IS_AST_PARENT	
3356177	3356178	IS_AST_PARENT	
3356174	3356177	IS_AST_PARENT	
3356172	3356174	IS_AST_PARENT	
3356171	3356172	IS_AST_PARENT	
3356113	3356171	IS_AST_PARENT	
3356181	3356182	IS_AST_PARENT	
3356180	3356181	IS_AST_PARENT	
3356185	3356186	IS_AST_PARENT	
3356188	3356189	IS_AST_PARENT	
3356187	3356188	IS_AST_PARENT	
3356191	3356192	IS_AST_PARENT	
3356190	3356191	IS_AST_PARENT	
3356193	3356194	IS_AST_PARENT	
3356190	3356193	IS_AST_PARENT	
3356195	3356196	IS_AST_PARENT	
3356190	3356195	IS_AST_PARENT	
3356197	3356198	IS_AST_PARENT	
3356190	3356197	IS_AST_PARENT	
3356199	3356200	IS_AST_PARENT	
3356190	3356199	IS_AST_PARENT	
3356187	3356190	IS_AST_PARENT	
3356185	3356187	IS_AST_PARENT	
3356184	3356185	IS_AST_PARENT	
3356183	3356184	IS_AST_PARENT	
3356203	3356204	IS_AST_PARENT	
3356202	3356203	IS_AST_PARENT	
3356206	3356207	IS_AST_PARENT	
3356205	3356206	IS_AST_PARENT	
3356202	3356205	IS_AST_PARENT	
3356201	3356202	IS_AST_PARENT	
3356183	3356201	IS_AST_PARENT	
3356180	3356183	IS_AST_PARENT	
3356209	3356210	IS_AST_PARENT	
3356209	3356211	IS_AST_PARENT	
3356209	3356212	IS_AST_PARENT	
3356209	3356213	IS_AST_PARENT	
3356209	3356214	IS_AST_PARENT	
3356209	3356215	IS_AST_PARENT	
3356208	3356209	IS_AST_PARENT	
3356180	3356208	IS_AST_PARENT	
3356113	3356180	IS_AST_PARENT	
3356218	3356219	IS_AST_PARENT	
3356217	3356218	IS_AST_PARENT	
3356217	3356220	IS_AST_PARENT	
3356216	3356217	IS_AST_PARENT	
3356113	3356216	IS_AST_PARENT	
3356222	3356223	IS_AST_PARENT	
3356226	3356227	IS_AST_PARENT	
3356226	3356228	IS_AST_PARENT	
3356225	3356226	IS_AST_PARENT	
3356224	3356225	IS_AST_PARENT	
3356230	3356231	IS_AST_PARENT	
3356229	3356230	IS_AST_PARENT	
3356233	3356234	IS_AST_PARENT	
3356235	3356236	IS_AST_PARENT	
3356235	3356237	IS_AST_PARENT	
3356233	3356235	IS_AST_PARENT	
3356232	3356233	IS_AST_PARENT	
3356229	3356232	IS_AST_PARENT	
3356238	3356239	IS_AST_PARENT	
3356229	3356238	IS_AST_PARENT	
3356240	3356241	IS_AST_PARENT	
3356229	3356240	IS_AST_PARENT	
3356224	3356229	IS_AST_PARENT	
3356222	3356224	IS_AST_PARENT	
3356221	3356222	IS_AST_PARENT	
3356113	3356221	IS_AST_PARENT	
3356244	3356245	IS_AST_PARENT	
3356243	3356244	IS_AST_PARENT	
3356247	3356248	IS_AST_PARENT	
3356246	3356247	IS_AST_PARENT	
3356249	3356250	IS_AST_PARENT	
3356246	3356249	IS_AST_PARENT	
3356252	3356253	IS_AST_PARENT	
3356252	3356254	IS_AST_PARENT	
3356251	3356252	IS_AST_PARENT	
3356246	3356251	IS_AST_PARENT	
3356243	3356246	IS_AST_PARENT	
3356242	3356243	IS_AST_PARENT	
3356113	3356242	IS_AST_PARENT	
3356256	3356257	IS_AST_PARENT	
3356260	3356261	IS_AST_PARENT	
3356260	3356262	IS_AST_PARENT	
3356259	3356260	IS_AST_PARENT	
3356258	3356259	IS_AST_PARENT	
3356264	3356265	IS_AST_PARENT	
3356263	3356264	IS_AST_PARENT	
3356266	3356267	IS_AST_PARENT	
3356263	3356266	IS_AST_PARENT	
3356269	3356270	IS_AST_PARENT	
3356271	3356272	IS_AST_PARENT	
3356271	3356273	IS_AST_PARENT	
3356269	3356271	IS_AST_PARENT	
3356268	3356269	IS_AST_PARENT	
3356263	3356268	IS_AST_PARENT	
3356274	3356275	IS_AST_PARENT	
3356263	3356274	IS_AST_PARENT	
3356276	3356277	IS_AST_PARENT	
3356263	3356276	IS_AST_PARENT	
3356258	3356263	IS_AST_PARENT	
3356256	3356258	IS_AST_PARENT	
3356255	3356256	IS_AST_PARENT	
3356113	3356255	IS_AST_PARENT	
3356279	3356280	IS_AST_PARENT	
3356278	3356279	IS_AST_PARENT	
3356282	3356283	IS_AST_PARENT	
3356281	3356282	IS_AST_PARENT	
3356278	3356281	IS_AST_PARENT	
3356113	3356278	IS_AST_PARENT	
3356287	3356288	IS_AST_PARENT	
3356287	3356289	IS_AST_PARENT	
3356286	3356287	IS_AST_PARENT	
3356292	3356293	IS_AST_PARENT	
3356291	3356292	IS_AST_PARENT	
3356295	3356296	IS_AST_PARENT	
3356294	3356295	IS_AST_PARENT	
3356291	3356294	IS_AST_PARENT	
3356290	3356291	IS_AST_PARENT	
3356290	3356297	IS_AST_PARENT	
3356286	3356290	IS_AST_PARENT	
3356285	3356286	IS_AST_PARENT	
3356284	3356285	IS_AST_PARENT	
3356301	3356302	IS_AST_PARENT	
3356300	3356301	IS_AST_PARENT	
3356304	3356305	IS_AST_PARENT	
3356303	3356304	IS_AST_PARENT	
3356300	3356303	IS_AST_PARENT	
3356299	3356300	IS_AST_PARENT	
3356298	3356299	IS_AST_PARENT	
3356284	3356298	IS_AST_PARENT	
3356113	3356284	IS_AST_PARENT	
3356306	3356307	IS_AST_PARENT	
3356113	3356306	IS_AST_PARENT	
3356112	3356113	IS_AST_PARENT	
3356112	3356308	IS_AST_PARENT	
3356112	3356309	IS_AST_PARENT	
3356112	3356310	IS_AST_PARENT	
3356311	3356114	FLOWS_TO	
3356114	3356118	FLOWS_TO	
3356118	3356123	FLOWS_TO	
3356123	3356127	FLOWS_TO	
3356127	3356137	FLOWS_TO	
3356137	3356140	FLOWS_TO	
3356137	3356146	FLOWS_TO	
3356140	3356160	FLOWS_TO	
3356146	3356160	FLOWS_TO	
3356160	3356171	FLOWS_TO	
3356171	3356181	FLOWS_TO	
3356181	3356184	FLOWS_TO	
3356181	3356210	FLOWS_TO	
3356184	3356201	FLOWS_TO	
3356201	3356216	FLOWS_TO	
3356210	3356211	FLOWS_TO	
3356211	3356212	FLOWS_TO	
3356212	3356213	FLOWS_TO	
3356213	3356214	FLOWS_TO	
3356214	3356215	FLOWS_TO	
3356215	3356216	FLOWS_TO	
3356216	3356221	FLOWS_TO	
3356221	3356242	FLOWS_TO	
3356242	3356255	FLOWS_TO	
3356255	3356279	FLOWS_TO	
3356279	3356282	FLOWS_TO	
3356279	3356285	FLOWS_TO	
3356282	3356312	FLOWS_TO	
3356285	3356299	FLOWS_TO	
3356285	3356306	FLOWS_TO	
3356299	3356306	FLOWS_TO	
3356306	3356312	FLOWS_TO	
3356184	3356313	USE	
3356197	3356313	USE	
3356146	3356314	USE	
3356153	3356314	USE	
3356184	3356315	USE	
3356195	3356315	USE	
3356123	3356316	USE	
3356124	3356316	USE	
3356160	3356317	USE	
3356169	3356317	USE	
3356160	3356317	DEF	
3356161	3356317	DEF	
3356184	3356317	USE	
3356193	3356317	USE	
3356279	3356318	USE	
3356184	3356319	USE	
3356185	3356319	USE	
3356127	3356320	USE	
3356128	3356320	USE	
3356171	3356320	USE	
3356172	3356320	USE	
3356114	3356321	DEF	
3356115	3356321	DEF	
3356127	3356321	DEF	
3356128	3356321	DEF	
3356137	3356321	USE	
3356140	3356321	USE	
3356141	3356321	USE	
3356171	3356321	DEF	
3356172	3356321	DEF	
3356181	3356321	USE	
3356184	3356321	USE	
3356191	3356321	USE	
3356201	3356321	USE	
3356206	3356321	USE	
3356184	3356322	USE	
3356199	3356322	USE	
3356242	3356323	USE	
3356251	3356323	USE	
3356221	3356324	USE	
3356226	3356324	USE	
3356255	3356324	USE	
3356260	3356324	USE	
3356242	3356325	USE	
3356251	3356325	USE	
3356123	3356326	DEF	
3356124	3356326	DEF	
3356285	3356326	USE	
3356285	3356327	USE	
3356285	3356328	USE	
3356221	3356329	USE	
3356240	3356329	USE	
3356255	3356329	USE	
3356276	3356329	USE	
3356242	3356330	USE	
3356247	3356330	USE	
3356255	3356331	USE	
3356268	3356331	USE	
3356285	3356332	USE	
3356184	3356333	DEF	
3356185	3356333	DEF	
3356282	3356334	USE	
3356306	3356334	USE	
3356160	3356335	USE	
3356161	3356335	USE	
3356221	3356336	USE	
3356232	3356336	USE	
3356140	3356337	DEF	
3356141	3356337	DEF	
3356146	3356337	DEF	
3356147	3356337	DEF	
3356221	3356338	DEF	
3356222	3356338	DEF	
3356221	3356339	USE	
3356222	3356339	USE	
3356255	3356339	USE	
3356256	3356339	USE	
3356285	3356340	USE	
3356295	3356340	USE	
3356221	3356341	USE	
3356222	3356341	USE	
3356255	3356341	USE	
3356256	3356341	USE	
3356146	3356342	USE	
3356158	3356342	USE	
3356255	3356343	USE	
3356266	3356343	USE	
3356146	3356344	USE	
3356147	3356344	USE	
3356255	3356345	DEF	
3356256	3356345	DEF	
3356160	3356184	REACHES	m_usePrimary
3356127	3356137	REACHES	tmp
3356127	3356140	REACHES	tmp
3356171	3356181	REACHES	tmp
3356171	3356184	REACHES	tmp
3356171	3356201	REACHES	tmp
3356123	3356285	REACHES	m_masterDaemon
3356311	3356114	CONTROLS	
3356311	3356118	CONTROLS	
3356311	3356123	CONTROLS	
3356311	3356127	CONTROLS	
3356311	3356137	CONTROLS	
3356311	3356160	CONTROLS	
3356311	3356171	CONTROLS	
3356311	3356181	CONTROLS	
3356311	3356216	CONTROLS	
3356311	3356221	CONTROLS	
3356311	3356242	CONTROLS	
3356311	3356255	CONTROLS	
3356311	3356279	CONTROLS	
3356137	3356140	CONTROLS	
3356137	3356146	CONTROLS	
3356181	3356184	CONTROLS	
3356181	3356201	CONTROLS	
3356181	3356210	CONTROLS	
3356181	3356211	CONTROLS	
3356181	3356212	CONTROLS	
3356181	3356213	CONTROLS	
3356181	3356214	CONTROLS	
3356181	3356215	CONTROLS	
3356279	3356282	CONTROLS	
3356279	3356285	CONTROLS	
3356279	3356306	CONTROLS	
3356285	3356299	CONTROLS	
3356285	3356299	DOM	
3356160	3356171	DOM	
3356279	3356282	DOM	
3356127	3356137	DOM	
3356213	3356214	DOM	
3356216	3356221	DOM	
3356221	3356242	DOM	
3356137	3356160	DOM	
3356181	3356184	DOM	
3356311	3356114	DOM	
3356137	3356146	DOM	
3356137	3356140	DOM	
3356279	3356312	DOM	
3356181	3356216	DOM	
3356285	3356306	DOM	
3356212	3356213	DOM	
3356242	3356255	DOM	
3356123	3356127	DOM	
3356118	3356123	DOM	
3356211	3356212	DOM	
3356171	3356181	DOM	
3356255	3356279	DOM	
3356279	3356285	DOM	
3356114	3356118	DOM	
3356311	3356311	DOM	
3356184	3356201	DOM	
3356210	3356211	DOM	
3356181	3356210	DOM	
3356214	3356215	DOM	
3356306	3356299	POST_DOM	
3356181	3356171	POST_DOM	
3356312	3356282	POST_DOM	
3356160	3356137	POST_DOM	
3356215	3356214	POST_DOM	
3356255	3356242	POST_DOM	
3356242	3356221	POST_DOM	
3356201	3356184	POST_DOM	
3356171	3356160	POST_DOM	
3356118	3356114	POST_DOM	
3356160	3356146	POST_DOM	
3356312	3356312	POST_DOM	
3356160	3356140	POST_DOM	
3356221	3356216	POST_DOM	
3356214	3356213	POST_DOM	
3356312	3356306	POST_DOM	
3356279	3356255	POST_DOM	
3356137	3356127	POST_DOM	
3356127	3356123	POST_DOM	
3356213	3356212	POST_DOM	
3356312	3356279	POST_DOM	
3356216	3356181	POST_DOM	
3356306	3356285	POST_DOM	
3356123	3356118	POST_DOM	
3356114	3356311	POST_DOM	
3356216	3356201	POST_DOM	
3356212	3356211	POST_DOM	
3356211	3356210	POST_DOM	
3356216	3356215	POST_DOM	
3356111	3356112	IS_FUNCTION_OF_AST	
3356111	3356311	IS_FUNCTION_OF_CFG	
3355010	3356111	IS_FILE_OF	
3356348	3356349	IS_AST_PARENT	
3356348	3356350	IS_AST_PARENT	
3356348	3356351	IS_AST_PARENT	
3356348	3356352	IS_AST_PARENT	
3356348	3356353	IS_AST_PARENT	
3356348	3356354	IS_AST_PARENT	
3356348	3356355	IS_AST_PARENT	
3356348	3356356	IS_AST_PARENT	
3356359	3356360	IS_AST_PARENT	
3356358	3356359	IS_AST_PARENT	
3356362	3356363	IS_AST_PARENT	
3356361	3356362	IS_AST_PARENT	
3356358	3356361	IS_AST_PARENT	
3356357	3356358	IS_AST_PARENT	
3356348	3356357	IS_AST_PARENT	
3356365	3356366	IS_AST_PARENT	
3356369	3356370	IS_AST_PARENT	
3356369	3356371	IS_AST_PARENT	
3356368	3356369	IS_AST_PARENT	
3356367	3356368	IS_AST_PARENT	
3356374	3356375	IS_AST_PARENT	
3356374	3356376	IS_AST_PARENT	
3356373	3356374	IS_AST_PARENT	
3356372	3356373	IS_AST_PARENT	
3356378	3356379	IS_AST_PARENT	
3356380	3356381	IS_AST_PARENT	
3356380	3356382	IS_AST_PARENT	
3356378	3356380	IS_AST_PARENT	
3356377	3356378	IS_AST_PARENT	
3356372	3356377	IS_AST_PARENT	
3356383	3356384	IS_AST_PARENT	
3356372	3356383	IS_AST_PARENT	
3356385	3356386	IS_AST_PARENT	
3356372	3356385	IS_AST_PARENT	
3356367	3356372	IS_AST_PARENT	
3356365	3356367	IS_AST_PARENT	
3356364	3356365	IS_AST_PARENT	
3356348	3356364	IS_AST_PARENT	
3356389	3356390	IS_AST_PARENT	
3356389	3356391	IS_AST_PARENT	
3356388	3356389	IS_AST_PARENT	
3356387	3356388	IS_AST_PARENT	
3356395	3356396	IS_AST_PARENT	
3356394	3356395	IS_AST_PARENT	
3356394	3356397	IS_AST_PARENT	
3356393	3356394	IS_AST_PARENT	
3356392	3356393	IS_AST_PARENT	
3356387	3356392	IS_AST_PARENT	
3356348	3356387	IS_AST_PARENT	
3356400	3356401	IS_AST_PARENT	
3356399	3356400	IS_AST_PARENT	
3356399	3356402	IS_AST_PARENT	
3356398	3356399	IS_AST_PARENT	
3356348	3356398	IS_AST_PARENT	
3356404	3356405	IS_AST_PARENT	
3356404	3356406	IS_AST_PARENT	
3356403	3356404	IS_AST_PARENT	
3356348	3356403	IS_AST_PARENT	
3356408	3356409	IS_AST_PARENT	
3356410	3356411	IS_AST_PARENT	
3356410	3356412	IS_AST_PARENT	
3356408	3356410	IS_AST_PARENT	
3356407	3356408	IS_AST_PARENT	
3356348	3356407	IS_AST_PARENT	
3356347	3356348	IS_AST_PARENT	
3356347	3356413	IS_AST_PARENT	
3356347	3356414	IS_AST_PARENT	
3356347	3356415	IS_AST_PARENT	
3356416	3356349	FLOWS_TO	
3356349	3356350	FLOWS_TO	
3356350	3356351	FLOWS_TO	
3356351	3356352	FLOWS_TO	
3356352	3356353	FLOWS_TO	
3356353	3356354	FLOWS_TO	
3356354	3356355	FLOWS_TO	
3356355	3356356	FLOWS_TO	
3356356	3356357	FLOWS_TO	
3356357	3356364	FLOWS_TO	
3356364	3356388	FLOWS_TO	
3356388	3356393	FLOWS_TO	
3356388	3356398	FLOWS_TO	
3356393	3356398	FLOWS_TO	
3356398	3356403	FLOWS_TO	
3356403	3356407	FLOWS_TO	
3356407	3356417	FLOWS_TO	
3356388	3356418	USE	
3356403	3356418	USE	
3356404	3356418	USE	
3356403	3356418	DEF	
3356404	3356418	DEF	
3356407	3356418	USE	
3356408	3356418	USE	
3356407	3356418	DEF	
3356408	3356418	DEF	
3356364	3356419	USE	
3356373	3356419	USE	
3356364	3356420	USE	
3356365	3356420	USE	
3356364	3356421	USE	
3356369	3356421	USE	
3356364	3356422	USE	
3356365	3356422	USE	
3356364	3356423	USE	
3356373	3356423	USE	
3356407	3356423	USE	
3356408	3356423	USE	
3356364	3356424	USE	
3356385	3356424	USE	
3356364	3356425	USE	
3356377	3356425	USE	
3356357	3356426	USE	
3356362	3356426	USE	
3356364	3356426	DEF	
3356365	3356426	DEF	
3356403	3356407	REACHES	m_callsCounter
3356416	3356349	CONTROLS	
3356416	3356350	CONTROLS	
3356416	3356351	CONTROLS	
3356416	3356352	CONTROLS	
3356416	3356353	CONTROLS	
3356416	3356354	CONTROLS	
3356416	3356355	CONTROLS	
3356416	3356356	CONTROLS	
3356416	3356357	CONTROLS	
3356416	3356364	CONTROLS	
3356416	3356388	CONTROLS	
3356416	3356398	CONTROLS	
3356416	3356403	CONTROLS	
3356416	3356407	CONTROLS	
3356388	3356393	CONTROLS	
3356388	3356393	DOM	
3356351	3356352	DOM	
3356350	3356351	DOM	
3356416	3356349	DOM	
3356416	3356416	DOM	
3356356	3356357	DOM	
3356364	3356388	DOM	
3356388	3356398	DOM	
3356353	3356354	DOM	
3356355	3356356	DOM	
3356352	3356353	DOM	
3356398	3356403	DOM	
3356354	3356355	DOM	
3356403	3356407	DOM	
3356407	3356417	DOM	
3356357	3356364	DOM	
3356349	3356350	DOM	
3356398	3356393	POST_DOM	
3356353	3356352	POST_DOM	
3356352	3356351	POST_DOM	
3356350	3356349	POST_DOM	
3356349	3356416	POST_DOM	
3356364	3356357	POST_DOM	
3356398	3356388	POST_DOM	
3356403	3356398	POST_DOM	
3356355	3356354	POST_DOM	
3356357	3356356	POST_DOM	
3356407	3356403	POST_DOM	
3356354	3356353	POST_DOM	
3356417	3356417	POST_DOM	
3356417	3356407	POST_DOM	
3356356	3356355	POST_DOM	
3356388	3356364	POST_DOM	
3356351	3356350	POST_DOM	
3356346	3356347	IS_FUNCTION_OF_AST	
3356346	3356416	IS_FUNCTION_OF_CFG	
3355010	3356346	IS_FILE_OF	
3356432	3356433	IS_AST_PARENT	
3356431	3356432	IS_AST_PARENT	
3356431	3356434	IS_AST_PARENT	
3356430	3356431	IS_AST_PARENT	
3356429	3356430	IS_AST_PARENT	
3356436	3356437	IS_AST_PARENT	
3356435	3356436	IS_AST_PARENT	
3356439	3356440	IS_AST_PARENT	
3356438	3356439	IS_AST_PARENT	
3356442	3356443	IS_AST_PARENT	
3356442	3356444	IS_AST_PARENT	
3356441	3356442	IS_AST_PARENT	
3356438	3356441	IS_AST_PARENT	
3356447	3356448	IS_AST_PARENT	
3356446	3356447	IS_AST_PARENT	
3356450	3356451	IS_AST_PARENT	
3356449	3356450	IS_AST_PARENT	
3356452	3356453	IS_AST_PARENT	
3356449	3356452	IS_AST_PARENT	
3356446	3356449	IS_AST_PARENT	
3356445	3356446	IS_AST_PARENT	
3356438	3356445	IS_AST_PARENT	
3356438	3356454	IS_AST_PARENT	
3356455	3356456	IS_AST_PARENT	
3356438	3356455	IS_AST_PARENT	
3356462	3356463	IS_AST_PARENT	
3356462	3356464	IS_AST_PARENT	
3356461	3356462	IS_AST_PARENT	
3356460	3356461	IS_AST_PARENT	
3356460	3356465	IS_AST_PARENT	
3356459	3356460	IS_AST_PARENT	
3356459	3356466	IS_AST_PARENT	
3356458	3356459	IS_AST_PARENT	
3356457	3356458	IS_AST_PARENT	
3356469	3356470	IS_AST_PARENT	
3356469	3356471	IS_AST_PARENT	
3356468	3356469	IS_AST_PARENT	
3356467	3356468	IS_AST_PARENT	
3356474	3356475	IS_AST_PARENT	
3356473	3356474	IS_AST_PARENT	
3356477	3356478	IS_AST_PARENT	
3356476	3356477	IS_AST_PARENT	
3356479	3356480	IS_AST_PARENT	
3356476	3356479	IS_AST_PARENT	
3356473	3356476	IS_AST_PARENT	
3356472	3356473	IS_AST_PARENT	
3356467	3356472	IS_AST_PARENT	
3356467	3356481	IS_AST_PARENT	
3356457	3356467	IS_AST_PARENT	
3356486	3356487	IS_AST_PARENT	
3356485	3356486	IS_AST_PARENT	
3356489	3356490	IS_AST_PARENT	
3356488	3356489	IS_AST_PARENT	
3356491	3356492	IS_AST_PARENT	
3356488	3356491	IS_AST_PARENT	
3356485	3356488	IS_AST_PARENT	
3356484	3356485	IS_AST_PARENT	
3356483	3356484	IS_AST_PARENT	
3356482	3356483	IS_AST_PARENT	
3356457	3356482	IS_AST_PARENT	
3356438	3356457	IS_AST_PARENT	
3356438	3356493	IS_AST_PARENT	
3356494	3356495	IS_AST_PARENT	
3356438	3356494	IS_AST_PARENT	
3356500	3356501	IS_AST_PARENT	
3356504	3356505	IS_AST_PARENT	
3356504	3356506	IS_AST_PARENT	
3356503	3356504	IS_AST_PARENT	
3356502	3356503	IS_AST_PARENT	
3356502	3356507	IS_AST_PARENT	
3356500	3356502	IS_AST_PARENT	
3356499	3356500	IS_AST_PARENT	
3356508	3356509	IS_AST_PARENT	
3356508	3356510	IS_AST_PARENT	
3356499	3356508	IS_AST_PARENT	
3356498	3356499	IS_AST_PARENT	
3356497	3356498	IS_AST_PARENT	
3356513	3356514	IS_AST_PARENT	
3356513	3356515	IS_AST_PARENT	
3356512	3356513	IS_AST_PARENT	
3356511	3356512	IS_AST_PARENT	
3356518	3356519	IS_AST_PARENT	
3356517	3356518	IS_AST_PARENT	
3356521	3356522	IS_AST_PARENT	
3356520	3356521	IS_AST_PARENT	
3356523	3356524	IS_AST_PARENT	
3356520	3356523	IS_AST_PARENT	
3356517	3356520	IS_AST_PARENT	
3356516	3356517	IS_AST_PARENT	
3356511	3356516	IS_AST_PARENT	
3356511	3356525	IS_AST_PARENT	
3356497	3356511	IS_AST_PARENT	
3356496	3356497	IS_AST_PARENT	
3356530	3356531	IS_AST_PARENT	
3356529	3356530	IS_AST_PARENT	
3356534	3356535	IS_AST_PARENT	
3356534	3356536	IS_AST_PARENT	
3356533	3356534	IS_AST_PARENT	
3356532	3356533	IS_AST_PARENT	
3356529	3356532	IS_AST_PARENT	
3356528	3356529	IS_AST_PARENT	
3356528	3356537	IS_AST_PARENT	
3356527	3356528	IS_AST_PARENT	
3356526	3356527	IS_AST_PARENT	
3356540	3356541	IS_AST_PARENT	
3356540	3356542	IS_AST_PARENT	
3356539	3356540	IS_AST_PARENT	
3356538	3356539	IS_AST_PARENT	
3356545	3356546	IS_AST_PARENT	
3356544	3356545	IS_AST_PARENT	
3356548	3356549	IS_AST_PARENT	
3356547	3356548	IS_AST_PARENT	
3356550	3356551	IS_AST_PARENT	
3356547	3356550	IS_AST_PARENT	
3356544	3356547	IS_AST_PARENT	
3356543	3356544	IS_AST_PARENT	
3356538	3356543	IS_AST_PARENT	
3356538	3356552	IS_AST_PARENT	
3356526	3356538	IS_AST_PARENT	
3356496	3356526	IS_AST_PARENT	
3356555	3356556	IS_AST_PARENT	
3356555	3356557	IS_AST_PARENT	
3356554	3356555	IS_AST_PARENT	
3356553	3356554	IS_AST_PARENT	
3356561	3356562	IS_AST_PARENT	
3356560	3356561	IS_AST_PARENT	
3356564	3356565	IS_AST_PARENT	
3356563	3356564	IS_AST_PARENT	
3356560	3356563	IS_AST_PARENT	
3356559	3356560	IS_AST_PARENT	
3356558	3356559	IS_AST_PARENT	
3356553	3356558	IS_AST_PARENT	
3356496	3356553	IS_AST_PARENT	
3356567	3356568	IS_AST_PARENT	
3356566	3356567	IS_AST_PARENT	
3356571	3356572	IS_AST_PARENT	
3356571	3356573	IS_AST_PARENT	
3356570	3356571	IS_AST_PARENT	
3356569	3356570	IS_AST_PARENT	
3356576	3356577	IS_AST_PARENT	
3356575	3356576	IS_AST_PARENT	
3356579	3356580	IS_AST_PARENT	
3356578	3356579	IS_AST_PARENT	
3356575	3356578	IS_AST_PARENT	
3356574	3356575	IS_AST_PARENT	
3356569	3356574	IS_AST_PARENT	
3356583	3356584	IS_AST_PARENT	
3356582	3356583	IS_AST_PARENT	
3356586	3356587	IS_AST_PARENT	
3356585	3356586	IS_AST_PARENT	
3356588	3356589	IS_AST_PARENT	
3356585	3356588	IS_AST_PARENT	
3356582	3356585	IS_AST_PARENT	
3356581	3356582	IS_AST_PARENT	
3356569	3356581	IS_AST_PARENT	
3356569	3356590	IS_AST_PARENT	
3356566	3356569	IS_AST_PARENT	
3356496	3356566	IS_AST_PARENT	
3356592	3356593	IS_AST_PARENT	
3356592	3356594	IS_AST_PARENT	
3356595	3356596	IS_AST_PARENT	
3356598	3356599	IS_AST_PARENT	
3356597	3356598	IS_AST_PARENT	
3356601	3356602	IS_AST_PARENT	
3356600	3356601	IS_AST_PARENT	
3356597	3356600	IS_AST_PARENT	
3356595	3356597	IS_AST_PARENT	
3356592	3356595	IS_AST_PARENT	
3356591	3356592	IS_AST_PARENT	
3356496	3356591	IS_AST_PARENT	
3356606	3356607	IS_AST_PARENT	
3356606	3356608	IS_AST_PARENT	
3356605	3356606	IS_AST_PARENT	
3356605	3356609	IS_AST_PARENT	
3356604	3356605	IS_AST_PARENT	
3356603	3356604	IS_AST_PARENT	
3356613	3356614	IS_AST_PARENT	
3356612	3356613	IS_AST_PARENT	
3356616	3356617	IS_AST_PARENT	
3356615	3356616	IS_AST_PARENT	
3356612	3356615	IS_AST_PARENT	
3356611	3356612	IS_AST_PARENT	
3356610	3356611	IS_AST_PARENT	
3356603	3356610	IS_AST_PARENT	
3356496	3356603	IS_AST_PARENT	
3356620	3356621	IS_AST_PARENT	
3356620	3356622	IS_AST_PARENT	
3356619	3356620	IS_AST_PARENT	
3356618	3356619	IS_AST_PARENT	
3356625	3356626	IS_AST_PARENT	
3356625	3356627	IS_AST_PARENT	
3356624	3356625	IS_AST_PARENT	
3356623	3356624	IS_AST_PARENT	
3356630	3356631	IS_AST_PARENT	
3356629	3356630	IS_AST_PARENT	
3356633	3356634	IS_AST_PARENT	
3356632	3356633	IS_AST_PARENT	
3356629	3356632	IS_AST_PARENT	
3356628	3356629	IS_AST_PARENT	
3356623	3356628	IS_AST_PARENT	
3356637	3356638	IS_AST_PARENT	
3356636	3356637	IS_AST_PARENT	
3356640	3356641	IS_AST_PARENT	
3356639	3356640	IS_AST_PARENT	
3356642	3356643	IS_AST_PARENT	
3356639	3356642	IS_AST_PARENT	
3356636	3356639	IS_AST_PARENT	
3356635	3356636	IS_AST_PARENT	
3356623	3356635	IS_AST_PARENT	
3356618	3356623	IS_AST_PARENT	
3356645	3356646	IS_AST_PARENT	
3356645	3356647	IS_AST_PARENT	
3356645	3356648	IS_AST_PARENT	
3356645	3356649	IS_AST_PARENT	
3356645	3356650	IS_AST_PARENT	
3356645	3356651	IS_AST_PARENT	
3356645	3356652	IS_AST_PARENT	
3356645	3356653	IS_AST_PARENT	
3356645	3356654	IS_AST_PARENT	
3356645	3356655	IS_AST_PARENT	
3356645	3356656	IS_AST_PARENT	
3356645	3356657	IS_AST_PARENT	
3356645	3356658	IS_AST_PARENT	
3356645	3356659	IS_AST_PARENT	
3356662	3356663	IS_AST_PARENT	
3356661	3356662	IS_AST_PARENT	
3356665	3356666	IS_AST_PARENT	
3356664	3356665	IS_AST_PARENT	
3356661	3356664	IS_AST_PARENT	
3356660	3356661	IS_AST_PARENT	
3356645	3356660	IS_AST_PARENT	
3356644	3356645	IS_AST_PARENT	
3356618	3356644	IS_AST_PARENT	
3356496	3356618	IS_AST_PARENT	
3356496	3356667	IS_AST_PARENT	
3356438	3356496	IS_AST_PARENT	
3356668	3356669	IS_AST_PARENT	
3356438	3356668	IS_AST_PARENT	
3356673	3356674	IS_AST_PARENT	
3356677	3356678	IS_AST_PARENT	
3356677	3356679	IS_AST_PARENT	
3356676	3356677	IS_AST_PARENT	
3356675	3356676	IS_AST_PARENT	
3356675	3356680	IS_AST_PARENT	
3356673	3356675	IS_AST_PARENT	
3356672	3356673	IS_AST_PARENT	
3356683	3356684	IS_AST_PARENT	
3356682	3356683	IS_AST_PARENT	
3356687	3356688	IS_AST_PARENT	
3356687	3356689	IS_AST_PARENT	
3356686	3356687	IS_AST_PARENT	
3356685	3356686	IS_AST_PARENT	
3356682	3356685	IS_AST_PARENT	
3356681	3356682	IS_AST_PARENT	
3356681	3356690	IS_AST_PARENT	
3356672	3356681	IS_AST_PARENT	
3356671	3356672	IS_AST_PARENT	
3356670	3356671	IS_AST_PARENT	
3356694	3356695	IS_AST_PARENT	
3356693	3356694	IS_AST_PARENT	
3356697	3356698	IS_AST_PARENT	
3356696	3356697	IS_AST_PARENT	
3356699	3356700	IS_AST_PARENT	
3356696	3356699	IS_AST_PARENT	
3356693	3356696	IS_AST_PARENT	
3356692	3356693	IS_AST_PARENT	
3356691	3356692	IS_AST_PARENT	
3356702	3356703	IS_AST_PARENT	
3356702	3356704	IS_AST_PARENT	
3356701	3356702	IS_AST_PARENT	
3356691	3356701	IS_AST_PARENT	
3356707	3356708	IS_AST_PARENT	
3356706	3356707	IS_AST_PARENT	
3356710	3356711	IS_AST_PARENT	
3356709	3356710	IS_AST_PARENT	
3356706	3356709	IS_AST_PARENT	
3356705	3356706	IS_AST_PARENT	
3356691	3356705	IS_AST_PARENT	
3356713	3356714	IS_AST_PARENT	
3356712	3356713	IS_AST_PARENT	
3356718	3356719	IS_AST_PARENT	
3356717	3356718	IS_AST_PARENT	
3356721	3356722	IS_AST_PARENT	
3356720	3356721	IS_AST_PARENT	
3356717	3356720	IS_AST_PARENT	
3356716	3356717	IS_AST_PARENT	
3356715	3356716	IS_AST_PARENT	
3356712	3356715	IS_AST_PARENT	
3356691	3356712	IS_AST_PARENT	
3356725	3356726	IS_AST_PARENT	
3356725	3356727	IS_AST_PARENT	
3356724	3356725	IS_AST_PARENT	
3356723	3356724	IS_AST_PARENT	
3356731	3356732	IS_AST_PARENT	
3356730	3356731	IS_AST_PARENT	
3356734	3356735	IS_AST_PARENT	
3356733	3356734	IS_AST_PARENT	
3356730	3356733	IS_AST_PARENT	
3356729	3356730	IS_AST_PARENT	
3356728	3356729	IS_AST_PARENT	
3356723	3356728	IS_AST_PARENT	
3356691	3356723	IS_AST_PARENT	
3356691	3356736	IS_AST_PARENT	
3356670	3356691	IS_AST_PARENT	
3356438	3356670	IS_AST_PARENT	
3356738	3356739	IS_AST_PARENT	
3356737	3356738	IS_AST_PARENT	
3356743	3356744	IS_AST_PARENT	
3356742	3356743	IS_AST_PARENT	
3356746	3356747	IS_AST_PARENT	
3356745	3356746	IS_AST_PARENT	
3356742	3356745	IS_AST_PARENT	
3356741	3356742	IS_AST_PARENT	
3356740	3356741	IS_AST_PARENT	
3356737	3356740	IS_AST_PARENT	
3356438	3356737	IS_AST_PARENT	
3356750	3356751	IS_AST_PARENT	
3356749	3356750	IS_AST_PARENT	
3356753	3356754	IS_AST_PARENT	
3356752	3356753	IS_AST_PARENT	
3356755	3356756	IS_AST_PARENT	
3356752	3356755	IS_AST_PARENT	
3356749	3356752	IS_AST_PARENT	
3356748	3356749	IS_AST_PARENT	
3356438	3356748	IS_AST_PARENT	
3356438	3356757	IS_AST_PARENT	
3356435	3356438	IS_AST_PARENT	
3356429	3356435	IS_AST_PARENT	
3356760	3356761	IS_AST_PARENT	
3356759	3356760	IS_AST_PARENT	
3356759	3356762	IS_AST_PARENT	
3356758	3356759	IS_AST_PARENT	
3356429	3356758	IS_AST_PARENT	
3356428	3356429	IS_AST_PARENT	
3356428	3356763	IS_AST_PARENT	
3356428	3356764	IS_AST_PARENT	
3356428	3356765	IS_AST_PARENT	
3356766	3356430	FLOWS_TO	
3356430	3356436	FLOWS_TO	
3356436	3356494	FLOWS_TO	
3356436	3356668	FLOWS_TO	
3356436	3356439	FLOWS_TO	
3356436	3356455	FLOWS_TO	
3356436	3356758	FLOWS_TO	
3356439	3356441	FLOWS_TO	
3356441	3356445	FLOWS_TO	
3356445	3356454	FLOWS_TO	
3356454	3356758	FLOWS_TO	
3356455	3356458	FLOWS_TO	
3356458	3356468	FLOWS_TO	
3356458	3356484	FLOWS_TO	
3356468	3356472	FLOWS_TO	
3356472	3356481	FLOWS_TO	
3356481	3356767	FLOWS_TO	
3356484	3356493	FLOWS_TO	
3356493	3356758	FLOWS_TO	
3356494	3356498	FLOWS_TO	
3356498	3356512	FLOWS_TO	
3356498	3356527	FLOWS_TO	
3356512	3356516	FLOWS_TO	
3356516	3356525	FLOWS_TO	
3356525	3356758	FLOWS_TO	
3356527	3356539	FLOWS_TO	
3356527	3356554	FLOWS_TO	
3356539	3356543	FLOWS_TO	
3356543	3356552	FLOWS_TO	
3356552	3356758	FLOWS_TO	
3356554	3356559	FLOWS_TO	
3356554	3356567	FLOWS_TO	
3356559	3356567	FLOWS_TO	
3356567	3356570	FLOWS_TO	
3356567	3356591	FLOWS_TO	
3356570	3356574	FLOWS_TO	
3356574	3356581	FLOWS_TO	
3356581	3356590	FLOWS_TO	
3356590	3356758	FLOWS_TO	
3356591	3356604	FLOWS_TO	
3356604	3356611	FLOWS_TO	
3356604	3356619	FLOWS_TO	
3356611	3356619	FLOWS_TO	
3356619	3356624	FLOWS_TO	
3356619	3356646	FLOWS_TO	
3356624	3356628	FLOWS_TO	
3356628	3356635	FLOWS_TO	
3356635	3356667	FLOWS_TO	
3356646	3356647	FLOWS_TO	
3356647	3356648	FLOWS_TO	
3356648	3356649	FLOWS_TO	
3356649	3356650	FLOWS_TO	
3356650	3356651	FLOWS_TO	
3356651	3356652	FLOWS_TO	
3356652	3356653	FLOWS_TO	
3356653	3356654	FLOWS_TO	
3356654	3356655	FLOWS_TO	
3356655	3356656	FLOWS_TO	
3356656	3356657	FLOWS_TO	
3356657	3356658	FLOWS_TO	
3356658	3356659	FLOWS_TO	
3356659	3356660	FLOWS_TO	
3356660	3356667	FLOWS_TO	
3356667	3356758	FLOWS_TO	
3356668	3356671	FLOWS_TO	
3356671	3356692	FLOWS_TO	
3356671	3356738	FLOWS_TO	
3356692	3356701	FLOWS_TO	
3356701	3356705	FLOWS_TO	
3356705	3356713	FLOWS_TO	
3356713	3356716	FLOWS_TO	
3356713	3356724	FLOWS_TO	
3356716	3356724	FLOWS_TO	
3356724	3356729	FLOWS_TO	
3356724	3356736	FLOWS_TO	
3356729	3356736	FLOWS_TO	
3356736	3356758	FLOWS_TO	
3356738	3356741	FLOWS_TO	
3356738	3356748	FLOWS_TO	
3356741	3356748	FLOWS_TO	
3356748	3356757	FLOWS_TO	
3356757	3356758	FLOWS_TO	
3356758	3356767	FLOWS_TO	
3356570	3356768	USE	
3356571	3356768	USE	
3356624	3356768	USE	
3356625	3356768	USE	
3356591	3356769	DEF	
3356595	3356769	DEF	
3356592	3356769	DEF	
3356604	3356769	USE	
3356619	3356769	USE	
3356458	3356770	USE	
3356498	3356770	USE	
3356671	3356770	USE	
3356527	3356771	USE	
3356671	3356771	USE	
3356458	3356772	USE	
3356498	3356772	USE	
3356604	3356773	USE	
3356619	3356773	USE	
3356527	3356774	USE	
3356533	3356774	USE	
3356671	3356775	USE	
3356686	3356775	USE	
3356559	3356776	USE	
3356564	3356776	USE	
3356611	3356776	USE	
3356616	3356776	USE	
3356436	3356777	USE	
3356441	3356777	DEF	
3356442	3356777	DEF	
3356468	3356777	DEF	
3356469	3356777	DEF	
3356512	3356777	DEF	
3356513	3356777	DEF	
3356539	3356777	DEF	
3356540	3356777	DEF	
3356570	3356777	DEF	
3356571	3356777	DEF	
3356624	3356777	DEF	
3356625	3356777	DEF	
3356701	3356777	DEF	
3356702	3356777	DEF	
3356554	3356778	USE	
3356567	3356778	USE	
3356724	3356778	USE	
3356591	3356779	USE	
3356601	3356779	USE	
3356468	3356780	USE	
3356469	3356780	USE	
3356741	3356781	USE	
3356746	3356781	USE	
3356729	3356782	USE	
3356734	3356782	USE	
3356441	3356783	USE	
3356442	3356783	USE	
3356512	3356783	USE	
3356513	3356783	USE	
3356539	3356783	USE	
3356540	3356783	USE	
3356701	3356783	USE	
3356702	3356783	USE	
3356527	3356784	USE	
3356671	3356784	USE	
3356458	3356785	USE	
3356462	3356785	USE	
3356498	3356785	USE	
3356504	3356785	USE	
3356671	3356785	USE	
3356677	3356785	USE	
3356716	3356786	USE	
3356721	3356786	USE	
3356554	3356787	USE	
3356604	3356787	USE	
3356713	3356787	USE	
3356738	3356787	USE	
3356591	3356788	USE	
3356595	3356788	USE	
3356591	3356604	REACHES	returnValue
3356591	3356619	REACHES	returnValue
3356766	3356430	CONTROLS	
3356766	3356436	CONTROLS	
3356436	3356494	CONTROLS	
3356436	3356498	CONTROLS	
3356436	3356758	CONTROLS	
3356436	3356668	CONTROLS	
3356436	3356671	CONTROLS	
3356436	3356758	CONTROLS	
3356436	3356439	CONTROLS	
3356436	3356441	CONTROLS	
3356436	3356445	CONTROLS	
3356436	3356454	CONTROLS	
3356436	3356758	CONTROLS	
3356436	3356455	CONTROLS	
3356436	3356458	CONTROLS	
3356436	3356758	CONTROLS	
3356458	3356468	CONTROLS	
3356458	3356472	CONTROLS	
3356458	3356481	CONTROLS	
3356458	3356484	CONTROLS	
3356458	3356493	CONTROLS	
3356458	3356758	CONTROLS	
3356498	3356512	CONTROLS	
3356498	3356516	CONTROLS	
3356498	3356525	CONTROLS	
3356498	3356527	CONTROLS	
3356527	3356539	CONTROLS	
3356527	3356543	CONTROLS	
3356527	3356552	CONTROLS	
3356527	3356554	CONTROLS	
3356527	3356567	CONTROLS	
3356554	3356559	CONTROLS	
3356567	3356570	CONTROLS	
3356567	3356574	CONTROLS	
3356567	3356581	CONTROLS	
3356567	3356590	CONTROLS	
3356567	3356591	CONTROLS	
3356567	3356604	CONTROLS	
3356567	3356619	CONTROLS	
3356567	3356667	CONTROLS	
3356604	3356611	CONTROLS	
3356619	3356624	CONTROLS	
3356619	3356628	CONTROLS	
3356619	3356635	CONTROLS	
3356619	3356646	CONTROLS	
3356619	3356647	CONTROLS	
3356619	3356648	CONTROLS	
3356619	3356649	CONTROLS	
3356619	3356650	CONTROLS	
3356619	3356651	CONTROLS	
3356619	3356652	CONTROLS	
3356619	3356653	CONTROLS	
3356619	3356654	CONTROLS	
3356619	3356655	CONTROLS	
3356619	3356656	CONTROLS	
3356619	3356657	CONTROLS	
3356619	3356658	CONTROLS	
3356619	3356659	CONTROLS	
3356619	3356660	CONTROLS	
3356671	3356692	CONTROLS	
3356671	3356701	CONTROLS	
3356671	3356705	CONTROLS	
3356671	3356713	CONTROLS	
3356671	3356724	CONTROLS	
3356671	3356736	CONTROLS	
3356671	3356738	CONTROLS	
3356671	3356748	CONTROLS	
3356671	3356757	CONTROLS	
3356713	3356716	CONTROLS	
3356724	3356729	CONTROLS	
3356738	3356741	CONTROLS	
3356748	3356757	DOM	
3356441	3356445	DOM	
3356713	3356724	DOM	
3356713	3356716	DOM	
3356659	3356660	DOM	
3356436	3356758	DOM	
3356657	3356658	DOM	
3356652	3356653	DOM	
3356646	3356647	DOM	
3356655	3356656	DOM	
3356701	3356705	DOM	
3356738	3356741	DOM	
3356649	3356650	DOM	
3356766	3356430	DOM	
3356604	3356619	DOM	
3356436	3356668	DOM	
3356539	3356543	DOM	
3356604	3356611	DOM	
3356554	3356567	DOM	
3356647	3356648	DOM	
3356705	3356713	DOM	
3356724	3356736	DOM	
3356619	3356667	DOM	
3356458	3356484	DOM	
3356543	3356552	DOM	
3356766	3356766	DOM	
3356567	3356570	DOM	
3356656	3356657	DOM	
3356671	3356692	DOM	
3356671	3356738	DOM	
3356516	3356525	DOM	
3356653	3356654	DOM	
3356430	3356436	DOM	
3356658	3356659	DOM	
3356458	3356468	DOM	
3356494	3356498	DOM	
3356436	3356767	DOM	
3356567	3356591	DOM	
3356648	3356649	DOM	
3356591	3356604	DOM	
3356619	3356624	DOM	
3356619	3356646	DOM	
3356724	3356729	DOM	
3356436	3356439	DOM	
3356692	3356701	DOM	
3356650	3356651	DOM	
3356439	3356441	DOM	
3356436	3356494	DOM	
3356498	3356527	DOM	
3356436	3356455	DOM	
3356651	3356652	DOM	
3356468	3356472	DOM	
3356624	3356628	DOM	
3356445	3356454	DOM	
3356668	3356671	DOM	
3356738	3356748	DOM	
3356472	3356481	DOM	
3356484	3356493	DOM	
3356574	3356581	DOM	
3356581	3356590	DOM	
3356628	3356635	DOM	
3356527	3356539	DOM	
3356498	3356512	DOM	
3356654	3356655	DOM	
3356554	3356559	DOM	
3356570	3356574	DOM	
3356512	3356516	DOM	
3356455	3356458	DOM	
3356527	3356554	DOM	
3356758	3356757	POST_DOM	
3356454	3356445	POST_DOM	
3356736	3356724	POST_DOM	
3356724	3356716	POST_DOM	
3356667	3356660	POST_DOM	
3356767	3356758	POST_DOM	
3356659	3356658	POST_DOM	
3356654	3356653	POST_DOM	
3356648	3356647	POST_DOM	
3356657	3356656	POST_DOM	
3356713	3356705	POST_DOM	
3356748	3356741	POST_DOM	
3356651	3356650	POST_DOM	
3356436	3356430	POST_DOM	
3356667	3356619	POST_DOM	
3356671	3356668	POST_DOM	
3356552	3356543	POST_DOM	
3356619	3356611	POST_DOM	
3356758	3356567	POST_DOM	
3356649	3356648	POST_DOM	
3356724	3356713	POST_DOM	
3356758	3356736	POST_DOM	
3356493	3356484	POST_DOM	
3356758	3356667	POST_DOM	
3356758	3356552	POST_DOM	
3356430	3356766	POST_DOM	
3356574	3356570	POST_DOM	
3356658	3356657	POST_DOM	
3356701	3356692	POST_DOM	
3356748	3356738	POST_DOM	
3356758	3356525	POST_DOM	
3356655	3356654	POST_DOM	
3356767	3356436	POST_DOM	
3356660	3356659	POST_DOM	
3356472	3356468	POST_DOM	
3356767	3356767	POST_DOM	
3356758	3356498	POST_DOM	
3356604	3356591	POST_DOM	
3356650	3356649	POST_DOM	
3356628	3356624	POST_DOM	
3356619	3356604	POST_DOM	
3356647	3356646	POST_DOM	
3356736	3356729	POST_DOM	
3356441	3356439	POST_DOM	
3356705	3356701	POST_DOM	
3356445	3356441	POST_DOM	
3356652	3356651	POST_DOM	
3356498	3356494	POST_DOM	
3356758	3356527	POST_DOM	
3356458	3356455	POST_DOM	
3356653	3356652	POST_DOM	
3356481	3356472	POST_DOM	
3356758	3356454	POST_DOM	
3356635	3356628	POST_DOM	
3356758	3356671	POST_DOM	
3356767	3356481	POST_DOM	
3356758	3356493	POST_DOM	
3356757	3356748	POST_DOM	
3356590	3356581	POST_DOM	
3356758	3356590	POST_DOM	
3356667	3356635	POST_DOM	
3356543	3356539	POST_DOM	
3356516	3356512	POST_DOM	
3356656	3356655	POST_DOM	
3356567	3356559	POST_DOM	
3356581	3356574	POST_DOM	
3356767	3356458	POST_DOM	
3356525	3356516	POST_DOM	
3356567	3356554	POST_DOM	
3356427	3356428	IS_FUNCTION_OF_AST	
3356427	3356766	IS_FUNCTION_OF_CFG	
3355010	3356427	IS_FILE_OF	
3356793	3356794	IS_AST_PARENT	
3356792	3356793	IS_AST_PARENT	
3356796	3356797	IS_AST_PARENT	
3356795	3356796	IS_AST_PARENT	
3356800	3356801	IS_AST_PARENT	
3356799	3356800	IS_AST_PARENT	
3356803	3356804	IS_AST_PARENT	
3356802	3356803	IS_AST_PARENT	
3356799	3356802	IS_AST_PARENT	
3356798	3356799	IS_AST_PARENT	
3356795	3356798	IS_AST_PARENT	
3356805	3356806	IS_AST_PARENT	
3356795	3356805	IS_AST_PARENT	
3356809	3356810	IS_AST_PARENT	
3356808	3356809	IS_AST_PARENT	
3356812	3356813	IS_AST_PARENT	
3356811	3356812	IS_AST_PARENT	
3356808	3356811	IS_AST_PARENT	
3356807	3356808	IS_AST_PARENT	
3356795	3356807	IS_AST_PARENT	
3356814	3356815	IS_AST_PARENT	
3356795	3356814	IS_AST_PARENT	
3356816	3356817	IS_AST_PARENT	
3356795	3356816	IS_AST_PARENT	
3356792	3356795	IS_AST_PARENT	
3356791	3356792	IS_AST_PARENT	
3356790	3356791	IS_AST_PARENT	
3356790	3356818	IS_AST_PARENT	
3356790	3356819	IS_AST_PARENT	
3356790	3356820	IS_AST_PARENT	
3356821	3356793	FLOWS_TO	
3356793	3356796	FLOWS_TO	
3356793	3356805	FLOWS_TO	
3356793	3356814	FLOWS_TO	
3356796	3356798	FLOWS_TO	
3356798	3356822	FLOWS_TO	
3356805	3356807	FLOWS_TO	
3356807	3356822	FLOWS_TO	
3356814	3356816	FLOWS_TO	
3356816	3356822	FLOWS_TO	
3356793	3356823	USE	
3356816	3356824	USE	
3356807	3356825	USE	
3356812	3356825	USE	
3356798	3356826	USE	
3356803	3356826	USE	
3356798	3356827	USE	
3356807	3356827	USE	
3356821	3356793	CONTROLS	
3356793	3356796	CONTROLS	
3356793	3356798	CONTROLS	
3356793	3356805	CONTROLS	
3356793	3356807	CONTROLS	
3356793	3356814	CONTROLS	
3356793	3356816	CONTROLS	
3356821	3356793	DOM	
3356793	3356796	DOM	
3356793	3356814	DOM	
3356793	3356822	DOM	
3356805	3356807	DOM	
3356821	3356821	DOM	
3356814	3356816	DOM	
3356796	3356798	DOM	
3356793	3356805	DOM	
3356798	3356796	POST_DOM	
3356822	3356793	POST_DOM	
3356816	3356814	POST_DOM	
3356822	3356822	POST_DOM	
3356822	3356807	POST_DOM	
3356793	3356821	POST_DOM	
3356822	3356816	POST_DOM	
3356822	3356798	POST_DOM	
3356807	3356805	POST_DOM	
3356789	3356790	IS_FUNCTION_OF_AST	
3356789	3356821	IS_FUNCTION_OF_CFG	
3355010	3356789	IS_FILE_OF	
3356832	3356833	IS_AST_PARENT	
3356832	3356834	IS_AST_PARENT	
3356831	3356832	IS_AST_PARENT	
3356830	3356831	IS_AST_PARENT	
3356838	3356839	IS_AST_PARENT	
3356838	3356840	IS_AST_PARENT	
3356837	3356838	IS_AST_PARENT	
3356836	3356837	IS_AST_PARENT	
3356836	3356841	IS_AST_PARENT	
3356835	3356836	IS_AST_PARENT	
3356830	3356835	IS_AST_PARENT	
3356844	3356845	IS_AST_PARENT	
3356848	3356849	IS_AST_PARENT	
3356848	3356850	IS_AST_PARENT	
3356847	3356848	IS_AST_PARENT	
3356846	3356847	IS_AST_PARENT	
3356846	3356851	IS_AST_PARENT	
3356844	3356846	IS_AST_PARENT	
3356843	3356844	IS_AST_PARENT	
3356842	3356843	IS_AST_PARENT	
3356855	3356856	IS_AST_PARENT	
3356854	3356855	IS_AST_PARENT	
3356858	3356859	IS_AST_PARENT	
3356857	3356858	IS_AST_PARENT	
3356860	3356861	IS_AST_PARENT	
3356857	3356860	IS_AST_PARENT	
3356864	3356865	IS_AST_PARENT	
3356863	3356864	IS_AST_PARENT	
3356867	3356868	IS_AST_PARENT	
3356866	3356867	IS_AST_PARENT	
3356863	3356866	IS_AST_PARENT	
3356862	3356863	IS_AST_PARENT	
3356857	3356862	IS_AST_PARENT	
3356869	3356870	IS_AST_PARENT	
3356857	3356869	IS_AST_PARENT	
3356871	3356872	IS_AST_PARENT	
3356857	3356871	IS_AST_PARENT	
3356854	3356857	IS_AST_PARENT	
3356853	3356854	IS_AST_PARENT	
3356852	3356853	IS_AST_PARENT	
3356874	3356875	IS_AST_PARENT	
3356874	3356876	IS_AST_PARENT	
3356877	3356878	IS_AST_PARENT	
3356877	3356879	IS_AST_PARENT	
3356874	3356877	IS_AST_PARENT	
3356873	3356874	IS_AST_PARENT	
3356852	3356873	IS_AST_PARENT	
3356881	3356882	IS_AST_PARENT	
3356881	3356883	IS_AST_PARENT	
3356880	3356881	IS_AST_PARENT	
3356852	3356880	IS_AST_PARENT	
3356887	3356888	IS_AST_PARENT	
3356887	3356889	IS_AST_PARENT	
3356886	3356887	IS_AST_PARENT	
3356885	3356886	IS_AST_PARENT	
3356891	3356892	IS_AST_PARENT	
3356890	3356891	IS_AST_PARENT	
3356885	3356890	IS_AST_PARENT	
3356884	3356885	IS_AST_PARENT	
3356852	3356884	IS_AST_PARENT	
3356896	3356897	IS_AST_PARENT	
3356896	3356898	IS_AST_PARENT	
3356895	3356896	IS_AST_PARENT	
3356894	3356895	IS_AST_PARENT	
3356894	3356899	IS_AST_PARENT	
3356893	3356894	IS_AST_PARENT	
3356852	3356893	IS_AST_PARENT	
3356902	3356903	IS_AST_PARENT	
3356906	3356907	IS_AST_PARENT	
3356906	3356908	IS_AST_PARENT	
3356905	3356906	IS_AST_PARENT	
3356904	3356905	IS_AST_PARENT	
3356910	3356911	IS_AST_PARENT	
3356909	3356910	IS_AST_PARENT	
3356912	3356913	IS_AST_PARENT	
3356909	3356912	IS_AST_PARENT	
3356914	3356915	IS_AST_PARENT	
3356909	3356914	IS_AST_PARENT	
3356904	3356909	IS_AST_PARENT	
3356902	3356904	IS_AST_PARENT	
3356901	3356902	IS_AST_PARENT	
3356900	3356901	IS_AST_PARENT	
3356919	3356920	IS_AST_PARENT	
3356918	3356919	IS_AST_PARENT	
3356922	3356923	IS_AST_PARENT	
3356921	3356922	IS_AST_PARENT	
3356924	3356925	IS_AST_PARENT	
3356921	3356924	IS_AST_PARENT	
3356926	3356927	IS_AST_PARENT	
3356921	3356926	IS_AST_PARENT	
3356918	3356921	IS_AST_PARENT	
3356917	3356918	IS_AST_PARENT	
3356916	3356917	IS_AST_PARENT	
3356931	3356932	IS_AST_PARENT	
3356931	3356933	IS_AST_PARENT	
3356930	3356931	IS_AST_PARENT	
3356929	3356930	IS_AST_PARENT	
3356929	3356934	IS_AST_PARENT	
3356928	3356929	IS_AST_PARENT	
3356916	3356928	IS_AST_PARENT	
3356916	3356935	IS_AST_PARENT	
3356900	3356916	IS_AST_PARENT	
3356852	3356900	IS_AST_PARENT	
3356937	3356938	IS_AST_PARENT	
3356937	3356939	IS_AST_PARENT	
3356940	3356941	IS_AST_PARENT	
3356940	3356942	IS_AST_PARENT	
3356937	3356940	IS_AST_PARENT	
3356936	3356937	IS_AST_PARENT	
3356852	3356936	IS_AST_PARENT	
3356945	3356946	IS_AST_PARENT	
3356949	3356950	IS_AST_PARENT	
3356949	3356951	IS_AST_PARENT	
3356948	3356949	IS_AST_PARENT	
3356947	3356948	IS_AST_PARENT	
3356953	3356954	IS_AST_PARENT	
3356952	3356953	IS_AST_PARENT	
3356956	3356957	IS_AST_PARENT	
3356956	3356958	IS_AST_PARENT	
3356955	3356956	IS_AST_PARENT	
3356952	3356955	IS_AST_PARENT	
3356959	3356960	IS_AST_PARENT	
3356952	3356959	IS_AST_PARENT	
3356947	3356952	IS_AST_PARENT	
3356945	3356947	IS_AST_PARENT	
3356944	3356945	IS_AST_PARENT	
3356943	3356944	IS_AST_PARENT	
3356964	3356965	IS_AST_PARENT	
3356963	3356964	IS_AST_PARENT	
3356967	3356968	IS_AST_PARENT	
3356966	3356967	IS_AST_PARENT	
3356969	3356970	IS_AST_PARENT	
3356966	3356969	IS_AST_PARENT	
3356973	3356974	IS_AST_PARENT	
3356972	3356973	IS_AST_PARENT	
3356976	3356977	IS_AST_PARENT	
3356975	3356976	IS_AST_PARENT	
3356972	3356975	IS_AST_PARENT	
3356971	3356972	IS_AST_PARENT	
3356966	3356971	IS_AST_PARENT	
3356978	3356979	IS_AST_PARENT	
3356966	3356978	IS_AST_PARENT	
3356980	3356981	IS_AST_PARENT	
3356966	3356980	IS_AST_PARENT	
3356963	3356966	IS_AST_PARENT	
3356962	3356963	IS_AST_PARENT	
3356961	3356962	IS_AST_PARENT	
3356985	3356986	IS_AST_PARENT	
3356985	3356987	IS_AST_PARENT	
3356984	3356985	IS_AST_PARENT	
3356983	3356984	IS_AST_PARENT	
3356983	3356988	IS_AST_PARENT	
3356982	3356983	IS_AST_PARENT	
3356961	3356982	IS_AST_PARENT	
3356961	3356989	IS_AST_PARENT	
3356943	3356961	IS_AST_PARENT	
3356852	3356943	IS_AST_PARENT	
3356993	3356994	IS_AST_PARENT	
3356997	3356998	IS_AST_PARENT	
3356997	3356999	IS_AST_PARENT	
3356996	3356997	IS_AST_PARENT	
3356995	3356996	IS_AST_PARENT	
3357001	3357002	IS_AST_PARENT	
3357000	3357001	IS_AST_PARENT	
3356995	3357000	IS_AST_PARENT	
3356993	3356995	IS_AST_PARENT	
3356992	3356993	IS_AST_PARENT	
3357003	3357004	IS_AST_PARENT	
3357007	3357008	IS_AST_PARENT	
3357007	3357009	IS_AST_PARENT	
3357006	3357007	IS_AST_PARENT	
3357005	3357006	IS_AST_PARENT	
3357005	3357010	IS_AST_PARENT	
3357003	3357005	IS_AST_PARENT	
3356992	3357003	IS_AST_PARENT	
3356991	3356992	IS_AST_PARENT	
3356990	3356991	IS_AST_PARENT	
3357014	3357015	IS_AST_PARENT	
3357013	3357014	IS_AST_PARENT	
3357017	3357018	IS_AST_PARENT	
3357016	3357017	IS_AST_PARENT	
3357019	3357020	IS_AST_PARENT	
3357016	3357019	IS_AST_PARENT	
3357013	3357016	IS_AST_PARENT	
3357012	3357013	IS_AST_PARENT	
3357011	3357012	IS_AST_PARENT	
3356990	3357011	IS_AST_PARENT	
3357025	3357026	IS_AST_PARENT	
3357024	3357025	IS_AST_PARENT	
3357028	3357029	IS_AST_PARENT	
3357027	3357028	IS_AST_PARENT	
3357030	3357031	IS_AST_PARENT	
3357027	3357030	IS_AST_PARENT	
3357024	3357027	IS_AST_PARENT	
3357023	3357024	IS_AST_PARENT	
3357022	3357023	IS_AST_PARENT	
3357021	3357022	IS_AST_PARENT	
3356990	3357021	IS_AST_PARENT	
3356852	3356990	IS_AST_PARENT	
3357035	3357036	IS_AST_PARENT	
3357035	3357037	IS_AST_PARENT	
3357034	3357035	IS_AST_PARENT	
3357033	3357034	IS_AST_PARENT	
3357033	3357038	IS_AST_PARENT	
3357032	3357033	IS_AST_PARENT	
3356852	3357032	IS_AST_PARENT	
3356842	3356852	IS_AST_PARENT	
3356830	3356842	IS_AST_PARENT	
3357039	3357040	IS_AST_PARENT	
3356830	3357039	IS_AST_PARENT	
3356829	3356830	IS_AST_PARENT	
3356829	3357041	IS_AST_PARENT	
3356829	3357042	IS_AST_PARENT	
3357044	3357045	IS_AST_PARENT	
3357044	3357046	IS_AST_PARENT	
3357043	3357044	IS_AST_PARENT	
3356829	3357043	IS_AST_PARENT	
3357047	3357044	FLOWS_TO	
3357044	3356831	FLOWS_TO	
3356831	3356835	FLOWS_TO	
3356835	3356843	FLOWS_TO	
3356843	3356853	FLOWS_TO	
3356843	3357039	FLOWS_TO	
3356853	3356873	FLOWS_TO	
3356873	3356880	FLOWS_TO	
3356880	3356884	FLOWS_TO	
3356884	3356893	FLOWS_TO	
3356893	3356901	FLOWS_TO	
3356901	3356917	FLOWS_TO	
3356901	3356936	FLOWS_TO	
3356917	3356928	FLOWS_TO	
3356928	3356935	FLOWS_TO	
3356935	3356843	FLOWS_TO	
3356936	3356944	FLOWS_TO	
3356944	3356962	FLOWS_TO	
3356944	3356991	FLOWS_TO	
3356962	3356982	FLOWS_TO	
3356982	3356989	FLOWS_TO	
3356989	3356843	FLOWS_TO	
3356991	3357012	FLOWS_TO	
3356991	3357023	FLOWS_TO	
3357012	3357032	FLOWS_TO	
3357023	3357032	FLOWS_TO	
3357032	3356843	FLOWS_TO	
3357039	3357048	FLOWS_TO	
3357044	3357049	DEF	
3356853	3357049	USE	
3356867	3357049	USE	
3356869	3357049	USE	
3356936	3357049	USE	
3356940	3357049	USE	
3356936	3357049	DEF	
3356940	3357049	DEF	
3356962	3357049	USE	
3356976	3357049	USE	
3356873	3357050	DEF	
3356874	3357050	DEF	
3356944	3357050	USE	
3356949	3357050	USE	
3356901	3357051	USE	
3356914	3357051	USE	
3356917	3357052	USE	
3356922	3357052	USE	
3356962	3357052	USE	
3356967	3357052	USE	
3357012	3357052	USE	
3357017	3357052	USE	
3356853	3357053	USE	
3356858	3357053	USE	
3357023	3357053	USE	
3357028	3357053	USE	
3356835	3357054	USE	
3356838	3357054	USE	
3356843	3357054	USE	
3356844	3357054	USE	
3356848	3357054	USE	
3356853	3357055	USE	
3356862	3357055	USE	
3356962	3357055	USE	
3356971	3357055	USE	
3356944	3357056	USE	
3356955	3357056	USE	
3356991	3357057	USE	
3356880	3357058	DEF	
3356881	3357058	DEF	
3356884	3357058	USE	
3356887	3357058	USE	
3356893	3357058	USE	
3356896	3357058	USE	
3356901	3357058	USE	
3356906	3357058	USE	
3356928	3357058	USE	
3356931	3357058	USE	
3356982	3357058	USE	
3356985	3357058	USE	
3356991	3357058	USE	
3357001	3357058	USE	
3357007	3357058	USE	
3357032	3357058	USE	
3357035	3357058	USE	
3356944	3357059	USE	
3356901	3357060	USE	
3356991	3357061	USE	
3357039	3357062	USE	
3356936	3357063	DEF	
3356937	3357063	DEF	
3356944	3357063	USE	
3356953	3357063	USE	
3356962	3357063	USE	
3356978	3357063	USE	
3356831	3357064	DEF	
3356832	3357064	DEF	
3356843	3357064	DEF	
3356844	3357064	DEF	
3356853	3357064	USE	
3356871	3357064	USE	
3356901	3357064	USE	
3356910	3357064	USE	
3356917	3357064	USE	
3356926	3357064	USE	
3356962	3357064	USE	
3356980	3357064	USE	
3356884	3357065	USE	
3356891	3357065	USE	
3356944	3357065	USE	
3356959	3357065	USE	
3356991	3357066	USE	
3356997	3357066	USE	
3356843	3357067	USE	
3356844	3357067	USE	
3357044	3356853	REACHES	comm
3356936	3356853	REACHES	comm
3357044	3356936	REACHES	comm
3356936	3356936	REACHES	comm
3356936	3356962	REACHES	comm
3356873	3356944	REACHES	d
3356880	3356884	REACHES	sock
3356880	3356893	REACHES	sock
3356880	3356901	REACHES	sock
3356880	3356928	REACHES	sock
3356880	3356982	REACHES	sock
3356880	3356991	REACHES	sock
3356880	3357032	REACHES	sock
3356936	3356944	REACHES	cmd
3356936	3356962	REACHES	cmd
3356843	3356853	REACHES	addr
3356843	3356901	REACHES	addr
3356843	3356917	REACHES	addr
3356843	3356962	REACHES	addr
3357047	3357044	CONTROLS	
3357047	3356831	CONTROLS	
3357047	3356835	CONTROLS	
3357047	3356843	CONTROLS	
3357047	3357039	CONTROLS	
3356843	3356853	CONTROLS	
3356843	3356873	CONTROLS	
3356843	3356880	CONTROLS	
3356843	3356884	CONTROLS	
3356843	3356893	CONTROLS	
3356843	3356901	CONTROLS	
3356901	3356917	CONTROLS	
3356901	3356928	CONTROLS	
3356901	3356935	CONTROLS	
3356901	3356936	CONTROLS	
3356901	3356944	CONTROLS	
3356944	3356962	CONTROLS	
3356944	3356982	CONTROLS	
3356944	3356989	CONTROLS	
3356944	3356991	CONTROLS	
3356944	3357032	CONTROLS	
3356991	3357012	CONTROLS	
3356991	3357023	CONTROLS	
3357047	3357044	DOM	
3357044	3356831	DOM	
3356880	3356884	DOM	
3357039	3357048	DOM	
3356901	3356917	DOM	
3356936	3356944	DOM	
3356944	3356991	DOM	
3356917	3356928	DOM	
3356901	3356936	DOM	
3356982	3356989	DOM	
3356853	3356873	DOM	
3356991	3357012	DOM	
3356843	3356853	DOM	
3356991	3357032	DOM	
3356962	3356982	DOM	
3356831	3356835	DOM	
3356928	3356935	DOM	
3356835	3356843	DOM	
3356843	3357039	DOM	
3356991	3357023	DOM	
3356944	3356962	DOM	
3356893	3356901	DOM	
3356873	3356880	DOM	
3356884	3356893	DOM	
3357047	3357047	DOM	
3356835	3356831	POST_DOM	
3356831	3357044	POST_DOM	
3356893	3356884	POST_DOM	
3357048	3357048	POST_DOM	
3356928	3356917	POST_DOM	
3356843	3356944	POST_DOM	
3357032	3356991	POST_DOM	
3356935	3356928	POST_DOM	
3356944	3356936	POST_DOM	
3356843	3356989	POST_DOM	
3356880	3356873	POST_DOM	
3357032	3357012	POST_DOM	
3356873	3356853	POST_DOM	
3356843	3357032	POST_DOM	
3356989	3356982	POST_DOM	
3356843	3356835	POST_DOM	
3356843	3356935	POST_DOM	
3357039	3356843	POST_DOM	
3357048	3357039	POST_DOM	
3357032	3357023	POST_DOM	
3356982	3356962	POST_DOM	
3356843	3356901	POST_DOM	
3356884	3356880	POST_DOM	
3356901	3356893	POST_DOM	
3357044	3357047	POST_DOM	
3356828	3356829	IS_FUNCTION_OF_AST	
3356828	3357047	IS_FUNCTION_OF_CFG	
3355010	3356828	IS_FILE_OF	
3357072	3357073	IS_AST_PARENT	
3357072	3357074	IS_AST_PARENT	
3357071	3357072	IS_AST_PARENT	
3357070	3357071	IS_AST_PARENT	
3357078	3357079	IS_AST_PARENT	
3357078	3357080	IS_AST_PARENT	
3357077	3357078	IS_AST_PARENT	
3357076	3357077	IS_AST_PARENT	
3357082	3357083	IS_AST_PARENT	
3357081	3357082	IS_AST_PARENT	
3357076	3357081	IS_AST_PARENT	
3357075	3357076	IS_AST_PARENT	
3357070	3357075	IS_AST_PARENT	
3357087	3357088	IS_AST_PARENT	
3357087	3357089	IS_AST_PARENT	
3357086	3357087	IS_AST_PARENT	
3357085	3357086	IS_AST_PARENT	
3357085	3357090	IS_AST_PARENT	
3357084	3357085	IS_AST_PARENT	
3357070	3357084	IS_AST_PARENT	
3357093	3357094	IS_AST_PARENT	
3357093	3357095	IS_AST_PARENT	
3357092	3357093	IS_AST_PARENT	
3357091	3357092	IS_AST_PARENT	
3357099	3357100	IS_AST_PARENT	
3357098	3357099	IS_AST_PARENT	
3357102	3357103	IS_AST_PARENT	
3357101	3357102	IS_AST_PARENT	
3357098	3357101	IS_AST_PARENT	
3357097	3357098	IS_AST_PARENT	
3357096	3357097	IS_AST_PARENT	
3357091	3357096	IS_AST_PARENT	
3357070	3357091	IS_AST_PARENT	
3357106	3357107	IS_AST_PARENT	
3357110	3357111	IS_AST_PARENT	
3357110	3357112	IS_AST_PARENT	
3357109	3357110	IS_AST_PARENT	
3357108	3357109	IS_AST_PARENT	
3357114	3357115	IS_AST_PARENT	
3357113	3357114	IS_AST_PARENT	
3357116	3357117	IS_AST_PARENT	
3357113	3357116	IS_AST_PARENT	
3357118	3357119	IS_AST_PARENT	
3357113	3357118	IS_AST_PARENT	
3357108	3357113	IS_AST_PARENT	
3357106	3357108	IS_AST_PARENT	
3357105	3357106	IS_AST_PARENT	
3357104	3357105	IS_AST_PARENT	
3357123	3357124	IS_AST_PARENT	
3357122	3357123	IS_AST_PARENT	
3357126	3357127	IS_AST_PARENT	
3357125	3357126	IS_AST_PARENT	
3357128	3357129	IS_AST_PARENT	
3357125	3357128	IS_AST_PARENT	
3357130	3357131	IS_AST_PARENT	
3357125	3357130	IS_AST_PARENT	
3357122	3357125	IS_AST_PARENT	
3357121	3357122	IS_AST_PARENT	
3357120	3357121	IS_AST_PARENT	
3357135	3357136	IS_AST_PARENT	
3357135	3357137	IS_AST_PARENT	
3357134	3357135	IS_AST_PARENT	
3357133	3357134	IS_AST_PARENT	
3357133	3357138	IS_AST_PARENT	
3357132	3357133	IS_AST_PARENT	
3357120	3357132	IS_AST_PARENT	
3357139	3357140	IS_AST_PARENT	
3357120	3357139	IS_AST_PARENT	
3357104	3357120	IS_AST_PARENT	
3357070	3357104	IS_AST_PARENT	
3357142	3357143	IS_AST_PARENT	
3357142	3357144	IS_AST_PARENT	
3357145	3357146	IS_AST_PARENT	
3357145	3357147	IS_AST_PARENT	
3357142	3357145	IS_AST_PARENT	
3357141	3357142	IS_AST_PARENT	
3357070	3357141	IS_AST_PARENT	
3357150	3357151	IS_AST_PARENT	
3357149	3357150	IS_AST_PARENT	
3357153	3357154	IS_AST_PARENT	
3357152	3357153	IS_AST_PARENT	
3357155	3357156	IS_AST_PARENT	
3357152	3357155	IS_AST_PARENT	
3357159	3357160	IS_AST_PARENT	
3357158	3357159	IS_AST_PARENT	
3357162	3357163	IS_AST_PARENT	
3357161	3357162	IS_AST_PARENT	
3357158	3357161	IS_AST_PARENT	
3357157	3357158	IS_AST_PARENT	
3357152	3357157	IS_AST_PARENT	
3357164	3357165	IS_AST_PARENT	
3357152	3357164	IS_AST_PARENT	
3357166	3357167	IS_AST_PARENT	
3357152	3357166	IS_AST_PARENT	
3357149	3357152	IS_AST_PARENT	
3357148	3357149	IS_AST_PARENT	
3357070	3357148	IS_AST_PARENT	
3357170	3357171	IS_AST_PARENT	
3357174	3357175	IS_AST_PARENT	
3357174	3357176	IS_AST_PARENT	
3357173	3357174	IS_AST_PARENT	
3357172	3357173	IS_AST_PARENT	
3357178	3357179	IS_AST_PARENT	
3357177	3357178	IS_AST_PARENT	
3357181	3357182	IS_AST_PARENT	
3357181	3357183	IS_AST_PARENT	
3357180	3357181	IS_AST_PARENT	
3357177	3357180	IS_AST_PARENT	
3357184	3357185	IS_AST_PARENT	
3357177	3357184	IS_AST_PARENT	
3357172	3357177	IS_AST_PARENT	
3357170	3357172	IS_AST_PARENT	
3357169	3357170	IS_AST_PARENT	
3357168	3357169	IS_AST_PARENT	
3357189	3357190	IS_AST_PARENT	
3357188	3357189	IS_AST_PARENT	
3357192	3357193	IS_AST_PARENT	
3357191	3357192	IS_AST_PARENT	
3357194	3357195	IS_AST_PARENT	
3357191	3357194	IS_AST_PARENT	
3357198	3357199	IS_AST_PARENT	
3357197	3357198	IS_AST_PARENT	
3357201	3357202	IS_AST_PARENT	
3357200	3357201	IS_AST_PARENT	
3357197	3357200	IS_AST_PARENT	
3357196	3357197	IS_AST_PARENT	
3357191	3357196	IS_AST_PARENT	
3357203	3357204	IS_AST_PARENT	
3357191	3357203	IS_AST_PARENT	
3357188	3357191	IS_AST_PARENT	
3357187	3357188	IS_AST_PARENT	
3357186	3357187	IS_AST_PARENT	
3357208	3357209	IS_AST_PARENT	
3357208	3357210	IS_AST_PARENT	
3357207	3357208	IS_AST_PARENT	
3357206	3357207	IS_AST_PARENT	
3357206	3357211	IS_AST_PARENT	
3357205	3357206	IS_AST_PARENT	
3357186	3357205	IS_AST_PARENT	
3357212	3357213	IS_AST_PARENT	
3357186	3357212	IS_AST_PARENT	
3357168	3357186	IS_AST_PARENT	
3357070	3357168	IS_AST_PARENT	
3357070	3357214	IS_AST_PARENT	
3357070	3357215	IS_AST_PARENT	
3357070	3357216	IS_AST_PARENT	
3357070	3357217	IS_AST_PARENT	
3357070	3357218	IS_AST_PARENT	
3357070	3357219	IS_AST_PARENT	
3357070	3357220	IS_AST_PARENT	
3357070	3357221	IS_AST_PARENT	
3357070	3357222	IS_AST_PARENT	
3357226	3357227	IS_AST_PARENT	
3357226	3357228	IS_AST_PARENT	
3357225	3357226	IS_AST_PARENT	
3357224	3357225	IS_AST_PARENT	
3357224	3357229	IS_AST_PARENT	
3357223	3357224	IS_AST_PARENT	
3357070	3357223	IS_AST_PARENT	
3357233	3357234	IS_AST_PARENT	
3357237	3357238	IS_AST_PARENT	
3357237	3357239	IS_AST_PARENT	
3357236	3357237	IS_AST_PARENT	
3357235	3357236	IS_AST_PARENT	
3357241	3357242	IS_AST_PARENT	
3357240	3357241	IS_AST_PARENT	
3357235	3357240	IS_AST_PARENT	
3357233	3357235	IS_AST_PARENT	
3357232	3357233	IS_AST_PARENT	
3357243	3357244	IS_AST_PARENT	
3357247	3357248	IS_AST_PARENT	
3357247	3357249	IS_AST_PARENT	
3357246	3357247	IS_AST_PARENT	
3357245	3357246	IS_AST_PARENT	
3357245	3357250	IS_AST_PARENT	
3357243	3357245	IS_AST_PARENT	
3357232	3357243	IS_AST_PARENT	
3357231	3357232	IS_AST_PARENT	
3357230	3357231	IS_AST_PARENT	
3357254	3357255	IS_AST_PARENT	
3357253	3357254	IS_AST_PARENT	
3357257	3357258	IS_AST_PARENT	
3357256	3357257	IS_AST_PARENT	
3357259	3357260	IS_AST_PARENT	
3357256	3357259	IS_AST_PARENT	
3357253	3357256	IS_AST_PARENT	
3357252	3357253	IS_AST_PARENT	
3357251	3357252	IS_AST_PARENT	
3357264	3357265	IS_AST_PARENT	
3357264	3357266	IS_AST_PARENT	
3357263	3357264	IS_AST_PARENT	
3357262	3357263	IS_AST_PARENT	
3357262	3357267	IS_AST_PARENT	
3357261	3357262	IS_AST_PARENT	
3357251	3357261	IS_AST_PARENT	
3357268	3357269	IS_AST_PARENT	
3357251	3357268	IS_AST_PARENT	
3357230	3357251	IS_AST_PARENT	
3357274	3357275	IS_AST_PARENT	
3357273	3357274	IS_AST_PARENT	
3357277	3357278	IS_AST_PARENT	
3357276	3357277	IS_AST_PARENT	
3357279	3357280	IS_AST_PARENT	
3357276	3357279	IS_AST_PARENT	
3357273	3357276	IS_AST_PARENT	
3357272	3357273	IS_AST_PARENT	
3357271	3357272	IS_AST_PARENT	
3357270	3357271	IS_AST_PARENT	
3357230	3357270	IS_AST_PARENT	
3357070	3357230	IS_AST_PARENT	
3357284	3357285	IS_AST_PARENT	
3357284	3357286	IS_AST_PARENT	
3357283	3357284	IS_AST_PARENT	
3357282	3357283	IS_AST_PARENT	
3357282	3357287	IS_AST_PARENT	
3357281	3357282	IS_AST_PARENT	
3357070	3357281	IS_AST_PARENT	
3357288	3357289	IS_AST_PARENT	
3357070	3357288	IS_AST_PARENT	
3357069	3357070	IS_AST_PARENT	
3357069	3357290	IS_AST_PARENT	
3357069	3357291	IS_AST_PARENT	
3357293	3357294	IS_AST_PARENT	
3357293	3357295	IS_AST_PARENT	
3357292	3357293	IS_AST_PARENT	
3357069	3357292	IS_AST_PARENT	
3357296	3357293	FLOWS_TO	
3357293	3357071	FLOWS_TO	
3357071	3357075	FLOWS_TO	
3357075	3357084	FLOWS_TO	
3357084	3357092	FLOWS_TO	
3357092	3357097	FLOWS_TO	
3357092	3357105	FLOWS_TO	
3357097	3357105	FLOWS_TO	
3357105	3357121	FLOWS_TO	
3357105	3357141	FLOWS_TO	
3357121	3357132	FLOWS_TO	
3357132	3357139	FLOWS_TO	
3357139	3357297	FLOWS_TO	
3357141	3357148	FLOWS_TO	
3357148	3357169	FLOWS_TO	
3357169	3357187	FLOWS_TO	
3357169	3357214	FLOWS_TO	
3357187	3357205	FLOWS_TO	
3357205	3357212	FLOWS_TO	
3357212	3357297	FLOWS_TO	
3357214	3357215	FLOWS_TO	
3357215	3357216	FLOWS_TO	
3357216	3357217	FLOWS_TO	
3357217	3357218	FLOWS_TO	
3357218	3357219	FLOWS_TO	
3357219	3357220	FLOWS_TO	
3357220	3357221	FLOWS_TO	
3357221	3357222	FLOWS_TO	
3357222	3357223	FLOWS_TO	
3357223	3357231	FLOWS_TO	
3357231	3357252	FLOWS_TO	
3357231	3357272	FLOWS_TO	
3357252	3357261	FLOWS_TO	
3357261	3357268	FLOWS_TO	
3357268	3357297	FLOWS_TO	
3357272	3357281	FLOWS_TO	
3357281	3357288	FLOWS_TO	
3357288	3357297	FLOWS_TO	
3357105	3357298	USE	
3357118	3357298	USE	
3357139	3357298	USE	
3357212	3357298	USE	
3357268	3357298	USE	
3357121	3357299	USE	
3357126	3357299	USE	
3357187	3357299	USE	
3357192	3357299	USE	
3357252	3357299	USE	
3357257	3357299	USE	
3357148	3357300	USE	
3357153	3357300	USE	
3357272	3357300	USE	
3357277	3357300	USE	
3357169	3357301	USE	
3357092	3357302	USE	
3357105	3357302	USE	
3357114	3357302	USE	
3357121	3357302	USE	
3357130	3357302	USE	
3357148	3357302	USE	
3357166	3357302	USE	
3357187	3357302	USE	
3357203	3357302	USE	
3357293	3357303	DEF	
3357141	3357303	DEF	
3357145	3357303	DEF	
3357141	3357303	USE	
3357145	3357303	USE	
3357148	3357304	USE	
3357157	3357304	USE	
3357187	3357304	USE	
3357196	3357304	USE	
3357169	3357305	USE	
3357169	3357306	USE	
3357180	3357306	USE	
3357071	3357307	DEF	
3357072	3357307	DEF	
3357075	3357307	USE	
3357078	3357307	USE	
3357084	3357307	USE	
3357087	3357307	USE	
3357105	3357307	USE	
3357110	3357307	USE	
3357132	3357307	USE	
3357135	3357307	USE	
3357205	3357307	USE	
3357208	3357307	USE	
3357231	3357307	USE	
3357237	3357307	USE	
3357247	3357307	USE	
3357261	3357307	USE	
3357264	3357307	USE	
3357281	3357307	USE	
3357284	3357307	USE	
3357231	3357308	USE	
3357241	3357308	USE	
3357105	3357309	USE	
3357231	3357310	USE	
3357223	3357311	USE	
3357226	3357311	USE	
3357288	3357312	USE	
3357141	3357313	DEF	
3357142	3357313	DEF	
3357148	3357313	USE	
3357164	3357313	USE	
3357162	3357313	USE	
3357169	3357313	USE	
3357178	3357313	USE	
3357187	3357313	USE	
3357201	3357313	USE	
3357231	3357314	USE	
3357075	3357315	USE	
3357082	3357315	USE	
3357169	3357315	USE	
3357184	3357315	USE	
3357169	3357316	USE	
3357174	3357316	USE	
3357071	3357075	REACHES	sock
3357071	3357084	REACHES	sock
3357071	3357105	REACHES	sock
3357071	3357132	REACHES	sock
3357071	3357205	REACHES	sock
3357071	3357231	REACHES	sock
3357071	3357261	REACHES	sock
3357071	3357281	REACHES	sock
3357141	3357148	REACHES	cmd
3357141	3357169	REACHES	cmd
3357141	3357187	REACHES	cmd
3357293	3357141	REACHES	command
3357296	3357293	CONTROLS	
3357296	3357071	CONTROLS	
3357296	3357075	CONTROLS	
3357296	3357084	CONTROLS	
3357296	3357092	CONTROLS	
3357296	3357105	CONTROLS	
3357092	3357097	CONTROLS	
3357105	3357121	CONTROLS	
3357105	3357132	CONTROLS	
3357105	3357139	CONTROLS	
3357105	3357141	CONTROLS	
3357105	3357148	CONTROLS	
3357105	3357169	CONTROLS	
3357169	3357187	CONTROLS	
3357169	3357205	CONTROLS	
3357169	3357212	CONTROLS	
3357169	3357214	CONTROLS	
3357169	3357215	CONTROLS	
3357169	3357216	CONTROLS	
3357169	3357217	CONTROLS	
3357169	3357218	CONTROLS	
3357169	3357219	CONTROLS	
3357169	3357220	CONTROLS	
3357169	3357221	CONTROLS	
3357169	3357222	CONTROLS	
3357169	3357223	CONTROLS	
3357169	3357231	CONTROLS	
3357231	3357252	CONTROLS	
3357231	3357261	CONTROLS	
3357231	3357268	CONTROLS	
3357231	3357272	CONTROLS	
3357231	3357281	CONTROLS	
3357231	3357288	CONTROLS	
3357231	3357272	DOM	
3357281	3357288	DOM	
3357092	3357105	DOM	
3357214	3357215	DOM	
3357071	3357075	DOM	
3357215	3357216	DOM	
3357220	3357221	DOM	
3357205	3357212	DOM	
3357218	3357219	DOM	
3357293	3357071	DOM	
3357084	3357092	DOM	
3357296	3357293	DOM	
3357121	3357132	DOM	
3357092	3357097	DOM	
3357231	3357252	DOM	
3357075	3357084	DOM	
3357217	3357218	DOM	
3357105	3357121	DOM	
3357252	3357261	DOM	
3357132	3357139	DOM	
3357148	3357169	DOM	
3357261	3357268	DOM	
3357221	3357222	DOM	
3357223	3357231	DOM	
3357169	3357214	DOM	
3357187	3357205	DOM	
3357222	3357223	DOM	
3357272	3357281	DOM	
3357141	3357148	DOM	
3357169	3357187	DOM	
3357296	3357296	DOM	
3357105	3357297	DOM	
3357219	3357220	DOM	
3357105	3357141	DOM	
3357216	3357217	DOM	
3357297	3357288	POST_DOM	
3357281	3357272	POST_DOM	
3357297	3357105	POST_DOM	
3357216	3357215	POST_DOM	
3357084	3357075	POST_DOM	
3357222	3357221	POST_DOM	
3357217	3357216	POST_DOM	
3357297	3357212	POST_DOM	
3357220	3357219	POST_DOM	
3357075	3357071	POST_DOM	
3357105	3357092	POST_DOM	
3357139	3357132	POST_DOM	
3357071	3357293	POST_DOM	
3357105	3357097	POST_DOM	
3357261	3357252	POST_DOM	
3357092	3357084	POST_DOM	
3357219	3357218	POST_DOM	
3357132	3357121	POST_DOM	
3357268	3357261	POST_DOM	
3357297	3357139	POST_DOM	
3357297	3357169	POST_DOM	
3357297	3357268	POST_DOM	
3357223	3357222	POST_DOM	
3357297	3357231	POST_DOM	
3357215	3357214	POST_DOM	
3357212	3357205	POST_DOM	
3357231	3357223	POST_DOM	
3357288	3357281	POST_DOM	
3357205	3357187	POST_DOM	
3357169	3357148	POST_DOM	
3357293	3357296	POST_DOM	
3357297	3357297	POST_DOM	
3357221	3357220	POST_DOM	
3357148	3357141	POST_DOM	
3357218	3357217	POST_DOM	
3357068	3357069	IS_FUNCTION_OF_AST	
3357068	3357296	IS_FUNCTION_OF_CFG	
3355010	3357068	IS_FILE_OF	
3357322	3357323	IS_AST_PARENT	
3357322	3357324	IS_AST_PARENT	
3357321	3357322	IS_AST_PARENT	
3357320	3357321	IS_AST_PARENT	
3357325	3357326	IS_AST_PARENT	
3357320	3357325	IS_AST_PARENT	
3357319	3357320	IS_AST_PARENT	
3357328	3357329	IS_AST_PARENT	
3357328	3357330	IS_AST_PARENT	
3357331	3357332	IS_AST_PARENT	
3357334	3357335	IS_AST_PARENT	
3357333	3357334	IS_AST_PARENT	
3357337	3357338	IS_AST_PARENT	
3357336	3357337	IS_AST_PARENT	
3357333	3357336	IS_AST_PARENT	
3357331	3357333	IS_AST_PARENT	
3357328	3357331	IS_AST_PARENT	
3357327	3357328	IS_AST_PARENT	
3357319	3357327	IS_AST_PARENT	
3357341	3357342	IS_AST_PARENT	
3357341	3357343	IS_AST_PARENT	
3357340	3357341	IS_AST_PARENT	
3357339	3357340	IS_AST_PARENT	
3357347	3357348	IS_AST_PARENT	
3357346	3357347	IS_AST_PARENT	
3357355	3357356	IS_AST_PARENT	
3357354	3357355	IS_AST_PARENT	
3357358	3357359	IS_AST_PARENT	
3357357	3357358	IS_AST_PARENT	
3357360	3357361	IS_AST_PARENT	
3357357	3357360	IS_AST_PARENT	
3357354	3357357	IS_AST_PARENT	
3357353	3357354	IS_AST_PARENT	
3357353	3357362	IS_AST_PARENT	
3357352	3357353	IS_AST_PARENT	
3357351	3357352	IS_AST_PARENT	
3357351	3357363	IS_AST_PARENT	
3357350	3357351	IS_AST_PARENT	
3357349	3357350	IS_AST_PARENT	
3357346	3357349	IS_AST_PARENT	
3357345	3357346	IS_AST_PARENT	
3357344	3357345	IS_AST_PARENT	
3357339	3357344	IS_AST_PARENT	
3357319	3357339	IS_AST_PARENT	
3357365	3357366	IS_AST_PARENT	
3357365	3357367	IS_AST_PARENT	
3357364	3357365	IS_AST_PARENT	
3357319	3357364	IS_AST_PARENT	
3357369	3357370	IS_AST_PARENT	
3357369	3357371	IS_AST_PARENT	
3357372	3357373	IS_AST_PARENT	
3357372	3357374	IS_AST_PARENT	
3357369	3357372	IS_AST_PARENT	
3357368	3357369	IS_AST_PARENT	
3357319	3357368	IS_AST_PARENT	
3357376	3357377	IS_AST_PARENT	
3357376	3357378	IS_AST_PARENT	
3357376	3357379	IS_AST_PARENT	
3357375	3357376	IS_AST_PARENT	
3357319	3357375	IS_AST_PARENT	
3357383	3357384	IS_AST_PARENT	
3357383	3357385	IS_AST_PARENT	
3357382	3357383	IS_AST_PARENT	
3357381	3357382	IS_AST_PARENT	
3357387	3357388	IS_AST_PARENT	
3357386	3357387	IS_AST_PARENT	
3357381	3357386	IS_AST_PARENT	
3357380	3357381	IS_AST_PARENT	
3357319	3357380	IS_AST_PARENT	
3357392	3357393	IS_AST_PARENT	
3357392	3357394	IS_AST_PARENT	
3357391	3357392	IS_AST_PARENT	
3357390	3357391	IS_AST_PARENT	
3357390	3357395	IS_AST_PARENT	
3357389	3357390	IS_AST_PARENT	
3357319	3357389	IS_AST_PARENT	
3357398	3357399	IS_AST_PARENT	
3357397	3357398	IS_AST_PARENT	
3357401	3357402	IS_AST_PARENT	
3357400	3357401	IS_AST_PARENT	
3357397	3357400	IS_AST_PARENT	
3357396	3357397	IS_AST_PARENT	
3357319	3357396	IS_AST_PARENT	
3357404	3357405	IS_AST_PARENT	
3357404	3357406	IS_AST_PARENT	
3357407	3357408	IS_AST_PARENT	
3357410	3357411	IS_AST_PARENT	
3357409	3357410	IS_AST_PARENT	
3357416	3357417	IS_AST_PARENT	
3357416	3357418	IS_AST_PARENT	
3357415	3357416	IS_AST_PARENT	
3357414	3357415	IS_AST_PARENT	
3357414	3357419	IS_AST_PARENT	
3357413	3357414	IS_AST_PARENT	
3357412	3357413	IS_AST_PARENT	
3357409	3357412	IS_AST_PARENT	
3357407	3357409	IS_AST_PARENT	
3357404	3357407	IS_AST_PARENT	
3357403	3357404	IS_AST_PARENT	
3357319	3357403	IS_AST_PARENT	
3357421	3357422	IS_AST_PARENT	
3357421	3357423	IS_AST_PARENT	
3357424	3357425	IS_AST_PARENT	
3357429	3357430	IS_AST_PARENT	
3357429	3357431	IS_AST_PARENT	
3357428	3357429	IS_AST_PARENT	
3357427	3357428	IS_AST_PARENT	
3357427	3357432	IS_AST_PARENT	
3357426	3357427	IS_AST_PARENT	
3357426	3357433	IS_AST_PARENT	
3357424	3357426	IS_AST_PARENT	
3357421	3357424	IS_AST_PARENT	
3357420	3357421	IS_AST_PARENT	
3357319	3357420	IS_AST_PARENT	
3357436	3357437	IS_AST_PARENT	
3357440	3357441	IS_AST_PARENT	
3357440	3357442	IS_AST_PARENT	
3357439	3357440	IS_AST_PARENT	
3357438	3357439	IS_AST_PARENT	
3357438	3357443	IS_AST_PARENT	
3357436	3357438	IS_AST_PARENT	
3357435	3357436	IS_AST_PARENT	
3357434	3357435	IS_AST_PARENT	
3357446	3357447	IS_AST_PARENT	
3357446	3357448	IS_AST_PARENT	
3357449	3357450	IS_AST_PARENT	
3357452	3357453	IS_AST_PARENT	
3357451	3357452	IS_AST_PARENT	
3357455	3357456	IS_AST_PARENT	
3357454	3357455	IS_AST_PARENT	
3357451	3357454	IS_AST_PARENT	
3357449	3357451	IS_AST_PARENT	
3357446	3357449	IS_AST_PARENT	
3357445	3357446	IS_AST_PARENT	
3357444	3357445	IS_AST_PARENT	
3357459	3357460	IS_AST_PARENT	
3357459	3357461	IS_AST_PARENT	
3357458	3357459	IS_AST_PARENT	
3357457	3357458	IS_AST_PARENT	
3357462	3357463	IS_AST_PARENT	
3357462	3357464	IS_AST_PARENT	
3357462	3357465	IS_AST_PARENT	
3357462	3357466	IS_AST_PARENT	
3357462	3357467	IS_AST_PARENT	
3357462	3357468	IS_AST_PARENT	
3357462	3357469	IS_AST_PARENT	
3357462	3357470	IS_AST_PARENT	
3357462	3357471	IS_AST_PARENT	
3357462	3357472	IS_AST_PARENT	
3357475	3357476	IS_AST_PARENT	
3357474	3357475	IS_AST_PARENT	
3357478	3357479	IS_AST_PARENT	
3357477	3357478	IS_AST_PARENT	
3357474	3357477	IS_AST_PARENT	
3357473	3357474	IS_AST_PARENT	
3357462	3357473	IS_AST_PARENT	
3357457	3357462	IS_AST_PARENT	
3357444	3357457	IS_AST_PARENT	
3357481	3357482	IS_AST_PARENT	
3357481	3357483	IS_AST_PARENT	
3357484	3357485	IS_AST_PARENT	
3357487	3357488	IS_AST_PARENT	
3357486	3357487	IS_AST_PARENT	
3357490	3357491	IS_AST_PARENT	
3357489	3357490	IS_AST_PARENT	
3357486	3357489	IS_AST_PARENT	
3357484	3357486	IS_AST_PARENT	
3357481	3357484	IS_AST_PARENT	
3357480	3357481	IS_AST_PARENT	
3357444	3357480	IS_AST_PARENT	
3357495	3357496	IS_AST_PARENT	
3357495	3357497	IS_AST_PARENT	
3357494	3357495	IS_AST_PARENT	
3357500	3357501	IS_AST_PARENT	
3357499	3357500	IS_AST_PARENT	
3357503	3357504	IS_AST_PARENT	
3357502	3357503	IS_AST_PARENT	
3357505	3357506	IS_AST_PARENT	
3357502	3357505	IS_AST_PARENT	
3357499	3357502	IS_AST_PARENT	
3357498	3357499	IS_AST_PARENT	
3357498	3357507	IS_AST_PARENT	
3357494	3357498	IS_AST_PARENT	
3357493	3357494	IS_AST_PARENT	
3357492	3357493	IS_AST_PARENT	
3357510	3357511	IS_AST_PARENT	
3357510	3357512	IS_AST_PARENT	
3357509	3357510	IS_AST_PARENT	
3357508	3357509	IS_AST_PARENT	
3357515	3357516	IS_AST_PARENT	
3357514	3357515	IS_AST_PARENT	
3357518	3357519	IS_AST_PARENT	
3357517	3357518	IS_AST_PARENT	
3357514	3357517	IS_AST_PARENT	
3357513	3357514	IS_AST_PARENT	
3357508	3357513	IS_AST_PARENT	
3357508	3357520	IS_AST_PARENT	
3357508	3357521	IS_AST_PARENT	
3357508	3357522	IS_AST_PARENT	
3357508	3357523	IS_AST_PARENT	
3357508	3357524	IS_AST_PARENT	
3357508	3357525	IS_AST_PARENT	
3357508	3357526	IS_AST_PARENT	
3357508	3357527	IS_AST_PARENT	
3357508	3357528	IS_AST_PARENT	
3357508	3357529	IS_AST_PARENT	
3357508	3357530	IS_AST_PARENT	
3357492	3357508	IS_AST_PARENT	
3357534	3357535	IS_AST_PARENT	
3357534	3357536	IS_AST_PARENT	
3357533	3357534	IS_AST_PARENT	
3357532	3357533	IS_AST_PARENT	
3357537	3357538	IS_AST_PARENT	
3357537	3357539	IS_AST_PARENT	
3357537	3357540	IS_AST_PARENT	
3357537	3357541	IS_AST_PARENT	
3357537	3357542	IS_AST_PARENT	
3357537	3357543	IS_AST_PARENT	
3357537	3357544	IS_AST_PARENT	
3357537	3357545	IS_AST_PARENT	
3357537	3357546	IS_AST_PARENT	
3357537	3357547	IS_AST_PARENT	
3357537	3357548	IS_AST_PARENT	
3357537	3357549	IS_AST_PARENT	
3357537	3357550	IS_AST_PARENT	
3357553	3357554	IS_AST_PARENT	
3357552	3357553	IS_AST_PARENT	
3357556	3357557	IS_AST_PARENT	
3357555	3357556	IS_AST_PARENT	
3357552	3357555	IS_AST_PARENT	
3357551	3357552	IS_AST_PARENT	
3357537	3357551	IS_AST_PARENT	
3357532	3357537	IS_AST_PARENT	
3357531	3357532	IS_AST_PARENT	
3357492	3357531	IS_AST_PARENT	
3357444	3357492	IS_AST_PARENT	
3357559	3357560	IS_AST_PARENT	
3357559	3357561	IS_AST_PARENT	
3357558	3357559	IS_AST_PARENT	
3357444	3357558	IS_AST_PARENT	
3357564	3357565	IS_AST_PARENT	
3357563	3357564	IS_AST_PARENT	
3357567	3357568	IS_AST_PARENT	
3357566	3357567	IS_AST_PARENT	
3357563	3357566	IS_AST_PARENT	
3357562	3357563	IS_AST_PARENT	
3357444	3357562	IS_AST_PARENT	
3357571	3357572	IS_AST_PARENT	
3357570	3357571	IS_AST_PARENT	
3357574	3357575	IS_AST_PARENT	
3357573	3357574	IS_AST_PARENT	
3357570	3357573	IS_AST_PARENT	
3357569	3357570	IS_AST_PARENT	
3357444	3357569	IS_AST_PARENT	
3357434	3357444	IS_AST_PARENT	
3357319	3357434	IS_AST_PARENT	
3357578	3357579	IS_AST_PARENT	
3357577	3357578	IS_AST_PARENT	
3357581	3357582	IS_AST_PARENT	
3357580	3357581	IS_AST_PARENT	
3357577	3357580	IS_AST_PARENT	
3357576	3357577	IS_AST_PARENT	
3357319	3357576	IS_AST_PARENT	
3357585	3357586	IS_AST_PARENT	
3357585	3357587	IS_AST_PARENT	
3357584	3357585	IS_AST_PARENT	
3357583	3357584	IS_AST_PARENT	
3357588	3357589	IS_AST_PARENT	
3357588	3357590	IS_AST_PARENT	
3357588	3357591	IS_AST_PARENT	
3357588	3357592	IS_AST_PARENT	
3357588	3357593	IS_AST_PARENT	
3357588	3357594	IS_AST_PARENT	
3357588	3357595	IS_AST_PARENT	
3357588	3357596	IS_AST_PARENT	
3357588	3357597	IS_AST_PARENT	
3357599	3357600	IS_AST_PARENT	
3357599	3357601	IS_AST_PARENT	
3357598	3357599	IS_AST_PARENT	
3357588	3357598	IS_AST_PARENT	
3357583	3357588	IS_AST_PARENT	
3357319	3357583	IS_AST_PARENT	
3357318	3357319	IS_AST_PARENT	
3357318	3357602	IS_AST_PARENT	
3357318	3357603	IS_AST_PARENT	
3357318	3357604	IS_AST_PARENT	
3357605	3357321	FLOWS_TO	
3357321	3357326	FLOWS_TO	
3357321	3357327	FLOWS_TO	
3357326	3357606	FLOWS_TO	
3357327	3357340	FLOWS_TO	
3357340	3357345	FLOWS_TO	
3357340	3357364	FLOWS_TO	
3357345	3357364	FLOWS_TO	
3357364	3357368	FLOWS_TO	
3357368	3357375	FLOWS_TO	
3357375	3357380	FLOWS_TO	
3357380	3357389	FLOWS_TO	
3357389	3357396	FLOWS_TO	
3357396	3357403	FLOWS_TO	
3357403	3357420	FLOWS_TO	
3357420	3357435	FLOWS_TO	
3357435	3357445	FLOWS_TO	
3357435	3357576	FLOWS_TO	
3357445	3357458	FLOWS_TO	
3357458	3357463	FLOWS_TO	
3357458	3357480	FLOWS_TO	
3357463	3357464	FLOWS_TO	
3357464	3357465	FLOWS_TO	
3357465	3357466	FLOWS_TO	
3357466	3357467	FLOWS_TO	
3357467	3357468	FLOWS_TO	
3357468	3357469	FLOWS_TO	
3357469	3357470	FLOWS_TO	
3357470	3357471	FLOWS_TO	
3357471	3357472	FLOWS_TO	
3357472	3357473	FLOWS_TO	
3357473	3357480	FLOWS_TO	
3357480	3357493	FLOWS_TO	
3357493	3357509	FLOWS_TO	
3357493	3357533	FLOWS_TO	
3357509	3357513	FLOWS_TO	
3357513	3357520	FLOWS_TO	
3357520	3357521	FLOWS_TO	
3357521	3357522	FLOWS_TO	
3357522	3357523	FLOWS_TO	
3357523	3357524	FLOWS_TO	
3357524	3357525	FLOWS_TO	
3357525	3357526	FLOWS_TO	
3357526	3357527	FLOWS_TO	
3357527	3357528	FLOWS_TO	
3357528	3357529	FLOWS_TO	
3357529	3357530	FLOWS_TO	
3357530	3357576	FLOWS_TO	
3357533	3357538	FLOWS_TO	
3357533	3357558	FLOWS_TO	
3357538	3357539	FLOWS_TO	
3357539	3357540	FLOWS_TO	
3357540	3357541	FLOWS_TO	
3357541	3357542	FLOWS_TO	
3357542	3357543	FLOWS_TO	
3357543	3357544	FLOWS_TO	
3357544	3357545	FLOWS_TO	
3357545	3357546	FLOWS_TO	
3357546	3357547	FLOWS_TO	
3357547	3357548	FLOWS_TO	
3357548	3357549	FLOWS_TO	
3357549	3357550	FLOWS_TO	
3357550	3357551	FLOWS_TO	
3357551	3357558	FLOWS_TO	
3357558	3357562	FLOWS_TO	
3357562	3357569	FLOWS_TO	
3357569	3357435	FLOWS_TO	
3357576	3357584	FLOWS_TO	
3357584	3357589	FLOWS_TO	
3357584	3357606	FLOWS_TO	
3357589	3357590	FLOWS_TO	
3357590	3357591	FLOWS_TO	
3357591	3357592	FLOWS_TO	
3357592	3357593	FLOWS_TO	
3357593	3357594	FLOWS_TO	
3357594	3357595	FLOWS_TO	
3357595	3357596	FLOWS_TO	
3357596	3357597	FLOWS_TO	
3357597	3357598	FLOWS_TO	
3357598	3357606	FLOWS_TO	
3357493	3357607	USE	
3357403	3357608	USE	
3357413	3357608	USE	
3357445	3357609	USE	
3357449	3357609	USE	
3357368	3357610	DEF	
3357372	3357610	DEF	
3357368	3357610	USE	
3357372	3357610	USE	
3357584	3357610	USE	
3357420	3357611	USE	
3357424	3357611	USE	
3357345	3357612	USE	
3357353	3357612	USE	
3357350	3357612	USE	
3357368	3357613	DEF	
3357369	3357613	DEF	
3357435	3357613	DEF	
3357436	3357613	DEF	
3357445	3357613	USE	
3357455	3357613	USE	
3357598	3357614	USE	
3357599	3357614	USE	
3357509	3357615	DEF	
3357510	3357615	DEF	
3357584	3357615	USE	
3357403	3357616	USE	
3357407	3357616	USE	
3357480	3357616	USE	
3357484	3357616	USE	
3357364	3357617	DEF	
3357365	3357617	DEF	
3357380	3357617	USE	
3357383	3357617	USE	
3357389	3357617	USE	
3357392	3357617	USE	
3357420	3357617	USE	
3357424	3357617	USE	
3357429	3357617	USE	
3357435	3357617	USE	
3357440	3357617	USE	
3357436	3357617	USE	
3357327	3357618	USE	
3357331	3357618	USE	
3357327	3357619	DEF	
3357328	3357619	DEF	
3357331	3357619	DEF	
3357340	3357619	USE	
3357380	3357619	USE	
3357387	3357619	USE	
3357396	3357619	USE	
3357401	3357619	USE	
3357403	3357620	USE	
3357413	3357620	USE	
3357493	3357621	USE	
3357533	3357621	USE	
3357403	3357622	USE	
3357416	3357622	USE	
3357403	3357623	DEF	
3357404	3357623	DEF	
3357407	3357623	DEF	
3357493	3357623	USE	
3357505	3357623	USE	
3357576	3357623	USE	
3357581	3357623	USE	
3357345	3357624	USE	
3357350	3357624	USE	
3357445	3357625	DEF	
3357446	3357625	DEF	
3357449	3357625	DEF	
3357458	3357625	USE	
3357480	3357625	USE	
3357490	3357625	USE	
3357509	3357625	USE	
3357510	3357625	USE	
3357569	3357625	USE	
3357574	3357625	USE	
3357321	3357626	USE	
3357598	3357626	DEF	
3357599	3357626	DEF	
3357375	3357627	DEF	
3357376	3357627	DEF	
3357473	3357627	USE	
3357478	3357627	USE	
3357551	3357627	USE	
3357556	3357627	USE	
3357435	3357628	USE	
3357436	3357628	USE	
3357480	3357629	DEF	
3357484	3357629	DEF	
3357481	3357629	DEF	
3357493	3357629	USE	
3357503	3357629	USE	
3357513	3357629	USE	
3357518	3357629	USE	
3357562	3357629	USE	
3357567	3357629	USE	
3357420	3357630	DEF	
3357421	3357630	DEF	
3357424	3357630	DEF	
3357493	3357630	USE	
3357533	3357630	USE	
3357558	3357630	USE	
3357559	3357630	USE	
3357558	3357630	DEF	
3357559	3357630	DEF	
3357435	3357445	REACHES	replicationAddress
3357509	3357584	REACHES	m_replicationDaemonSinfulString
3357327	3357340	REACHES	tmp
3357327	3357380	REACHES	tmp
3357327	3357396	REACHES	tmp
3357403	3357493	REACHES	host
3357403	3357576	REACHES	host
3357445	3357458	REACHES	sinfulAddress
3357445	3357480	REACHES	sinfulAddress
3357445	3357509	REACHES	sinfulAddress
3357445	3357569	REACHES	sinfulAddress
3357375	3357473	REACHES	buffer
3357375	3357551	REACHES	buffer
3357420	3357493	REACHES	replicationDaemonIndex
3357558	3357493	REACHES	replicationDaemonIndex
3357420	3357533	REACHES	replicationDaemonIndex
3357558	3357533	REACHES	replicationDaemonIndex
3357420	3357558	REACHES	replicationDaemonIndex
3357558	3357558	REACHES	replicationDaemonIndex
3357368	3357584	REACHES	NULL
3357364	3357380	REACHES	replicationAddressList
3357364	3357389	REACHES	replicationAddressList
3357364	3357420	REACHES	replicationAddressList
3357364	3357435	REACHES	replicationAddressList
3357480	3357493	REACHES	sinfulAddressHost
3357480	3357513	REACHES	sinfulAddressHost
3357480	3357562	REACHES	sinfulAddressHost
3357605	3357321	CONTROLS	
3357321	3357326	CONTROLS	
3357321	3357327	CONTROLS	
3357321	3357340	CONTROLS	
3357321	3357364	CONTROLS	
3357321	3357368	CONTROLS	
3357321	3357375	CONTROLS	
3357321	3357380	CONTROLS	
3357321	3357389	CONTROLS	
3357321	3357396	CONTROLS	
3357321	3357403	CONTROLS	
3357321	3357420	CONTROLS	
3357321	3357435	CONTROLS	
3357321	3357576	CONTROLS	
3357321	3357584	CONTROLS	
3357340	3357345	CONTROLS	
3357435	3357445	CONTROLS	
3357435	3357458	CONTROLS	
3357435	3357480	CONTROLS	
3357435	3357493	CONTROLS	
3357458	3357463	CONTROLS	
3357458	3357464	CONTROLS	
3357458	3357465	CONTROLS	
3357458	3357466	CONTROLS	
3357458	3357467	CONTROLS	
3357458	3357468	CONTROLS	
3357458	3357469	CONTROLS	
3357458	3357470	CONTROLS	
3357458	3357471	CONTROLS	
3357458	3357472	CONTROLS	
3357458	3357473	CONTROLS	
3357493	3357509	CONTROLS	
3357493	3357513	CONTROLS	
3357493	3357520	CONTROLS	
3357493	3357521	CONTROLS	
3357493	3357522	CONTROLS	
3357493	3357523	CONTROLS	
3357493	3357524	CONTROLS	
3357493	3357525	CONTROLS	
3357493	3357526	CONTROLS	
3357493	3357527	CONTROLS	
3357493	3357528	CONTROLS	
3357493	3357529	CONTROLS	
3357493	3357530	CONTROLS	
3357493	3357533	CONTROLS	
3357493	3357558	CONTROLS	
3357493	3357562	CONTROLS	
3357493	3357569	CONTROLS	
3357493	3357435	CONTROLS	
3357533	3357538	CONTROLS	
3357533	3357539	CONTROLS	
3357533	3357540	CONTROLS	
3357533	3357541	CONTROLS	
3357533	3357542	CONTROLS	
3357533	3357543	CONTROLS	
3357533	3357544	CONTROLS	
3357533	3357545	CONTROLS	
3357533	3357546	CONTROLS	
3357533	3357547	CONTROLS	
3357533	3357548	CONTROLS	
3357533	3357549	CONTROLS	
3357533	3357550	CONTROLS	
3357533	3357551	CONTROLS	
3357584	3357589	CONTROLS	
3357584	3357590	CONTROLS	
3357584	3357591	CONTROLS	
3357584	3357592	CONTROLS	
3357584	3357593	CONTROLS	
3357584	3357594	CONTROLS	
3357584	3357595	CONTROLS	
3357584	3357596	CONTROLS	
3357584	3357597	CONTROLS	
3357584	3357598	CONTROLS	
3357340	3357364	DOM	
3357465	3357466	DOM	
3357529	3357530	DOM	
3357591	3357592	DOM	
3357539	3357540	DOM	
3357593	3357594	DOM	
3357375	3357380	DOM	
3357463	3357464	DOM	
3357540	3357541	DOM	
3357327	3357340	DOM	
3357435	3357576	DOM	
3357403	3357420	DOM	
3357445	3357458	DOM	
3357396	3357403	DOM	
3357592	3357593	DOM	
3357521	3357522	DOM	
3357522	3357523	DOM	
3357368	3357375	DOM	
3357524	3357525	DOM	
3357596	3357597	DOM	
3357493	3357533	DOM	
3357533	3357558	DOM	
3357538	3357539	DOM	
3357584	3357589	DOM	
3357558	3357562	DOM	
3357458	3357463	DOM	
3357544	3357545	DOM	
3357420	3357435	DOM	
3357533	3357538	DOM	
3357605	3357321	DOM	
3357595	3357596	DOM	
3357605	3357605	DOM	
3357467	3357468	DOM	
3357562	3357569	DOM	
3357550	3357551	DOM	
3357321	3357326	DOM	
3357340	3357345	DOM	
3357528	3357529	DOM	
3357526	3357527	DOM	
3357468	3357469	DOM	
3357509	3357513	DOM	
3357480	3357493	DOM	
3357513	3357520	DOM	
3357543	3357544	DOM	
3357471	3357472	DOM	
3357435	3357445	DOM	
3357389	3357396	DOM	
3357466	3357467	DOM	
3357597	3357598	DOM	
3357549	3357550	DOM	
3357589	3357590	DOM	
3357527	3357528	DOM	
3357590	3357591	DOM	
3357380	3357389	DOM	
3357469	3357470	DOM	
3357525	3357526	DOM	
3357523	3357524	DOM	
3357548	3357549	DOM	
3357364	3357368	DOM	
3357541	3357542	DOM	
3357321	3357606	DOM	
3357546	3357547	DOM	
3357472	3357473	DOM	
3357520	3357521	DOM	
3357545	3357546	DOM	
3357493	3357509	DOM	
3357470	3357471	DOM	
3357576	3357584	DOM	
3357458	3357480	DOM	
3357594	3357595	DOM	
3357321	3357327	DOM	
3357464	3357465	DOM	
3357542	3357543	DOM	
3357547	3357548	DOM	
3357368	3357364	POST_DOM	
3357467	3357466	POST_DOM	
3357576	3357530	POST_DOM	
3357593	3357592	POST_DOM	
3357541	3357540	POST_DOM	
3357595	3357594	POST_DOM	
3357389	3357380	POST_DOM	
3357465	3357464	POST_DOM	
3357542	3357541	POST_DOM	
3357364	3357340	POST_DOM	
3357584	3357576	POST_DOM	
3357435	3357420	POST_DOM	
3357480	3357458	POST_DOM	
3357420	3357403	POST_DOM	
3357594	3357593	POST_DOM	
3357523	3357522	POST_DOM	
3357524	3357523	POST_DOM	
3357380	3357375	POST_DOM	
3357526	3357525	POST_DOM	
3357598	3357597	POST_DOM	
3357562	3357558	POST_DOM	
3357558	3357533	POST_DOM	
3357540	3357539	POST_DOM	
3357590	3357589	POST_DOM	
3357569	3357562	POST_DOM	
3357464	3357463	POST_DOM	
3357546	3357545	POST_DOM	
3357576	3357435	POST_DOM	
3357539	3357538	POST_DOM	
3357606	3357321	POST_DOM	
3357597	3357596	POST_DOM	
3357321	3357605	POST_DOM	
3357469	3357468	POST_DOM	
3357435	3357569	POST_DOM	
3357558	3357551	POST_DOM	
3357606	3357326	POST_DOM	
3357364	3357345	POST_DOM	
3357530	3357529	POST_DOM	
3357528	3357527	POST_DOM	
3357470	3357469	POST_DOM	
3357520	3357513	POST_DOM	
3357576	3357493	POST_DOM	
3357545	3357544	POST_DOM	
3357521	3357520	POST_DOM	
3357473	3357472	POST_DOM	
3357458	3357445	POST_DOM	
3357403	3357396	POST_DOM	
3357468	3357467	POST_DOM	
3357606	3357598	POST_DOM	
3357551	3357550	POST_DOM	
3357591	3357590	POST_DOM	
3357529	3357528	POST_DOM	
3357592	3357591	POST_DOM	
3357396	3357389	POST_DOM	
3357471	3357470	POST_DOM	
3357527	3357526	POST_DOM	
3357550	3357549	POST_DOM	
3357525	3357524	POST_DOM	
3357375	3357368	POST_DOM	
3357543	3357542	POST_DOM	
3357606	3357606	POST_DOM	
3357548	3357547	POST_DOM	
3357480	3357473	POST_DOM	
3357522	3357521	POST_DOM	
3357547	3357546	POST_DOM	
3357513	3357509	POST_DOM	
3357472	3357471	POST_DOM	
3357606	3357584	POST_DOM	
3357493	3357480	POST_DOM	
3357596	3357595	POST_DOM	
3357340	3357327	POST_DOM	
3357466	3357465	POST_DOM	
3357549	3357548	POST_DOM	
3357544	3357543	POST_DOM	
3357317	3357318	IS_FUNCTION_OF_AST	
3357317	3357605	IS_FUNCTION_OF_CFG	
3355010	3357317	IS_FILE_OF	
3357635	3357636	IS_AST_PARENT	
3357635	3357637	IS_AST_PARENT	
3357634	3357635	IS_AST_PARENT	
3357633	3357634	IS_AST_PARENT	
3357641	3357642	IS_AST_PARENT	
3357641	3357643	IS_AST_PARENT	
3357640	3357641	IS_AST_PARENT	
3357639	3357640	IS_AST_PARENT	
3357645	3357646	IS_AST_PARENT	
3357644	3357645	IS_AST_PARENT	
3357639	3357644	IS_AST_PARENT	
3357638	3357639	IS_AST_PARENT	
3357633	3357638	IS_AST_PARENT	
3357650	3357651	IS_AST_PARENT	
3357650	3357652	IS_AST_PARENT	
3357649	3357650	IS_AST_PARENT	
3357648	3357649	IS_AST_PARENT	
3357648	3357653	IS_AST_PARENT	
3357647	3357648	IS_AST_PARENT	
3357633	3357647	IS_AST_PARENT	
3357656	3357657	IS_AST_PARENT	
3357660	3357661	IS_AST_PARENT	
3357660	3357662	IS_AST_PARENT	
3357659	3357660	IS_AST_PARENT	
3357658	3357659	IS_AST_PARENT	
3357667	3357668	IS_AST_PARENT	
3357667	3357669	IS_AST_PARENT	
3357666	3357667	IS_AST_PARENT	
3357665	3357666	IS_AST_PARENT	
3357665	3357670	IS_AST_PARENT	
3357664	3357665	IS_AST_PARENT	
3357663	3357664	IS_AST_PARENT	
3357671	3357672	IS_AST_PARENT	
3357663	3357671	IS_AST_PARENT	
3357673	3357674	IS_AST_PARENT	
3357663	3357673	IS_AST_PARENT	
3357658	3357663	IS_AST_PARENT	
3357656	3357658	IS_AST_PARENT	
3357655	3357656	IS_AST_PARENT	
3357654	3357655	IS_AST_PARENT	
3357678	3357679	IS_AST_PARENT	
3357677	3357678	IS_AST_PARENT	
3357681	3357682	IS_AST_PARENT	
3357680	3357681	IS_AST_PARENT	
3357683	3357684	IS_AST_PARENT	
3357680	3357683	IS_AST_PARENT	
3357688	3357689	IS_AST_PARENT	
3357688	3357690	IS_AST_PARENT	
3357687	3357688	IS_AST_PARENT	
3357686	3357687	IS_AST_PARENT	
3357686	3357691	IS_AST_PARENT	
3357685	3357686	IS_AST_PARENT	
3357680	3357685	IS_AST_PARENT	
3357677	3357680	IS_AST_PARENT	
3357676	3357677	IS_AST_PARENT	
3357675	3357676	IS_AST_PARENT	
3357695	3357696	IS_AST_PARENT	
3357695	3357697	IS_AST_PARENT	
3357694	3357695	IS_AST_PARENT	
3357693	3357694	IS_AST_PARENT	
3357693	3357698	IS_AST_PARENT	
3357692	3357693	IS_AST_PARENT	
3357675	3357692	IS_AST_PARENT	
3357699	3357700	IS_AST_PARENT	
3357675	3357699	IS_AST_PARENT	
3357654	3357675	IS_AST_PARENT	
3357633	3357654	IS_AST_PARENT	
3357702	3357703	IS_AST_PARENT	
3357702	3357704	IS_AST_PARENT	
3357705	3357706	IS_AST_PARENT	
3357705	3357707	IS_AST_PARENT	
3357702	3357705	IS_AST_PARENT	
3357701	3357702	IS_AST_PARENT	
3357633	3357701	IS_AST_PARENT	
3357710	3357711	IS_AST_PARENT	
3357709	3357710	IS_AST_PARENT	
3357713	3357714	IS_AST_PARENT	
3357712	3357713	IS_AST_PARENT	
3357715	3357716	IS_AST_PARENT	
3357712	3357715	IS_AST_PARENT	
3357719	3357720	IS_AST_PARENT	
3357718	3357719	IS_AST_PARENT	
3357722	3357723	IS_AST_PARENT	
3357721	3357722	IS_AST_PARENT	
3357718	3357721	IS_AST_PARENT	
3357717	3357718	IS_AST_PARENT	
3357712	3357717	IS_AST_PARENT	
3357724	3357725	IS_AST_PARENT	
3357712	3357724	IS_AST_PARENT	
3357726	3357727	IS_AST_PARENT	
3357712	3357726	IS_AST_PARENT	
3357731	3357732	IS_AST_PARENT	
3357731	3357733	IS_AST_PARENT	
3357730	3357731	IS_AST_PARENT	
3357729	3357730	IS_AST_PARENT	
3357729	3357734	IS_AST_PARENT	
3357728	3357729	IS_AST_PARENT	
3357712	3357728	IS_AST_PARENT	
3357709	3357712	IS_AST_PARENT	
3357708	3357709	IS_AST_PARENT	
3357633	3357708	IS_AST_PARENT	
3357737	3357738	IS_AST_PARENT	
3357741	3357742	IS_AST_PARENT	
3357741	3357743	IS_AST_PARENT	
3357740	3357741	IS_AST_PARENT	
3357739	3357740	IS_AST_PARENT	
3357745	3357746	IS_AST_PARENT	
3357744	3357745	IS_AST_PARENT	
3357748	3357749	IS_AST_PARENT	
3357748	3357750	IS_AST_PARENT	
3357747	3357748	IS_AST_PARENT	
3357744	3357747	IS_AST_PARENT	
3357751	3357752	IS_AST_PARENT	
3357744	3357751	IS_AST_PARENT	
3357739	3357744	IS_AST_PARENT	
3357737	3357739	IS_AST_PARENT	
3357736	3357737	IS_AST_PARENT	
3357735	3357736	IS_AST_PARENT	
3357756	3357757	IS_AST_PARENT	
3357755	3357756	IS_AST_PARENT	
3357759	3357760	IS_AST_PARENT	
3357758	3357759	IS_AST_PARENT	
3357761	3357762	IS_AST_PARENT	
3357758	3357761	IS_AST_PARENT	
3357765	3357766	IS_AST_PARENT	
3357764	3357765	IS_AST_PARENT	
3357768	3357769	IS_AST_PARENT	
3357767	3357768	IS_AST_PARENT	
3357764	3357767	IS_AST_PARENT	
3357763	3357764	IS_AST_PARENT	
3357758	3357763	IS_AST_PARENT	
3357773	3357774	IS_AST_PARENT	
3357773	3357775	IS_AST_PARENT	
3357772	3357773	IS_AST_PARENT	
3357771	3357772	IS_AST_PARENT	
3357771	3357776	IS_AST_PARENT	
3357770	3357771	IS_AST_PARENT	
3357758	3357770	IS_AST_PARENT	
3357755	3357758	IS_AST_PARENT	
3357754	3357755	IS_AST_PARENT	
3357753	3357754	IS_AST_PARENT	
3357780	3357781	IS_AST_PARENT	
3357780	3357782	IS_AST_PARENT	
3357779	3357780	IS_AST_PARENT	
3357778	3357779	IS_AST_PARENT	
3357778	3357783	IS_AST_PARENT	
3357777	3357778	IS_AST_PARENT	
3357753	3357777	IS_AST_PARENT	
3357784	3357785	IS_AST_PARENT	
3357753	3357784	IS_AST_PARENT	
3357735	3357753	IS_AST_PARENT	
3357633	3357735	IS_AST_PARENT	
3357789	3357790	IS_AST_PARENT	
3357793	3357794	IS_AST_PARENT	
3357793	3357795	IS_AST_PARENT	
3357792	3357793	IS_AST_PARENT	
3357791	3357792	IS_AST_PARENT	
3357797	3357798	IS_AST_PARENT	
3357796	3357797	IS_AST_PARENT	
3357791	3357796	IS_AST_PARENT	
3357789	3357791	IS_AST_PARENT	
3357788	3357789	IS_AST_PARENT	
3357799	3357800	IS_AST_PARENT	
3357803	3357804	IS_AST_PARENT	
3357803	3357805	IS_AST_PARENT	
3357802	3357803	IS_AST_PARENT	
3357801	3357802	IS_AST_PARENT	
3357801	3357806	IS_AST_PARENT	
3357799	3357801	IS_AST_PARENT	
3357788	3357799	IS_AST_PARENT	
3357787	3357788	IS_AST_PARENT	
3357786	3357787	IS_AST_PARENT	
3357810	3357811	IS_AST_PARENT	
3357809	3357810	IS_AST_PARENT	
3357813	3357814	IS_AST_PARENT	
3357812	3357813	IS_AST_PARENT	
3357815	3357816	IS_AST_PARENT	
3357812	3357815	IS_AST_PARENT	
3357809	3357812	IS_AST_PARENT	
3357808	3357809	IS_AST_PARENT	
3357807	3357808	IS_AST_PARENT	
3357820	3357821	IS_AST_PARENT	
3357820	3357822	IS_AST_PARENT	
3357819	3357820	IS_AST_PARENT	
3357818	3357819	IS_AST_PARENT	
3357818	3357823	IS_AST_PARENT	
3357817	3357818	IS_AST_PARENT	
3357807	3357817	IS_AST_PARENT	
3357824	3357825	IS_AST_PARENT	
3357807	3357824	IS_AST_PARENT	
3357786	3357807	IS_AST_PARENT	
3357830	3357831	IS_AST_PARENT	
3357829	3357830	IS_AST_PARENT	
3357833	3357834	IS_AST_PARENT	
3357832	3357833	IS_AST_PARENT	
3357835	3357836	IS_AST_PARENT	
3357832	3357835	IS_AST_PARENT	
3357829	3357832	IS_AST_PARENT	
3357828	3357829	IS_AST_PARENT	
3357827	3357828	IS_AST_PARENT	
3357826	3357827	IS_AST_PARENT	
3357786	3357826	IS_AST_PARENT	
3357633	3357786	IS_AST_PARENT	
3357840	3357841	IS_AST_PARENT	
3357840	3357842	IS_AST_PARENT	
3357839	3357840	IS_AST_PARENT	
3357838	3357839	IS_AST_PARENT	
3357838	3357843	IS_AST_PARENT	
3357837	3357838	IS_AST_PARENT	
3357633	3357837	IS_AST_PARENT	
3357844	3357845	IS_AST_PARENT	
3357633	3357844	IS_AST_PARENT	
3357632	3357633	IS_AST_PARENT	
3357632	3357846	IS_AST_PARENT	
3357632	3357847	IS_AST_PARENT	
3357849	3357850	IS_AST_PARENT	
3357849	3357851	IS_AST_PARENT	
3357848	3357849	IS_AST_PARENT	
3357632	3357848	IS_AST_PARENT	
3357852	3357849	FLOWS_TO	
3357849	3357634	FLOWS_TO	
3357634	3357638	FLOWS_TO	
3357638	3357647	FLOWS_TO	
3357647	3357655	FLOWS_TO	
3357655	3357676	FLOWS_TO	
3357655	3357701	FLOWS_TO	
3357676	3357692	FLOWS_TO	
3357692	3357699	FLOWS_TO	
3357699	3357853	FLOWS_TO	
3357701	3357708	FLOWS_TO	
3357708	3357736	FLOWS_TO	
3357736	3357754	FLOWS_TO	
3357736	3357787	FLOWS_TO	
3357754	3357777	FLOWS_TO	
3357777	3357784	FLOWS_TO	
3357784	3357853	FLOWS_TO	
3357787	3357808	FLOWS_TO	
3357787	3357828	FLOWS_TO	
3357808	3357817	FLOWS_TO	
3357817	3357824	FLOWS_TO	
3357824	3357853	FLOWS_TO	
3357828	3357837	FLOWS_TO	
3357837	3357844	FLOWS_TO	
3357844	3357853	FLOWS_TO	
3357849	3357854	DEF	
3357701	3357854	USE	
3357705	3357854	USE	
3357701	3357854	DEF	
3357705	3357854	DEF	
3357655	3357855	USE	
3357673	3357855	USE	
3357699	3357855	USE	
3357784	3357855	USE	
3357824	3357855	USE	
3357676	3357856	USE	
3357681	3357856	USE	
3357754	3357856	USE	
3357759	3357856	USE	
3357808	3357856	USE	
3357813	3357856	USE	
3357708	3357857	USE	
3357713	3357857	USE	
3357828	3357857	USE	
3357833	3357857	USE	
3357655	3357858	USE	
3357664	3357858	USE	
3357676	3357858	USE	
3357685	3357858	USE	
3357708	3357858	USE	
3357728	3357858	USE	
3357736	3357858	USE	
3357754	3357858	USE	
3357770	3357858	USE	
3357708	3357859	USE	
3357726	3357859	USE	
3357787	3357859	USE	
3357797	3357859	USE	
3357708	3357860	USE	
3357717	3357860	USE	
3357754	3357860	USE	
3357763	3357860	USE	
3357736	3357861	USE	
3357736	3357862	USE	
3357747	3357862	USE	
3357634	3357863	DEF	
3357635	3357863	DEF	
3357638	3357863	USE	
3357641	3357863	USE	
3357647	3357863	USE	
3357650	3357863	USE	
3357655	3357863	USE	
3357660	3357863	USE	
3357692	3357863	USE	
3357695	3357863	USE	
3357777	3357863	USE	
3357780	3357863	USE	
3357787	3357863	USE	
3357793	3357863	USE	
3357803	3357863	USE	
3357817	3357863	USE	
3357820	3357863	USE	
3357837	3357863	USE	
3357840	3357863	USE	
3357655	3357864	USE	
3357787	3357865	USE	
3357655	3357866	USE	
3357664	3357866	USE	
3357676	3357866	USE	
3357685	3357866	USE	
3357708	3357866	USE	
3357728	3357866	USE	
3357754	3357866	USE	
3357770	3357866	USE	
3357844	3357867	USE	
3357701	3357868	DEF	
3357702	3357868	DEF	
3357708	3357868	USE	
3357722	3357868	USE	
3357724	3357868	USE	
3357736	3357868	USE	
3357745	3357868	USE	
3357754	3357868	USE	
3357768	3357868	USE	
3357787	3357869	USE	
3357638	3357870	USE	
3357645	3357870	USE	
3357736	3357870	USE	
3357751	3357870	USE	
3357655	3357871	USE	
3357667	3357871	USE	
3357676	3357871	USE	
3357688	3357871	USE	
3357708	3357871	USE	
3357731	3357871	USE	
3357736	3357871	USE	
3357741	3357871	USE	
3357754	3357871	USE	
3357773	3357871	USE	
3357634	3357638	REACHES	sock
3357634	3357647	REACHES	sock
3357634	3357655	REACHES	sock
3357634	3357692	REACHES	sock
3357634	3357777	REACHES	sock
3357634	3357787	REACHES	sock
3357634	3357817	REACHES	sock
3357634	3357837	REACHES	sock
3357849	3357701	REACHES	comm
3357701	3357708	REACHES	cmd
3357701	3357736	REACHES	cmd
3357701	3357754	REACHES	cmd
3357852	3357849	CONTROLS	
3357852	3357634	CONTROLS	
3357852	3357638	CONTROLS	
3357852	3357647	CONTROLS	
3357852	3357655	CONTROLS	
3357655	3357676	CONTROLS	
3357655	3357692	CONTROLS	
3357655	3357699	CONTROLS	
3357655	3357701	CONTROLS	
3357655	3357708	CONTROLS	
3357655	3357736	CONTROLS	
3357736	3357754	CONTROLS	
3357736	3357777	CONTROLS	
3357736	3357784	CONTROLS	
3357736	3357787	CONTROLS	
3357787	3357808	CONTROLS	
3357787	3357817	CONTROLS	
3357787	3357824	CONTROLS	
3357787	3357828	CONTROLS	
3357787	3357837	CONTROLS	
3357787	3357844	CONTROLS	
3357736	3357787	DOM	
3357638	3357647	DOM	
3357655	3357676	DOM	
3357808	3357817	DOM	
3357708	3357736	DOM	
3357852	3357852	DOM	
3357817	3357824	DOM	
3357787	3357828	DOM	
3357787	3357808	DOM	
3357676	3357692	DOM	
3357655	3357701	DOM	
3357647	3357655	DOM	
3357849	3357634	DOM	
3357828	3357837	DOM	
3357852	3357849	DOM	
3357692	3357699	DOM	
3357777	3357784	DOM	
3357837	3357844	DOM	
3357655	3357853	DOM	
3357634	3357638	DOM	
3357701	3357708	DOM	
3357736	3357754	DOM	
3357754	3357777	DOM	
3357853	3357787	POST_DOM	
3357655	3357647	POST_DOM	
3357692	3357676	POST_DOM	
3357824	3357817	POST_DOM	
3357853	3357736	POST_DOM	
3357849	3357852	POST_DOM	
3357853	3357824	POST_DOM	
3357837	3357828	POST_DOM	
3357817	3357808	POST_DOM	
3357699	3357692	POST_DOM	
3357708	3357701	POST_DOM	
3357853	3357655	POST_DOM	
3357638	3357634	POST_DOM	
3357844	3357837	POST_DOM	
3357634	3357849	POST_DOM	
3357853	3357699	POST_DOM	
3357853	3357784	POST_DOM	
3357853	3357844	POST_DOM	
3357853	3357853	POST_DOM	
3357647	3357638	POST_DOM	
3357784	3357777	POST_DOM	
3357777	3357754	POST_DOM	
3357736	3357708	POST_DOM	
3357631	3357632	IS_FUNCTION_OF_AST	
3357631	3357852	IS_FUNCTION_OF_CFG	
3355010	3357631	IS_FILE_OF	
3357876	3357877	IS_AST_PARENT	
3357876	3357878	IS_AST_PARENT	
3357879	3357880	IS_AST_PARENT	
3357879	3357881	IS_AST_PARENT	
3357876	3357879	IS_AST_PARENT	
3357875	3357876	IS_AST_PARENT	
3357874	3357875	IS_AST_PARENT	
3357884	3357885	IS_AST_PARENT	
3357884	3357886	IS_AST_PARENT	
3357883	3357884	IS_AST_PARENT	
3357883	3357887	IS_AST_PARENT	
3357882	3357883	IS_AST_PARENT	
3357874	3357882	IS_AST_PARENT	
3357891	3357892	IS_AST_PARENT	
3357891	3357893	IS_AST_PARENT	
3357890	3357891	IS_AST_PARENT	
3357889	3357890	IS_AST_PARENT	
3357895	3357896	IS_AST_PARENT	
3357894	3357895	IS_AST_PARENT	
3357889	3357894	IS_AST_PARENT	
3357888	3357889	IS_AST_PARENT	
3357874	3357888	IS_AST_PARENT	
3357873	3357874	IS_AST_PARENT	
3357873	3357897	IS_AST_PARENT	
3357873	3357898	IS_AST_PARENT	
3357900	3357901	IS_AST_PARENT	
3357900	3357902	IS_AST_PARENT	
3357899	3357900	IS_AST_PARENT	
3357873	3357899	IS_AST_PARENT	
3357903	3357900	FLOWS_TO	
3357900	3357875	FLOWS_TO	
3357875	3357882	FLOWS_TO	
3357882	3357888	FLOWS_TO	
3357888	3357904	FLOWS_TO	
3357882	3357905	DEF	
3357883	3357905	DEF	
3357888	3357906	USE	
3357888	3357907	USE	
3357891	3357907	USE	
3357900	3357908	DEF	
3357882	3357908	USE	
3357883	3357908	USE	
3357875	3357909	DEF	
3357879	3357909	DEF	
3357876	3357909	DEF	
3357882	3357909	USE	
3357884	3357909	USE	
3357888	3357909	USE	
3357895	3357909	USE	
3357900	3357882	REACHES	id
3357875	3357882	REACHES	alloc_id
3357875	3357888	REACHES	alloc_id
3357903	3357900	CONTROLS	
3357903	3357875	CONTROLS	
3357903	3357882	CONTROLS	
3357903	3357888	CONTROLS	
3357903	3357900	DOM	
3357900	3357875	DOM	
3357888	3357904	DOM	
3357903	3357903	DOM	
3357882	3357888	DOM	
3357875	3357882	DOM	
3357904	3357904	POST_DOM	
3357882	3357875	POST_DOM	
3357875	3357900	POST_DOM	
3357900	3357903	POST_DOM	
3357904	3357888	POST_DOM	
3357888	3357882	POST_DOM	
3357872	3357873	IS_FUNCTION_OF_AST	
3357872	3357903	IS_FUNCTION_OF_CFG	
3355010	3357872	IS_FILE_OF	
3357914	3357915	IS_AST_PARENT	
3357914	3357916	IS_AST_PARENT	
3357917	3357918	IS_AST_PARENT	
3357917	3357919	IS_AST_PARENT	
3357914	3357917	IS_AST_PARENT	
3357913	3357914	IS_AST_PARENT	
3357912	3357913	IS_AST_PARENT	
3357922	3357923	IS_AST_PARENT	
3357922	3357924	IS_AST_PARENT	
3357921	3357922	IS_AST_PARENT	
3357921	3357925	IS_AST_PARENT	
3357920	3357921	IS_AST_PARENT	
3357912	3357920	IS_AST_PARENT	
3357929	3357930	IS_AST_PARENT	
3357929	3357931	IS_AST_PARENT	
3357928	3357929	IS_AST_PARENT	
3357927	3357928	IS_AST_PARENT	
3357933	3357934	IS_AST_PARENT	
3357932	3357933	IS_AST_PARENT	
3357927	3357932	IS_AST_PARENT	
3357926	3357927	IS_AST_PARENT	
3357912	3357926	IS_AST_PARENT	
3357911	3357912	IS_AST_PARENT	
3357911	3357935	IS_AST_PARENT	
3357911	3357936	IS_AST_PARENT	
3357938	3357939	IS_AST_PARENT	
3357938	3357940	IS_AST_PARENT	
3357937	3357938	IS_AST_PARENT	
3357911	3357937	IS_AST_PARENT	
3357941	3357938	FLOWS_TO	
3357938	3357913	FLOWS_TO	
3357913	3357920	FLOWS_TO	
3357920	3357926	FLOWS_TO	
3357926	3357942	FLOWS_TO	
3357926	3357943	USE	
3357929	3357943	USE	
3357920	3357944	DEF	
3357921	3357944	DEF	
3357926	3357945	USE	
3357938	3357946	DEF	
3357920	3357946	USE	
3357921	3357946	USE	
3357913	3357947	DEF	
3357917	3357947	DEF	
3357914	3357947	DEF	
3357920	3357947	USE	
3357922	3357947	USE	
3357926	3357947	USE	
3357933	3357947	USE	
3357938	3357920	REACHES	id
3357913	3357920	REACHES	alloc_id
3357913	3357926	REACHES	alloc_id
3357941	3357938	CONTROLS	
3357941	3357913	CONTROLS	
3357941	3357920	CONTROLS	
3357941	3357926	CONTROLS	
3357938	3357913	DOM	
3357920	3357926	DOM	
3357926	3357942	DOM	
3357941	3357938	DOM	
3357913	3357920	DOM	
3357941	3357941	DOM	
3357920	3357913	POST_DOM	
3357942	3357942	POST_DOM	
3357942	3357926	POST_DOM	
3357913	3357938	POST_DOM	
3357926	3357920	POST_DOM	
3357938	3357941	POST_DOM	
3357910	3357911	IS_FUNCTION_OF_AST	
3357910	3357941	IS_FUNCTION_OF_CFG	
3355010	3357910	IS_FILE_OF	
3357952	3357953	IS_AST_PARENT	
3357952	3357954	IS_AST_PARENT	
3357951	3357952	IS_AST_PARENT	
3357950	3357951	IS_AST_PARENT	
3357956	3357957	IS_AST_PARENT	
3357956	3357958	IS_AST_PARENT	
3357959	3357960	IS_AST_PARENT	
3357959	3357961	IS_AST_PARENT	
3357956	3357959	IS_AST_PARENT	
3357955	3357956	IS_AST_PARENT	
3357950	3357955	IS_AST_PARENT	
3357963	3357964	IS_AST_PARENT	
3357963	3357965	IS_AST_PARENT	
3357966	3357967	IS_AST_PARENT	
3357966	3357968	IS_AST_PARENT	
3357963	3357966	IS_AST_PARENT	
3357962	3357963	IS_AST_PARENT	
3357950	3357962	IS_AST_PARENT	
3357972	3357973	IS_AST_PARENT	
3357972	3357974	IS_AST_PARENT	
3357971	3357972	IS_AST_PARENT	
3357970	3357971	IS_AST_PARENT	
3357976	3357977	IS_AST_PARENT	
3357975	3357976	IS_AST_PARENT	
3357970	3357975	IS_AST_PARENT	
3357969	3357970	IS_AST_PARENT	
3357950	3357969	IS_AST_PARENT	
3357979	3357980	IS_AST_PARENT	
3357984	3357985	IS_AST_PARENT	
3357984	3357986	IS_AST_PARENT	
3357983	3357984	IS_AST_PARENT	
3357982	3357983	IS_AST_PARENT	
3357982	3357987	IS_AST_PARENT	
3357981	3357982	IS_AST_PARENT	
3357981	3357988	IS_AST_PARENT	
3357979	3357981	IS_AST_PARENT	
3357978	3357979	IS_AST_PARENT	
3357950	3357978	IS_AST_PARENT	
3357990	3357991	IS_AST_PARENT	
3357990	3357992	IS_AST_PARENT	
3357989	3357990	IS_AST_PARENT	
3357950	3357989	IS_AST_PARENT	
3357996	3357997	IS_AST_PARENT	
3357996	3357998	IS_AST_PARENT	
3357995	3357996	IS_AST_PARENT	
3357994	3357995	IS_AST_PARENT	
3357994	3357999	IS_AST_PARENT	
3357993	3357994	IS_AST_PARENT	
3357950	3357993	IS_AST_PARENT	
3358001	3358002	IS_AST_PARENT	
3358001	3358003	IS_AST_PARENT	
3358006	3358007	IS_AST_PARENT	
3358006	3358008	IS_AST_PARENT	
3358005	3358006	IS_AST_PARENT	
3358004	3358005	IS_AST_PARENT	
3358004	3358009	IS_AST_PARENT	
3358001	3358004	IS_AST_PARENT	
3358000	3358001	IS_AST_PARENT	
3357950	3358000	IS_AST_PARENT	
3358012	3358013	IS_AST_PARENT	
3358011	3358012	IS_AST_PARENT	
3358019	3358020	IS_AST_PARENT	
3358019	3358021	IS_AST_PARENT	
3358018	3358019	IS_AST_PARENT	
3358017	3358018	IS_AST_PARENT	
3358017	3358022	IS_AST_PARENT	
3358016	3358017	IS_AST_PARENT	
3358025	3358026	IS_AST_PARENT	
3358025	3358027	IS_AST_PARENT	
3358024	3358025	IS_AST_PARENT	
3358023	3358024	IS_AST_PARENT	
3358023	3358028	IS_AST_PARENT	
3358016	3358023	IS_AST_PARENT	
3358015	3358016	IS_AST_PARENT	
3358014	3358015	IS_AST_PARENT	
3358011	3358014	IS_AST_PARENT	
3358010	3358011	IS_AST_PARENT	
3357950	3358010	IS_AST_PARENT	
3358030	3358031	IS_AST_PARENT	
3358030	3358032	IS_AST_PARENT	
3358033	3358034	IS_AST_PARENT	
3358033	3358035	IS_AST_PARENT	
3358030	3358033	IS_AST_PARENT	
3358029	3358030	IS_AST_PARENT	
3357950	3358029	IS_AST_PARENT	
3358038	3358039	IS_AST_PARENT	
3358042	3358043	IS_AST_PARENT	
3358042	3358044	IS_AST_PARENT	
3358041	3358042	IS_AST_PARENT	
3358040	3358041	IS_AST_PARENT	
3358040	3358045	IS_AST_PARENT	
3358038	3358040	IS_AST_PARENT	
3358037	3358038	IS_AST_PARENT	
3358036	3358037	IS_AST_PARENT	
3358048	3358049	IS_AST_PARENT	
3358048	3358050	IS_AST_PARENT	
3358051	3358052	IS_AST_PARENT	
3358054	3358055	IS_AST_PARENT	
3358053	3358054	IS_AST_PARENT	
3358057	3358058	IS_AST_PARENT	
3358056	3358057	IS_AST_PARENT	
3358053	3358056	IS_AST_PARENT	
3358051	3358053	IS_AST_PARENT	
3358048	3358051	IS_AST_PARENT	
3358047	3358048	IS_AST_PARENT	
3358046	3358047	IS_AST_PARENT	
3358046	3358059	IS_AST_PARENT	
3358046	3358060	IS_AST_PARENT	
3358046	3358061	IS_AST_PARENT	
3358046	3358062	IS_AST_PARENT	
3358046	3358063	IS_AST_PARENT	
3358046	3358064	IS_AST_PARENT	
3358046	3358065	IS_AST_PARENT	
3358046	3358066	IS_AST_PARENT	
3358046	3358067	IS_AST_PARENT	
3358046	3358068	IS_AST_PARENT	
3358046	3358069	IS_AST_PARENT	
3358046	3358070	IS_AST_PARENT	
3358046	3358071	IS_AST_PARENT	
3358046	3358072	IS_AST_PARENT	
3358046	3358073	IS_AST_PARENT	
3358046	3358074	IS_AST_PARENT	
3358077	3358078	IS_AST_PARENT	
3358077	3358079	IS_AST_PARENT	
3358076	3358077	IS_AST_PARENT	
3358075	3358076	IS_AST_PARENT	
3358083	3358084	IS_AST_PARENT	
3358082	3358083	IS_AST_PARENT	
3358086	3358087	IS_AST_PARENT	
3358085	3358086	IS_AST_PARENT	
3358088	3358089	IS_AST_PARENT	
3358085	3358088	IS_AST_PARENT	
3358093	3358094	IS_AST_PARENT	
3358093	3358095	IS_AST_PARENT	
3358092	3358093	IS_AST_PARENT	
3358091	3358092	IS_AST_PARENT	
3358091	3358096	IS_AST_PARENT	
3358090	3358091	IS_AST_PARENT	
3358085	3358090	IS_AST_PARENT	
3358082	3358085	IS_AST_PARENT	
3358081	3358082	IS_AST_PARENT	
3358080	3358081	IS_AST_PARENT	
3358099	3358100	IS_AST_PARENT	
3358098	3358099	IS_AST_PARENT	
3358102	3358103	IS_AST_PARENT	
3358101	3358102	IS_AST_PARENT	
3358104	3358105	IS_AST_PARENT	
3358101	3358104	IS_AST_PARENT	
3358106	3358107	IS_AST_PARENT	
3358101	3358106	IS_AST_PARENT	
3358098	3358101	IS_AST_PARENT	
3358097	3358098	IS_AST_PARENT	
3358080	3358097	IS_AST_PARENT	
3358110	3358111	IS_AST_PARENT	
3358109	3358110	IS_AST_PARENT	
3358113	3358114	IS_AST_PARENT	
3358112	3358113	IS_AST_PARENT	
3358109	3358112	IS_AST_PARENT	
3358108	3358109	IS_AST_PARENT	
3358080	3358108	IS_AST_PARENT	
3358080	3358115	IS_AST_PARENT	
3358075	3358080	IS_AST_PARENT	
3358046	3358075	IS_AST_PARENT	
3358119	3358120	IS_AST_PARENT	
3358119	3358121	IS_AST_PARENT	
3358118	3358119	IS_AST_PARENT	
3358117	3358118	IS_AST_PARENT	
3358123	3358124	IS_AST_PARENT	
3358122	3358123	IS_AST_PARENT	
3358117	3358122	IS_AST_PARENT	
3358116	3358117	IS_AST_PARENT	
3358046	3358116	IS_AST_PARENT	
3358129	3358130	IS_AST_PARENT	
3358129	3358131	IS_AST_PARENT	
3358128	3358129	IS_AST_PARENT	
3358127	3358128	IS_AST_PARENT	
3358135	3358136	IS_AST_PARENT	
3358134	3358135	IS_AST_PARENT	
3358138	3358139	IS_AST_PARENT	
3358137	3358138	IS_AST_PARENT	
3358134	3358137	IS_AST_PARENT	
3358133	3358134	IS_AST_PARENT	
3358132	3358133	IS_AST_PARENT	
3358127	3358132	IS_AST_PARENT	
3358126	3358127	IS_AST_PARENT	
3358125	3358126	IS_AST_PARENT	
3358142	3358143	IS_AST_PARENT	
3358142	3358144	IS_AST_PARENT	
3358141	3358142	IS_AST_PARENT	
3358140	3358141	IS_AST_PARENT	
3358146	3358147	IS_AST_PARENT	
3358146	3358148	IS_AST_PARENT	
3358145	3358146	IS_AST_PARENT	
3358140	3358145	IS_AST_PARENT	
3358151	3358152	IS_AST_PARENT	
3358153	3358154	IS_AST_PARENT	
3358158	3358159	IS_AST_PARENT	
3358158	3358160	IS_AST_PARENT	
3358157	3358158	IS_AST_PARENT	
3358156	3358157	IS_AST_PARENT	
3358156	3358161	IS_AST_PARENT	
3358155	3358156	IS_AST_PARENT	
3358155	3358162	IS_AST_PARENT	
3358153	3358155	IS_AST_PARENT	
3358151	3358153	IS_AST_PARENT	
3358150	3358151	IS_AST_PARENT	
3358149	3358150	IS_AST_PARENT	
3358165	3358166	IS_AST_PARENT	
3358165	3358167	IS_AST_PARENT	
3358164	3358165	IS_AST_PARENT	
3358163	3358164	IS_AST_PARENT	
3358149	3358163	IS_AST_PARENT	
3358140	3358149	IS_AST_PARENT	
3358125	3358140	IS_AST_PARENT	
3358173	3358174	IS_AST_PARENT	
3358173	3358175	IS_AST_PARENT	
3358172	3358173	IS_AST_PARENT	
3358171	3358172	IS_AST_PARENT	
3358177	3358178	IS_AST_PARENT	
3358176	3358177	IS_AST_PARENT	
3358171	3358176	IS_AST_PARENT	
3358170	3358171	IS_AST_PARENT	
3358169	3358170	IS_AST_PARENT	
3358168	3358169	IS_AST_PARENT	
3358125	3358168	IS_AST_PARENT	
3358046	3358125	IS_AST_PARENT	
3358181	3358182	IS_AST_PARENT	
3358180	3358181	IS_AST_PARENT	
3358184	3358185	IS_AST_PARENT	
3358183	3358184	IS_AST_PARENT	
3358180	3358183	IS_AST_PARENT	
3358179	3358180	IS_AST_PARENT	
3358046	3358179	IS_AST_PARENT	
3358187	3358188	IS_AST_PARENT	
3358187	3358189	IS_AST_PARENT	
3358186	3358187	IS_AST_PARENT	
3358046	3358186	IS_AST_PARENT	
3358036	3358046	IS_AST_PARENT	
3357950	3358036	IS_AST_PARENT	
3358192	3358193	IS_AST_PARENT	
3358192	3358194	IS_AST_PARENT	
3358191	3358192	IS_AST_PARENT	
3358190	3358191	IS_AST_PARENT	
3358197	3358198	IS_AST_PARENT	
3358197	3358199	IS_AST_PARENT	
3358197	3358200	IS_AST_PARENT	
3358196	3358197	IS_AST_PARENT	
3358195	3358196	IS_AST_PARENT	
3358195	3358201	IS_AST_PARENT	
3358195	3358202	IS_AST_PARENT	
3358195	3358203	IS_AST_PARENT	
3358195	3358204	IS_AST_PARENT	
3358195	3358205	IS_AST_PARENT	
3358195	3358206	IS_AST_PARENT	
3358195	3358207	IS_AST_PARENT	
3358195	3358208	IS_AST_PARENT	
3358195	3358209	IS_AST_PARENT	
3358195	3358210	IS_AST_PARENT	
3358195	3358211	IS_AST_PARENT	
3358195	3358212	IS_AST_PARENT	
3358195	3358213	IS_AST_PARENT	
3358195	3358214	IS_AST_PARENT	
3358195	3358215	IS_AST_PARENT	
3358195	3358216	IS_AST_PARENT	
3358195	3358217	IS_AST_PARENT	
3358195	3358218	IS_AST_PARENT	
3358195	3358219	IS_AST_PARENT	
3358195	3358220	IS_AST_PARENT	
3358195	3358221	IS_AST_PARENT	
3358224	3358225	IS_AST_PARENT	
3358223	3358224	IS_AST_PARENT	
3358227	3358228	IS_AST_PARENT	
3358226	3358227	IS_AST_PARENT	
3358223	3358226	IS_AST_PARENT	
3358222	3358223	IS_AST_PARENT	
3358195	3358222	IS_AST_PARENT	
3358190	3358195	IS_AST_PARENT	
3357950	3358190	IS_AST_PARENT	
3358229	3358230	IS_AST_PARENT	
3357950	3358229	IS_AST_PARENT	
3357949	3357950	IS_AST_PARENT	
3357949	3358231	IS_AST_PARENT	
3357949	3358232	IS_AST_PARENT	
3358234	3358235	IS_AST_PARENT	
3358234	3358236	IS_AST_PARENT	
3358233	3358234	IS_AST_PARENT	
3358237	3358238	IS_AST_PARENT	
3358237	3358239	IS_AST_PARENT	
3358233	3358237	IS_AST_PARENT	
3358240	3358241	IS_AST_PARENT	
3358240	3358242	IS_AST_PARENT	
3358233	3358240	IS_AST_PARENT	
3358243	3358244	IS_AST_PARENT	
3358243	3358245	IS_AST_PARENT	
3358233	3358243	IS_AST_PARENT	
3358246	3358247	IS_AST_PARENT	
3358246	3358248	IS_AST_PARENT	
3358233	3358246	IS_AST_PARENT	
3357949	3358233	IS_AST_PARENT	
3358249	3358234	FLOWS_TO	
3358234	3358237	FLOWS_TO	
3358237	3358240	FLOWS_TO	
3358240	3358243	FLOWS_TO	
3358243	3358246	FLOWS_TO	
3358246	3357951	FLOWS_TO	
3357951	3357955	FLOWS_TO	
3357955	3357962	FLOWS_TO	
3357962	3357969	FLOWS_TO	
3357969	3357978	FLOWS_TO	
3357978	3357989	FLOWS_TO	
3357989	3357993	FLOWS_TO	
3357993	3358000	FLOWS_TO	
3358000	3358010	FLOWS_TO	
3358010	3358029	FLOWS_TO	
3358029	3358037	FLOWS_TO	
3358037	3358047	FLOWS_TO	
3358037	3358191	FLOWS_TO	
3358047	3358059	FLOWS_TO	
3358059	3358060	FLOWS_TO	
3358060	3358061	FLOWS_TO	
3358061	3358062	FLOWS_TO	
3358062	3358063	FLOWS_TO	
3358063	3358064	FLOWS_TO	
3358064	3358065	FLOWS_TO	
3358065	3358066	FLOWS_TO	
3358066	3358067	FLOWS_TO	
3358067	3358068	FLOWS_TO	
3358068	3358069	FLOWS_TO	
3358069	3358070	FLOWS_TO	
3358070	3358071	FLOWS_TO	
3358071	3358072	FLOWS_TO	
3358072	3358073	FLOWS_TO	
3358073	3358074	FLOWS_TO	
3358074	3358076	FLOWS_TO	
3358076	3358081	FLOWS_TO	
3358076	3358116	FLOWS_TO	
3358081	3358097	FLOWS_TO	
3358097	3358108	FLOWS_TO	
3358108	3358115	FLOWS_TO	
3358115	3358037	FLOWS_TO	
3358116	3358126	FLOWS_TO	
3358126	3358141	FLOWS_TO	
3358126	3358170	FLOWS_TO	
3358141	3358145	FLOWS_TO	
3358145	3358150	FLOWS_TO	
3358150	3358164	FLOWS_TO	
3358150	3358179	FLOWS_TO	
3358164	3358179	FLOWS_TO	
3358170	3358179	FLOWS_TO	
3358179	3358186	FLOWS_TO	
3358186	3358037	FLOWS_TO	
3358191	3358196	FLOWS_TO	
3358191	3358229	FLOWS_TO	
3358196	3358201	FLOWS_TO	
3358201	3358202	FLOWS_TO	
3358202	3358203	FLOWS_TO	
3358203	3358204	FLOWS_TO	
3358204	3358205	FLOWS_TO	
3358205	3358206	FLOWS_TO	
3358206	3358207	FLOWS_TO	
3358207	3358208	FLOWS_TO	
3358208	3358209	FLOWS_TO	
3358209	3358210	FLOWS_TO	
3358210	3358211	FLOWS_TO	
3358211	3358212	FLOWS_TO	
3358212	3358213	FLOWS_TO	
3358213	3358214	FLOWS_TO	
3358214	3358215	FLOWS_TO	
3358215	3358216	FLOWS_TO	
3358216	3358217	FLOWS_TO	
3358217	3358218	FLOWS_TO	
3358218	3358219	FLOWS_TO	
3358219	3358220	FLOWS_TO	
3358220	3358221	FLOWS_TO	
3358221	3358222	FLOWS_TO	
3358222	3358229	FLOWS_TO	
3358229	3358250	FLOWS_TO	
3358047	3358251	USE	
3358051	3358251	USE	
3358081	3358252	USE	
3358090	3358252	USE	
3358240	3358253	DEF	
3358170	3358253	USE	
3358173	3358253	USE	
3358000	3358254	DEF	
3358001	3358254	DEF	
3358010	3358254	USE	
3358025	3358254	USE	
3358015	3358254	USE	
3358126	3358254	USE	
3358129	3358254	USE	
3358037	3358255	USE	
3358038	3358255	USE	
3358000	3358256	USE	
3358006	3358256	USE	
3358010	3358256	USE	
3358019	3358256	USE	
3358081	3358256	USE	
3358093	3358256	USE	
3358126	3358257	USE	
3358133	3358257	USE	
3358029	3358258	DEF	
3358030	3358258	DEF	
3358141	3358258	DEF	
3358142	3358258	DEF	
3358191	3358258	USE	
3357951	3358259	DEF	
3357952	3358259	DEF	
3357969	3358259	USE	
3357972	3358259	USE	
3357978	3358259	USE	
3357984	3358259	USE	
3357979	3358259	USE	
3357993	3358259	USE	
3357996	3358259	USE	
3358037	3358259	USE	
3358038	3358259	USE	
3358042	3358259	USE	
3358150	3358259	USE	
3358158	3358259	USE	
3357978	3358260	USE	
3357979	3358260	USE	
3358150	3358260	USE	
3358237	3358261	DEF	
3358150	3358261	USE	
3358243	3358262	DEF	
3358116	3358262	USE	
3358119	3358262	USE	
3358010	3358263	USE	
3358015	3358263	USE	
3358047	3358264	DEF	
3358051	3358264	DEF	
3358048	3358264	DEF	
3358076	3358264	USE	
3358116	3358264	USE	
3358123	3358264	USE	
3358126	3358264	USE	
3358138	3358264	USE	
3358170	3358264	USE	
3358177	3358264	USE	
3358179	3358264	USE	
3358184	3358264	USE	
3358076	3358265	USE	
3357989	3358266	DEF	
3357990	3358266	DEF	
3358037	3358266	DEF	
3358038	3358266	DEF	
3358047	3358266	USE	
3358057	3358266	USE	
3358097	3358266	USE	
3358106	3358266	USE	
3357962	3358267	USE	
3357966	3358267	USE	
3357962	3358267	DEF	
3357966	3358267	DEF	
3358029	3358267	DEF	
3358033	3358267	DEF	
3358029	3358267	USE	
3358033	3358267	USE	
3358081	3358268	USE	
3358086	3358268	USE	
3358097	3358268	USE	
3358102	3358268	USE	
3357955	3358269	DEF	
3357959	3358269	DEF	
3357956	3358269	DEF	
3357978	3358269	DEF	
3357979	3358269	DEF	
3358145	3358269	USE	
3358146	3358269	USE	
3358150	3358269	USE	
3358186	3358269	USE	
3358187	3358269	USE	
3358186	3358269	DEF	
3358187	3358269	DEF	
3358126	3358270	USE	
3358234	3358271	DEF	
3357969	3358271	USE	
3357976	3358271	USE	
3358196	3358272	DEF	
3358197	3358272	DEF	
3358222	3358272	USE	
3358227	3358272	USE	
3358010	3358273	USE	
3358015	3358273	USE	
3358010	3358274	USE	
3358015	3358274	USE	
3358081	3358274	USE	
3358090	3358274	USE	
3358246	3358275	DEF	
3358145	3358275	DEF	
3358146	3358275	DEF	
3358141	3358276	USE	
3358142	3358276	USE	
3358164	3358276	USE	
3358165	3358276	USE	
3357962	3358277	DEF	
3357963	3358277	DEF	
3358164	3358277	DEF	
3358165	3358277	DEF	
3358229	3358277	USE	
3358000	3358010	REACHES	my_addr
3358000	3358126	REACHES	my_addr
3358240	3358170	REACHES	otherIps
3358141	3358191	REACHES	iAmPresent
3358029	3358191	REACHES	iAmPresent
3357951	3357969	REACHES	had_list
3357951	3357978	REACHES	had_list
3357951	3357993	REACHES	had_list
3357951	3358037	REACHES	had_list
3357951	3358150	REACHES	had_list
3358243	3358116	REACHES	allIps
3358237	3358150	REACHES	usePrimary
3358047	3358076	REACHES	sinful_addr
3358047	3358116	REACHES	sinful_addr
3358047	3358126	REACHES	sinful_addr
3358047	3358170	REACHES	sinful_addr
3358047	3358179	REACHES	sinful_addr
3358037	3358047	REACHES	try_address
3358037	3358097	REACHES	try_address
3357962	3358029	REACHES	false
3357978	3358145	REACHES	counter
3358186	3358145	REACHES	counter
3357978	3358150	REACHES	counter
3358186	3358150	REACHES	counter
3357978	3358186	REACHES	counter
3358186	3358186	REACHES	counter
3358234	3357969	REACHES	str
3358196	3358222	REACHES	buf
3357962	3358229	REACHES	isPrimaryCopy
3358164	3358229	REACHES	isPrimaryCopy
3358249	3358234	CONTROLS	
3358249	3358237	CONTROLS	
3358249	3358240	CONTROLS	
3358249	3358243	CONTROLS	
3358249	3358246	CONTROLS	
3358249	3357951	CONTROLS	
3358249	3357955	CONTROLS	
3358249	3357962	CONTROLS	
3358249	3357969	CONTROLS	
3358249	3357978	CONTROLS	
3358249	3357989	CONTROLS	
3358249	3357993	CONTROLS	
3358249	3358000	CONTROLS	
3358249	3358010	CONTROLS	
3358249	3358029	CONTROLS	
3358249	3358037	CONTROLS	
3358249	3358191	CONTROLS	
3358249	3358229	CONTROLS	
3358037	3358047	CONTROLS	
3358037	3358059	CONTROLS	
3358037	3358060	CONTROLS	
3358037	3358061	CONTROLS	
3358037	3358062	CONTROLS	
3358037	3358063	CONTROLS	
3358037	3358064	CONTROLS	
3358037	3358065	CONTROLS	
3358037	3358066	CONTROLS	
3358037	3358067	CONTROLS	
3358037	3358068	CONTROLS	
3358037	3358069	CONTROLS	
3358037	3358070	CONTROLS	
3358037	3358071	CONTROLS	
3358037	3358072	CONTROLS	
3358037	3358073	CONTROLS	
3358037	3358074	CONTROLS	
3358037	3358076	CONTROLS	
3358076	3358081	CONTROLS	
3358076	3358097	CONTROLS	
3358076	3358108	CONTROLS	
3358076	3358115	CONTROLS	
3358076	3358116	CONTROLS	
3358076	3358126	CONTROLS	
3358076	3358179	CONTROLS	
3358076	3358186	CONTROLS	
3358126	3358141	CONTROLS	
3358126	3358145	CONTROLS	
3358126	3358150	CONTROLS	
3358126	3358170	CONTROLS	
3358150	3358164	CONTROLS	
3358191	3358196	CONTROLS	
3358191	3358201	CONTROLS	
3358191	3358202	CONTROLS	
3358191	3358203	CONTROLS	
3358191	3358204	CONTROLS	
3358191	3358205	CONTROLS	
3358191	3358206	CONTROLS	
3358191	3358207	CONTROLS	
3358191	3358208	CONTROLS	
3358191	3358209	CONTROLS	
3358191	3358210	CONTROLS	
3358191	3358211	CONTROLS	
3358191	3358212	CONTROLS	
3358191	3358213	CONTROLS	
3358191	3358214	CONTROLS	
3358191	3358215	CONTROLS	
3358191	3358216	CONTROLS	
3358191	3358217	CONTROLS	
3358191	3358218	CONTROLS	
3358191	3358219	CONTROLS	
3358191	3358220	CONTROLS	
3358191	3358221	CONTROLS	
3358191	3358222	CONTROLS	
3358072	3358073	DOM	
3357951	3357955	DOM	
3358150	3358164	DOM	
3358207	3358208	DOM	
3358179	3358186	DOM	
3358073	3358074	DOM	
3358191	3358196	DOM	
3358059	3358060	DOM	
3358076	3358081	DOM	
3358068	3358069	DOM	
3358081	3358097	DOM	
3358204	3358205	DOM	
3358074	3358076	DOM	
3358126	3358141	DOM	
3357962	3357969	DOM	
3358240	3358243	DOM	
3358060	3358061	DOM	
3358126	3358170	DOM	
3358249	3358234	DOM	
3358066	3358067	DOM	
3358116	3358126	DOM	
3357989	3357993	DOM	
3358065	3358066	DOM	
3358201	3358202	DOM	
3358067	3358068	DOM	
3358206	3358207	DOM	
3358191	3358229	DOM	
3358062	3358063	DOM	
3358214	3358215	DOM	
3358229	3358250	DOM	
3358217	3358218	DOM	
3358213	3358214	DOM	
3357978	3357989	DOM	
3358126	3358179	DOM	
3358076	3358116	DOM	
3358211	3358212	DOM	
3358000	3358010	DOM	
3358237	3358240	DOM	
3358061	3358062	DOM	
3358141	3358145	DOM	
3358234	3358237	DOM	
3358210	3358211	DOM	
3358220	3358221	DOM	
3358209	3358210	DOM	
3357955	3357962	DOM	
3358196	3358201	DOM	
3358219	3358220	DOM	
3358037	3358047	DOM	
3358029	3358037	DOM	
3358071	3358072	DOM	
3357969	3357978	DOM	
3358070	3358071	DOM	
3358216	3358217	DOM	
3358246	3357951	DOM	
3358145	3358150	DOM	
3358108	3358115	DOM	
3358243	3358246	DOM	
3357993	3358000	DOM	
3358218	3358219	DOM	
3358203	3358204	DOM	
3358202	3358203	DOM	
3358047	3358059	DOM	
3358208	3358209	DOM	
3358212	3358213	DOM	
3358215	3358216	DOM	
3358221	3358222	DOM	
3358205	3358206	DOM	
3358069	3358070	DOM	
3358249	3358249	DOM	
3358064	3358065	DOM	
3358097	3358108	DOM	
3358063	3358064	DOM	
3358010	3358029	DOM	
3358037	3358191	DOM	
3358074	3358073	POST_DOM	
3357962	3357955	POST_DOM	
3358179	3358164	POST_DOM	
3358209	3358208	POST_DOM	
3358037	3358186	POST_DOM	
3358076	3358074	POST_DOM	
3358201	3358196	POST_DOM	
3358097	3358081	POST_DOM	
3358061	3358060	POST_DOM	
3358108	3358097	POST_DOM	
3358070	3358069	POST_DOM	
3358206	3358205	POST_DOM	
3358037	3358076	POST_DOM	
3358145	3358141	POST_DOM	
3357978	3357969	POST_DOM	
3358246	3358243	POST_DOM	
3358062	3358061	POST_DOM	
3358179	3358170	POST_DOM	
3358237	3358234	POST_DOM	
3358068	3358067	POST_DOM	
3358179	3358126	POST_DOM	
3358000	3357993	POST_DOM	
3358067	3358066	POST_DOM	
3358203	3358202	POST_DOM	
3358069	3358068	POST_DOM	
3358208	3358207	POST_DOM	
3358250	3358229	POST_DOM	
3358064	3358063	POST_DOM	
3358216	3358215	POST_DOM	
3358250	3358250	POST_DOM	
3358219	3358218	POST_DOM	
3358215	3358214	POST_DOM	
3357993	3357989	POST_DOM	
3358186	3358179	POST_DOM	
3358126	3358116	POST_DOM	
3358213	3358212	POST_DOM	
3358029	3358010	POST_DOM	
3358243	3358240	POST_DOM	
3358063	3358062	POST_DOM	
3358150	3358145	POST_DOM	
3358240	3358237	POST_DOM	
3358212	3358211	POST_DOM	
3358222	3358221	POST_DOM	
3358211	3358210	POST_DOM	
3357969	3357962	POST_DOM	
3358202	3358201	POST_DOM	
3358221	3358220	POST_DOM	
3358059	3358047	POST_DOM	
3358191	3358037	POST_DOM	
3358073	3358072	POST_DOM	
3357989	3357978	POST_DOM	
3358072	3358071	POST_DOM	
3358218	3358217	POST_DOM	
3357955	3357951	POST_DOM	
3358179	3358150	POST_DOM	
3358037	3358115	POST_DOM	
3358010	3358000	POST_DOM	
3357951	3358246	POST_DOM	
3358220	3358219	POST_DOM	
3358205	3358204	POST_DOM	
3358204	3358203	POST_DOM	
3358060	3358059	POST_DOM	
3358210	3358209	POST_DOM	
3358214	3358213	POST_DOM	
3358217	3358216	POST_DOM	
3358229	3358222	POST_DOM	
3358207	3358206	POST_DOM	
3358071	3358070	POST_DOM	
3358234	3358249	POST_DOM	
3358115	3358108	POST_DOM	
3358066	3358065	POST_DOM	
3358065	3358064	POST_DOM	
3358037	3358029	POST_DOM	
3358229	3358191	POST_DOM	
3357948	3357949	IS_FUNCTION_OF_AST	
3357948	3358249	IS_FUNCTION_OF_CFG	
3355010	3357948	IS_FILE_OF	
3358282	3358283	IS_AST_PARENT	
3358282	3358284	IS_AST_PARENT	
3358281	3358282	IS_AST_PARENT	
3358280	3358281	IS_AST_PARENT	
3358288	3358289	IS_AST_PARENT	
3358288	3358290	IS_AST_PARENT	
3358287	3358288	IS_AST_PARENT	
3358286	3358287	IS_AST_PARENT	
3358286	3358291	IS_AST_PARENT	
3358285	3358286	IS_AST_PARENT	
3358280	3358285	IS_AST_PARENT	
3358296	3358297	IS_AST_PARENT	
3358296	3358298	IS_AST_PARENT	
3358295	3358296	IS_AST_PARENT	
3358294	3358295	IS_AST_PARENT	
3358300	3358301	IS_AST_PARENT	
3358299	3358300	IS_AST_PARENT	
3358294	3358299	IS_AST_PARENT	
3358293	3358294	IS_AST_PARENT	
3358292	3358293	IS_AST_PARENT	
3358305	3358306	IS_AST_PARENT	
3358305	3358307	IS_AST_PARENT	
3358304	3358305	IS_AST_PARENT	
3358303	3358304	IS_AST_PARENT	
3358309	3358310	IS_AST_PARENT	
3358308	3358309	IS_AST_PARENT	
3358303	3358308	IS_AST_PARENT	
3358302	3358303	IS_AST_PARENT	
3358292	3358302	IS_AST_PARENT	
3358280	3358292	IS_AST_PARENT	
3358311	3358312	IS_AST_PARENT	
3358280	3358311	IS_AST_PARENT	
3358279	3358280	IS_AST_PARENT	
3358279	3358313	IS_AST_PARENT	
3358279	3358314	IS_AST_PARENT	
3358316	3358317	IS_AST_PARENT	
3358316	3358318	IS_AST_PARENT	
3358315	3358316	IS_AST_PARENT	
3358279	3358315	IS_AST_PARENT	
3358319	3358316	FLOWS_TO	
3358316	3358281	FLOWS_TO	
3358281	3358285	FLOWS_TO	
3358285	3358293	FLOWS_TO	
3358293	3358304	FLOWS_TO	
3358293	3358311	FLOWS_TO	
3358304	3358309	FLOWS_TO	
3358304	3358293	FLOWS_TO	
3358309	3358320	FLOWS_TO	
3358311	3358320	FLOWS_TO	
3358293	3358321	USE	
3358293	3358322	USE	
3358304	3358323	USE	
3358309	3358324	USE	
3358311	3358325	USE	
3358281	3358326	DEF	
3358282	3358326	DEF	
3358293	3358326	USE	
3358300	3358326	USE	
3358304	3358326	USE	
3358316	3358327	DEF	
3358285	3358327	USE	
3358288	3358327	USE	
3358293	3358327	USE	
3358296	3358327	USE	
3358281	3358293	REACHES	id
3358281	3358304	REACHES	id
3358316	3358285	REACHES	list
3358316	3358293	REACHES	list
3358319	3358316	CONTROLS	
3358319	3358281	CONTROLS	
3358319	3358285	CONTROLS	
3358319	3358293	CONTROLS	
3358293	3358304	CONTROLS	
3358293	3358311	CONTROLS	
3358304	3358309	CONTROLS	
3358304	3358293	CONTROLS	
3358316	3358281	DOM	
3358293	3358304	DOM	
3358304	3358309	DOM	
3358293	3358320	DOM	
3358293	3358311	DOM	
3358319	3358316	DOM	
3358285	3358293	DOM	
3358281	3358285	DOM	
3358319	3358319	DOM	
3358320	3358304	POST_DOM	
3358285	3358281	POST_DOM	
3358320	3358309	POST_DOM	
3358320	3358320	POST_DOM	
3358320	3358311	POST_DOM	
3358320	3358293	POST_DOM	
3358281	3358316	POST_DOM	
3358293	3358285	POST_DOM	
3358316	3358319	POST_DOM	
3358278	3358279	IS_FUNCTION_OF_AST	
3358278	3358319	IS_FUNCTION_OF_CFG	
3355010	3358278	IS_FILE_OF	
3358332	3358333	IS_AST_PARENT	
3358332	3358334	IS_AST_PARENT	
3358331	3358332	IS_AST_PARENT	
3358330	3358331	IS_AST_PARENT	
3358338	3358339	IS_AST_PARENT	
3358338	3358340	IS_AST_PARENT	
3358337	3358338	IS_AST_PARENT	
3358336	3358337	IS_AST_PARENT	
3358336	3358341	IS_AST_PARENT	
3358335	3358336	IS_AST_PARENT	
3358330	3358335	IS_AST_PARENT	
3358344	3358345	IS_AST_PARENT	
3358348	3358349	IS_AST_PARENT	
3358348	3358350	IS_AST_PARENT	
3358347	3358348	IS_AST_PARENT	
3358346	3358347	IS_AST_PARENT	
3358346	3358351	IS_AST_PARENT	
3358344	3358346	IS_AST_PARENT	
3358343	3358344	IS_AST_PARENT	
3358342	3358343	IS_AST_PARENT	
3358352	3358353	IS_AST_PARENT	
3358354	3358355	IS_AST_PARENT	
3358352	3358354	IS_AST_PARENT	
3358359	3358360	IS_AST_PARENT	
3358359	3358361	IS_AST_PARENT	
3358358	3358359	IS_AST_PARENT	
3358357	3358358	IS_AST_PARENT	
3358357	3358362	IS_AST_PARENT	
3358356	3358357	IS_AST_PARENT	
3358352	3358356	IS_AST_PARENT	
3358342	3358352	IS_AST_PARENT	
3358330	3358342	IS_AST_PARENT	
3358329	3358330	IS_AST_PARENT	
3358329	3358363	IS_AST_PARENT	
3358329	3358364	IS_AST_PARENT	
3358366	3358367	IS_AST_PARENT	
3358366	3358368	IS_AST_PARENT	
3358365	3358366	IS_AST_PARENT	
3358329	3358365	IS_AST_PARENT	
3358369	3358366	FLOWS_TO	
3358366	3358331	FLOWS_TO	
3358331	3358335	FLOWS_TO	
3358335	3358343	FLOWS_TO	
3358343	3358353	FLOWS_TO	
3358343	3358370	FLOWS_TO	
3358353	3358354	FLOWS_TO	
3358354	3358356	FLOWS_TO	
3358356	3358343	FLOWS_TO	
3358331	3358371	DEF	
3358332	3358371	DEF	
3358343	3358371	DEF	
3358344	3358371	DEF	
3358343	3358372	USE	
3358344	3358372	USE	
3358343	3358373	USE	
3358344	3358373	USE	
3358366	3358374	DEF	
3358335	3358374	USE	
3358338	3358374	USE	
3358343	3358374	USE	
3358348	3358374	USE	
3358356	3358374	USE	
3358359	3358374	USE	
3358366	3358335	REACHES	list
3358366	3358343	REACHES	list
3358366	3358356	REACHES	list
3358369	3358366	CONTROLS	
3358369	3358331	CONTROLS	
3358369	3358335	CONTROLS	
3358369	3358343	CONTROLS	
3358343	3358353	CONTROLS	
3358343	3358354	CONTROLS	
3358343	3358356	CONTROLS	
3358343	3358353	DOM	
3358331	3358335	DOM	
3358369	3358369	DOM	
3358343	3358370	DOM	
3358353	3358354	DOM	
3358369	3358366	DOM	
3358354	3358356	DOM	
3358366	3358331	DOM	
3358335	3358343	DOM	
3358354	3358353	POST_DOM	
3358343	3358335	POST_DOM	
3358366	3358369	POST_DOM	
3358370	3358370	POST_DOM	
3358356	3358354	POST_DOM	
3358331	3358366	POST_DOM	
3358343	3358356	POST_DOM	
3358370	3358343	POST_DOM	
3358335	3358331	POST_DOM	
3358328	3358329	IS_FUNCTION_OF_AST	
3358328	3358369	IS_FUNCTION_OF_CFG	
3355010	3358328	IS_FILE_OF	
3358380	3358381	IS_AST_PARENT	
3358379	3358380	IS_AST_PARENT	
3358384	3358385	IS_AST_PARENT	
3358384	3358386	IS_AST_PARENT	
3358383	3358384	IS_AST_PARENT	
3358382	3358383	IS_AST_PARENT	
3358379	3358382	IS_AST_PARENT	
3358378	3358379	IS_AST_PARENT	
3358377	3358378	IS_AST_PARENT	
3358389	3358390	IS_AST_PARENT	
3358388	3358389	IS_AST_PARENT	
3358393	3358394	IS_AST_PARENT	
3358393	3358395	IS_AST_PARENT	
3358392	3358393	IS_AST_PARENT	
3358391	3358392	IS_AST_PARENT	
3358388	3358391	IS_AST_PARENT	
3358387	3358388	IS_AST_PARENT	
3358377	3358387	IS_AST_PARENT	
3358376	3358377	IS_AST_PARENT	
3358376	3358396	IS_AST_PARENT	
3358376	3358397	IS_AST_PARENT	
3358376	3358398	IS_AST_PARENT	
3358399	3358378	FLOWS_TO	
3358378	3358387	FLOWS_TO	
3358387	3358400	FLOWS_TO	
3358378	3358401	USE	
3358383	3358401	USE	
3358387	3358402	USE	
3358392	3358402	USE	
3358399	3358378	CONTROLS	
3358399	3358387	CONTROLS	
3358378	3358387	DOM	
3358399	3358378	DOM	
3358399	3358399	DOM	
3358387	3358400	DOM	
3358400	3358387	POST_DOM	
3358387	3358378	POST_DOM	
3358378	3358399	POST_DOM	
3358400	3358400	POST_DOM	
3358375	3358376	IS_FUNCTION_OF_AST	
3358375	3358399	IS_FUNCTION_OF_CFG	
3355010	3358375	IS_FILE_OF	
3358407	3358408	IS_AST_PARENT	
3358407	3358409	IS_AST_PARENT	
3358407	3358410	IS_AST_PARENT	
3358406	3358407	IS_AST_PARENT	
3358405	3358406	IS_AST_PARENT	
3358413	3358414	IS_AST_PARENT	
3358412	3358413	IS_AST_PARENT	
3358416	3358417	IS_AST_PARENT	
3358415	3358416	IS_AST_PARENT	
3358418	3358419	IS_AST_PARENT	
3358415	3358418	IS_AST_PARENT	
3358422	3358423	IS_AST_PARENT	
3358421	3358422	IS_AST_PARENT	
3358425	3358426	IS_AST_PARENT	
3358424	3358425	IS_AST_PARENT	
3358421	3358424	IS_AST_PARENT	
3358420	3358421	IS_AST_PARENT	
3358415	3358420	IS_AST_PARENT	
3358427	3358428	IS_AST_PARENT	
3358415	3358427	IS_AST_PARENT	
3358412	3358415	IS_AST_PARENT	
3358411	3358412	IS_AST_PARENT	
3358405	3358411	IS_AST_PARENT	
3358432	3358433	IS_AST_PARENT	
3358432	3358434	IS_AST_PARENT	
3358431	3358432	IS_AST_PARENT	
3358430	3358431	IS_AST_PARENT	
3358436	3358437	IS_AST_PARENT	
3358435	3358436	IS_AST_PARENT	
3358430	3358435	IS_AST_PARENT	
3358429	3358430	IS_AST_PARENT	
3358405	3358429	IS_AST_PARENT	
3358439	3358440	IS_AST_PARENT	
3358439	3358441	IS_AST_PARENT	
3358438	3358439	IS_AST_PARENT	
3358405	3358438	IS_AST_PARENT	
3358445	3358446	IS_AST_PARENT	
3358445	3358447	IS_AST_PARENT	
3358444	3358445	IS_AST_PARENT	
3358443	3358444	IS_AST_PARENT	
3358443	3358448	IS_AST_PARENT	
3358442	3358443	IS_AST_PARENT	
3358405	3358442	IS_AST_PARENT	
3358451	3358452	IS_AST_PARENT	
3358455	3358456	IS_AST_PARENT	
3358455	3358457	IS_AST_PARENT	
3358454	3358455	IS_AST_PARENT	
3358453	3358454	IS_AST_PARENT	
3358460	3358461	IS_AST_PARENT	
3358460	3358462	IS_AST_PARENT	
3358459	3358460	IS_AST_PARENT	
3358458	3358459	IS_AST_PARENT	
3358453	3358458	IS_AST_PARENT	
3358451	3358453	IS_AST_PARENT	
3358450	3358451	IS_AST_PARENT	
3358449	3358450	IS_AST_PARENT	
3358466	3358467	IS_AST_PARENT	
3358465	3358466	IS_AST_PARENT	
3358469	3358470	IS_AST_PARENT	
3358468	3358469	IS_AST_PARENT	
3358471	3358472	IS_AST_PARENT	
3358468	3358471	IS_AST_PARENT	
3358465	3358468	IS_AST_PARENT	
3358464	3358465	IS_AST_PARENT	
3358463	3358464	IS_AST_PARENT	
3358473	3358474	IS_AST_PARENT	
3358463	3358473	IS_AST_PARENT	
3358449	3358463	IS_AST_PARENT	
3358405	3358449	IS_AST_PARENT	
3358477	3358478	IS_AST_PARENT	
3358481	3358482	IS_AST_PARENT	
3358481	3358483	IS_AST_PARENT	
3358480	3358481	IS_AST_PARENT	
3358479	3358480	IS_AST_PARENT	
3358479	3358484	IS_AST_PARENT	
3358477	3358479	IS_AST_PARENT	
3358476	3358477	IS_AST_PARENT	
3358475	3358476	IS_AST_PARENT	
3358488	3358489	IS_AST_PARENT	
3358487	3358488	IS_AST_PARENT	
3358491	3358492	IS_AST_PARENT	
3358490	3358491	IS_AST_PARENT	
3358493	3358494	IS_AST_PARENT	
3358490	3358493	IS_AST_PARENT	
3358487	3358490	IS_AST_PARENT	
3358486	3358487	IS_AST_PARENT	
3358485	3358486	IS_AST_PARENT	
3358495	3358496	IS_AST_PARENT	
3358485	3358495	IS_AST_PARENT	
3358475	3358485	IS_AST_PARENT	
3358405	3358475	IS_AST_PARENT	
3358498	3358499	IS_AST_PARENT	
3358498	3358500	IS_AST_PARENT	
3358497	3358498	IS_AST_PARENT	
3358405	3358497	IS_AST_PARENT	
3358503	3358504	IS_AST_PARENT	
3358507	3358508	IS_AST_PARENT	
3358507	3358509	IS_AST_PARENT	
3358506	3358507	IS_AST_PARENT	
3358505	3358506	IS_AST_PARENT	
3358511	3358512	IS_AST_PARENT	
3358510	3358511	IS_AST_PARENT	
3358513	3358514	IS_AST_PARENT	
3358510	3358513	IS_AST_PARENT	
3358505	3358510	IS_AST_PARENT	
3358503	3358505	IS_AST_PARENT	
3358502	3358503	IS_AST_PARENT	
3358501	3358502	IS_AST_PARENT	
3358518	3358519	IS_AST_PARENT	
3358517	3358518	IS_AST_PARENT	
3358521	3358522	IS_AST_PARENT	
3358520	3358521	IS_AST_PARENT	
3358523	3358524	IS_AST_PARENT	
3358520	3358523	IS_AST_PARENT	
3358517	3358520	IS_AST_PARENT	
3358516	3358517	IS_AST_PARENT	
3358515	3358516	IS_AST_PARENT	
3358525	3358526	IS_AST_PARENT	
3358515	3358525	IS_AST_PARENT	
3358501	3358515	IS_AST_PARENT	
3358405	3358501	IS_AST_PARENT	
3358529	3358530	IS_AST_PARENT	
3358533	3358534	IS_AST_PARENT	
3358533	3358535	IS_AST_PARENT	
3358532	3358533	IS_AST_PARENT	
3358531	3358532	IS_AST_PARENT	
3358537	3358538	IS_AST_PARENT	
3358536	3358537	IS_AST_PARENT	
3358539	3358540	IS_AST_PARENT	
3358536	3358539	IS_AST_PARENT	
3358542	3358543	IS_AST_PARENT	
3358542	3358544	IS_AST_PARENT	
3358541	3358542	IS_AST_PARENT	
3358536	3358541	IS_AST_PARENT	
3358531	3358536	IS_AST_PARENT	
3358529	3358531	IS_AST_PARENT	
3358528	3358529	IS_AST_PARENT	
3358527	3358528	IS_AST_PARENT	
3358545	3358546	IS_AST_PARENT	
3358545	3358547	IS_AST_PARENT	
3358545	3358548	IS_AST_PARENT	
3358545	3358549	IS_AST_PARENT	
3358545	3358550	IS_AST_PARENT	
3358545	3358551	IS_AST_PARENT	
3358545	3358552	IS_AST_PARENT	
3358545	3358553	IS_AST_PARENT	
3358554	3358555	IS_AST_PARENT	
3358545	3358554	IS_AST_PARENT	
3358527	3358545	IS_AST_PARENT	
3358405	3358527	IS_AST_PARENT	
3358559	3358560	IS_AST_PARENT	
3358558	3358559	IS_AST_PARENT	
3358562	3358563	IS_AST_PARENT	
3358561	3358562	IS_AST_PARENT	
3358564	3358565	IS_AST_PARENT	
3358561	3358564	IS_AST_PARENT	
3358558	3358561	IS_AST_PARENT	
3358557	3358558	IS_AST_PARENT	
3358556	3358557	IS_AST_PARENT	
3358569	3358570	IS_AST_PARENT	
3358568	3358569	IS_AST_PARENT	
3358572	3358573	IS_AST_PARENT	
3358571	3358572	IS_AST_PARENT	
3358574	3358575	IS_AST_PARENT	
3358571	3358574	IS_AST_PARENT	
3358576	3358577	IS_AST_PARENT	
3358571	3358576	IS_AST_PARENT	
3358578	3358579	IS_AST_PARENT	
3358571	3358578	IS_AST_PARENT	
3358568	3358571	IS_AST_PARENT	
3358567	3358568	IS_AST_PARENT	
3358566	3358567	IS_AST_PARENT	
3358580	3358581	IS_AST_PARENT	
3358566	3358580	IS_AST_PARENT	
3358556	3358566	IS_AST_PARENT	
3358405	3358556	IS_AST_PARENT	
3358584	3358585	IS_AST_PARENT	
3358588	3358589	IS_AST_PARENT	
3358588	3358590	IS_AST_PARENT	
3358587	3358588	IS_AST_PARENT	
3358586	3358587	IS_AST_PARENT	
3358592	3358593	IS_AST_PARENT	
3358591	3358592	IS_AST_PARENT	
3358594	3358595	IS_AST_PARENT	
3358591	3358594	IS_AST_PARENT	
3358597	3358598	IS_AST_PARENT	
3358597	3358599	IS_AST_PARENT	
3358596	3358597	IS_AST_PARENT	
3358591	3358596	IS_AST_PARENT	
3358586	3358591	IS_AST_PARENT	
3358584	3358586	IS_AST_PARENT	
3358583	3358584	IS_AST_PARENT	
3358582	3358583	IS_AST_PARENT	
3358603	3358604	IS_AST_PARENT	
3358602	3358603	IS_AST_PARENT	
3358606	3358607	IS_AST_PARENT	
3358605	3358606	IS_AST_PARENT	
3358608	3358609	IS_AST_PARENT	
3358605	3358608	IS_AST_PARENT	
3358602	3358605	IS_AST_PARENT	
3358601	3358602	IS_AST_PARENT	
3358600	3358601	IS_AST_PARENT	
3358610	3358611	IS_AST_PARENT	
3358600	3358610	IS_AST_PARENT	
3358582	3358600	IS_AST_PARENT	
3358405	3358582	IS_AST_PARENT	
3358613	3358614	IS_AST_PARENT	
3358613	3358615	IS_AST_PARENT	
3358613	3358616	IS_AST_PARENT	
3358612	3358613	IS_AST_PARENT	
3358405	3358612	IS_AST_PARENT	
3358619	3358620	IS_AST_PARENT	
3358623	3358624	IS_AST_PARENT	
3358623	3358625	IS_AST_PARENT	
3358622	3358623	IS_AST_PARENT	
3358621	3358622	IS_AST_PARENT	
3358627	3358628	IS_AST_PARENT	
3358626	3358627	IS_AST_PARENT	
3358621	3358626	IS_AST_PARENT	
3358619	3358621	IS_AST_PARENT	
3358618	3358619	IS_AST_PARENT	
3358617	3358618	IS_AST_PARENT	
3358631	3358632	IS_AST_PARENT	
3358631	3358633	IS_AST_PARENT	
3358634	3358635	IS_AST_PARENT	
3358638	3358639	IS_AST_PARENT	
3358638	3358640	IS_AST_PARENT	
3358637	3358638	IS_AST_PARENT	
3358636	3358637	IS_AST_PARENT	
3358636	3358641	IS_AST_PARENT	
3358634	3358636	IS_AST_PARENT	
3358631	3358634	IS_AST_PARENT	
3358630	3358631	IS_AST_PARENT	
3358629	3358630	IS_AST_PARENT	
3358629	3358642	IS_AST_PARENT	
3358629	3358643	IS_AST_PARENT	
3358629	3358644	IS_AST_PARENT	
3358629	3358645	IS_AST_PARENT	
3358629	3358646	IS_AST_PARENT	
3358629	3358647	IS_AST_PARENT	
3358629	3358648	IS_AST_PARENT	
3358629	3358649	IS_AST_PARENT	
3358629	3358650	IS_AST_PARENT	
3358629	3358651	IS_AST_PARENT	
3358652	3358653	IS_AST_PARENT	
3358629	3358652	IS_AST_PARENT	
3358629	3358654	IS_AST_PARENT	
3358629	3358655	IS_AST_PARENT	
3358629	3358656	IS_AST_PARENT	
3358629	3358657	IS_AST_PARENT	
3358629	3358658	IS_AST_PARENT	
3358660	3358661	IS_AST_PARENT	
3358659	3358660	IS_AST_PARENT	
3358665	3358666	IS_AST_PARENT	
3358664	3358665	IS_AST_PARENT	
3358668	3358669	IS_AST_PARENT	
3358667	3358668	IS_AST_PARENT	
3358664	3358667	IS_AST_PARENT	
3358663	3358664	IS_AST_PARENT	
3358662	3358663	IS_AST_PARENT	
3358659	3358662	IS_AST_PARENT	
3358629	3358659	IS_AST_PARENT	
3358617	3358629	IS_AST_PARENT	
3358405	3358617	IS_AST_PARENT	
3358671	3358672	IS_AST_PARENT	
3358670	3358671	IS_AST_PARENT	
3358674	3358675	IS_AST_PARENT	
3358673	3358674	IS_AST_PARENT	
3358678	3358679	IS_AST_PARENT	
3358677	3358678	IS_AST_PARENT	
3358681	3358682	IS_AST_PARENT	
3358680	3358681	IS_AST_PARENT	
3358683	3358684	IS_AST_PARENT	
3358680	3358683	IS_AST_PARENT	
3358685	3358686	IS_AST_PARENT	
3358680	3358685	IS_AST_PARENT	
3358677	3358680	IS_AST_PARENT	
3358676	3358677	IS_AST_PARENT	
3358673	3358676	IS_AST_PARENT	
3358689	3358690	IS_AST_PARENT	
3358688	3358689	IS_AST_PARENT	
3358692	3358693	IS_AST_PARENT	
3358691	3358692	IS_AST_PARENT	
3358688	3358691	IS_AST_PARENT	
3358687	3358688	IS_AST_PARENT	
3358673	3358687	IS_AST_PARENT	
3358673	3358694	IS_AST_PARENT	
3358695	3358696	IS_AST_PARENT	
3358673	3358695	IS_AST_PARENT	
3358699	3358700	IS_AST_PARENT	
3358698	3358699	IS_AST_PARENT	
3358702	3358703	IS_AST_PARENT	
3358701	3358702	IS_AST_PARENT	
3358704	3358705	IS_AST_PARENT	
3358701	3358704	IS_AST_PARENT	
3358706	3358707	IS_AST_PARENT	
3358701	3358706	IS_AST_PARENT	
3358698	3358701	IS_AST_PARENT	
3358697	3358698	IS_AST_PARENT	
3358673	3358697	IS_AST_PARENT	
3358710	3358711	IS_AST_PARENT	
3358709	3358710	IS_AST_PARENT	
3358713	3358714	IS_AST_PARENT	
3358712	3358713	IS_AST_PARENT	
3358709	3358712	IS_AST_PARENT	
3358708	3358709	IS_AST_PARENT	
3358673	3358708	IS_AST_PARENT	
3358673	3358715	IS_AST_PARENT	
3358670	3358673	IS_AST_PARENT	
3358405	3358670	IS_AST_PARENT	
3358716	3358717	IS_AST_PARENT	
3358405	3358716	IS_AST_PARENT	
3358404	3358405	IS_AST_PARENT	
3358404	3358718	IS_AST_PARENT	
3358404	3358719	IS_AST_PARENT	
3358721	3358722	IS_AST_PARENT	
3358721	3358723	IS_AST_PARENT	
3358720	3358721	IS_AST_PARENT	
3358724	3358725	IS_AST_PARENT	
3358724	3358726	IS_AST_PARENT	
3358720	3358724	IS_AST_PARENT	
3358404	3358720	IS_AST_PARENT	
3358727	3358721	FLOWS_TO	
3358721	3358724	FLOWS_TO	
3358724	3358406	FLOWS_TO	
3358406	3358411	FLOWS_TO	
3358411	3358429	FLOWS_TO	
3358429	3358438	FLOWS_TO	
3358438	3358442	FLOWS_TO	
3358442	3358450	FLOWS_TO	
3358450	3358464	FLOWS_TO	
3358450	3358476	FLOWS_TO	
3358464	3358473	FLOWS_TO	
3358473	3358728	FLOWS_TO	
3358476	3358486	FLOWS_TO	
3358476	3358497	FLOWS_TO	
3358486	3358495	FLOWS_TO	
3358495	3358728	FLOWS_TO	
3358497	3358502	FLOWS_TO	
3358502	3358516	FLOWS_TO	
3358502	3358528	FLOWS_TO	
3358516	3358525	FLOWS_TO	
3358525	3358728	FLOWS_TO	
3358528	3358546	FLOWS_TO	
3358528	3358557	FLOWS_TO	
3358546	3358547	FLOWS_TO	
3358547	3358548	FLOWS_TO	
3358548	3358549	FLOWS_TO	
3358549	3358550	FLOWS_TO	
3358550	3358551	FLOWS_TO	
3358551	3358552	FLOWS_TO	
3358552	3358553	FLOWS_TO	
3358553	3358554	FLOWS_TO	
3358554	3358728	FLOWS_TO	
3358557	3358567	FLOWS_TO	
3358557	3358583	FLOWS_TO	
3358567	3358580	FLOWS_TO	
3358580	3358728	FLOWS_TO	
3358583	3358601	FLOWS_TO	
3358583	3358612	FLOWS_TO	
3358601	3358610	FLOWS_TO	
3358610	3358728	FLOWS_TO	
3358612	3358618	FLOWS_TO	
3358618	3358630	FLOWS_TO	
3358618	3358671	FLOWS_TO	
3358630	3358642	FLOWS_TO	
3358642	3358643	FLOWS_TO	
3358643	3358644	FLOWS_TO	
3358644	3358645	FLOWS_TO	
3358645	3358646	FLOWS_TO	
3358646	3358647	FLOWS_TO	
3358647	3358648	FLOWS_TO	
3358648	3358649	FLOWS_TO	
3358649	3358650	FLOWS_TO	
3358650	3358651	FLOWS_TO	
3358651	3358652	FLOWS_TO	
3358652	3358654	FLOWS_TO	
3358654	3358655	FLOWS_TO	
3358655	3358656	FLOWS_TO	
3358656	3358657	FLOWS_TO	
3358657	3358658	FLOWS_TO	
3358658	3358660	FLOWS_TO	
3358660	3358663	FLOWS_TO	
3358660	3358671	FLOWS_TO	
3358663	3358671	FLOWS_TO	
3358671	3358695	FLOWS_TO	
3358671	3358674	FLOWS_TO	
3358671	3358716	FLOWS_TO	
3358674	3358676	FLOWS_TO	
3358676	3358687	FLOWS_TO	
3358687	3358694	FLOWS_TO	
3358694	3358716	FLOWS_TO	
3358695	3358697	FLOWS_TO	
3358697	3358708	FLOWS_TO	
3358708	3358715	FLOWS_TO	
3358715	3358716	FLOWS_TO	
3358716	3358728	FLOWS_TO	
3358618	3358729	USE	
3358623	3358729	USE	
3358630	3358729	USE	
3358638	3358729	USE	
3358634	3358729	USE	
3358612	3358730	DEF	
3358613	3358730	DEF	
3358618	3358730	USE	
3358627	3358730	USE	
3358411	3358731	USE	
3358420	3358731	USE	
3358502	3358732	USE	
3358630	3358733	DEF	
3358634	3358733	DEF	
3358631	3358733	DEF	
3358660	3358733	USE	
3358663	3358733	USE	
3358668	3358733	USE	
3358450	3358734	USE	
3358502	3358735	USE	
3358511	3358735	USE	
3358557	3358736	USE	
3358497	3358737	DEF	
3358498	3358737	DEF	
3358502	3358737	USE	
3358513	3358737	USE	
3358676	3358737	USE	
3358685	3358737	USE	
3358687	3358737	USE	
3358692	3358737	USE	
3358697	3358737	USE	
3358706	3358737	USE	
3358708	3358737	USE	
3358713	3358737	USE	
3358438	3358738	DEF	
3358439	3358738	DEF	
3358450	3358738	USE	
3358455	3358738	USE	
3358502	3358738	USE	
3358507	3358738	USE	
3358528	3358738	USE	
3358533	3358738	USE	
3358583	3358738	USE	
3358588	3358738	USE	
3358618	3358739	USE	
3358464	3358740	USE	
3358469	3358740	USE	
3358486	3358740	USE	
3358491	3358740	USE	
3358516	3358740	USE	
3358521	3358740	USE	
3358567	3358740	USE	
3358572	3358740	USE	
3358601	3358740	USE	
3358606	3358740	USE	
3358630	3358741	USE	
3358634	3358741	USE	
3358716	3358742	USE	
3358724	3358743	DEF	
3358429	3358743	USE	
3358432	3358743	USE	
3358442	3358743	USE	
3358445	3358743	USE	
3358450	3358743	USE	
3358460	3358743	USE	
3358476	3358743	USE	
3358481	3358743	USE	
3358411	3358744	USE	
3358416	3358744	USE	
3358676	3358744	USE	
3358681	3358744	USE	
3358697	3358744	USE	
3358702	3358744	USE	
3358528	3358745	USE	
3358583	3358745	USE	
3358557	3358746	USE	
3358564	3358746	USE	
3358567	3358746	USE	
3358576	3358746	USE	
3358476	3358747	USE	
3358406	3358748	DEF	
3358407	3358748	DEF	
3358528	3358748	USE	
3358539	3358748	USE	
3358557	3358748	USE	
3358562	3358748	USE	
3358567	3358748	USE	
3358578	3358748	USE	
3358583	3358748	USE	
3358594	3358748	USE	
3358450	3358749	USE	
3358459	3358749	USE	
3358476	3358749	USE	
3358583	3358750	USE	
3358592	3358750	USE	
3358473	3358751	USE	
3358495	3358751	USE	
3358525	3358751	USE	
3358554	3358751	USE	
3358580	3358751	USE	
3358610	3358751	USE	
3358721	3358752	DEF	
3358411	3358752	USE	
3358427	3358752	USE	
3358425	3358752	USE	
3358671	3358752	USE	
3358429	3358753	USE	
3358436	3358753	USE	
3358528	3358754	USE	
3358537	3358754	USE	
3358497	3358502	REACHES	new_id
3358497	3358676	REACHES	new_id
3358497	3358687	REACHES	new_id
3358497	3358697	REACHES	new_id
3358497	3358708	REACHES	new_id
3358438	3358450	REACHES	ad
3358438	3358502	REACHES	ad
3358438	3358528	REACHES	ad
3358438	3358583	REACHES	ad
3358612	3358618	REACHES	had_ips
3358724	3358429	REACHES	strm
3358724	3358442	REACHES	strm
3358724	3358450	REACHES	strm
3358724	3358476	REACHES	strm
3358630	3358660	REACHES	cur_str
3358630	3358663	REACHES	cur_str
3358406	3358528	REACHES	buf
3358406	3358557	REACHES	buf
3358406	3358567	REACHES	buf
3358406	3358583	REACHES	buf
3358721	3358411	REACHES	cmd
3358721	3358671	REACHES	cmd
3358727	3358721	CONTROLS	
3358727	3358724	CONTROLS	
3358727	3358406	CONTROLS	
3358727	3358411	CONTROLS	
3358727	3358429	CONTROLS	
3358727	3358438	CONTROLS	
3358727	3358442	CONTROLS	
3358727	3358450	CONTROLS	
3358450	3358464	CONTROLS	
3358450	3358473	CONTROLS	
3358450	3358476	CONTROLS	
3358476	3358486	CONTROLS	
3358476	3358495	CONTROLS	
3358476	3358497	CONTROLS	
3358476	3358502	CONTROLS	
3358502	3358516	CONTROLS	
3358502	3358525	CONTROLS	
3358502	3358528	CONTROLS	
3358528	3358546	CONTROLS	
3358528	3358547	CONTROLS	
3358528	3358548	CONTROLS	
3358528	3358549	CONTROLS	
3358528	3358550	CONTROLS	
3358528	3358551	CONTROLS	
3358528	3358552	CONTROLS	
3358528	3358553	CONTROLS	
3358528	3358554	CONTROLS	
3358528	3358557	CONTROLS	
3358557	3358567	CONTROLS	
3358557	3358580	CONTROLS	
3358557	3358583	CONTROLS	
3358583	3358601	CONTROLS	
3358583	3358610	CONTROLS	
3358583	3358612	CONTROLS	
3358583	3358618	CONTROLS	
3358583	3358671	CONTROLS	
3358583	3358716	CONTROLS	
3358618	3358630	CONTROLS	
3358618	3358642	CONTROLS	
3358618	3358643	CONTROLS	
3358618	3358644	CONTROLS	
3358618	3358645	CONTROLS	
3358618	3358646	CONTROLS	
3358618	3358647	CONTROLS	
3358618	3358648	CONTROLS	
3358618	3358649	CONTROLS	
3358618	3358650	CONTROLS	
3358618	3358651	CONTROLS	
3358618	3358652	CONTROLS	
3358618	3358654	CONTROLS	
3358618	3358655	CONTROLS	
3358618	3358656	CONTROLS	
3358618	3358657	CONTROLS	
3358618	3358658	CONTROLS	
3358618	3358660	CONTROLS	
3358660	3358663	CONTROLS	
3358671	3358695	CONTROLS	
3358671	3358697	CONTROLS	
3358671	3358708	CONTROLS	
3358671	3358715	CONTROLS	
3358671	3358674	CONTROLS	
3358671	3358676	CONTROLS	
3358671	3358687	CONTROLS	
3358671	3358694	CONTROLS	
3358502	3358516	DOM	
3358708	3358715	DOM	
3358502	3358528	DOM	
3358547	3358548	DOM	
3358651	3358652	DOM	
3358583	3358601	DOM	
3358727	3358721	DOM	
3358648	3358649	DOM	
3358476	3358497	DOM	
3358655	3358656	DOM	
3358671	3358674	DOM	
3358486	3358495	DOM	
3358724	3358406	DOM	
3358601	3358610	DOM	
3358450	3358476	DOM	
3358450	3358728	DOM	
3358528	3358557	DOM	
3358645	3358646	DOM	
3358612	3358618	DOM	
3358649	3358650	DOM	
3358654	3358655	DOM	
3358497	3358502	DOM	
3358721	3358724	DOM	
3358657	3358658	DOM	
3358695	3358697	DOM	
3358429	3358438	DOM	
3358552	3358553	DOM	
3358557	3358567	DOM	
3358442	3358450	DOM	
3358656	3358657	DOM	
3358548	3358549	DOM	
3358727	3358727	DOM	
3358671	3358695	DOM	
3358642	3358643	DOM	
3358528	3358546	DOM	
3358658	3358660	DOM	
3358671	3358716	DOM	
3358550	3358551	DOM	
3358567	3358580	DOM	
3358583	3358612	DOM	
3358630	3358642	DOM	
3358551	3358552	DOM	
3358406	3358411	DOM	
3358644	3358645	DOM	
3358546	3358547	DOM	
3358516	3358525	DOM	
3358643	3358644	DOM	
3358438	3358442	DOM	
3358450	3358464	DOM	
3358687	3358694	DOM	
3358618	3358630	DOM	
3358557	3358583	DOM	
3358650	3358651	DOM	
3358618	3358671	DOM	
3358697	3358708	DOM	
3358660	3358663	DOM	
3358676	3358687	DOM	
3358549	3358550	DOM	
3358646	3358647	DOM	
3358476	3358486	DOM	
3358647	3358648	DOM	
3358411	3358429	DOM	
3358674	3358676	DOM	
3358464	3358473	DOM	
3358553	3358554	DOM	
3358652	3358654	DOM	
3358525	3358516	POST_DOM	
3358716	3358715	POST_DOM	
3358728	3358528	POST_DOM	
3358549	3358548	POST_DOM	
3358654	3358652	POST_DOM	
3358610	3358601	POST_DOM	
3358724	3358721	POST_DOM	
3358650	3358649	POST_DOM	
3358502	3358497	POST_DOM	
3358657	3358656	POST_DOM	
3358676	3358674	POST_DOM	
3358728	3358495	POST_DOM	
3358411	3358406	POST_DOM	
3358728	3358610	POST_DOM	
3358728	3358476	POST_DOM	
3358728	3358728	POST_DOM	
3358728	3358557	POST_DOM	
3358647	3358646	POST_DOM	
3358671	3358618	POST_DOM	
3358651	3358650	POST_DOM	
3358656	3358655	POST_DOM	
3358728	3358502	POST_DOM	
3358406	3358724	POST_DOM	
3358660	3358658	POST_DOM	
3358708	3358697	POST_DOM	
3358442	3358438	POST_DOM	
3358554	3358553	POST_DOM	
3358580	3358567	POST_DOM	
3358728	3358450	POST_DOM	
3358658	3358657	POST_DOM	
3358550	3358549	POST_DOM	
3358721	3358727	POST_DOM	
3358697	3358695	POST_DOM	
3358644	3358643	POST_DOM	
3358547	3358546	POST_DOM	
3358671	3358660	POST_DOM	
3358728	3358716	POST_DOM	
3358552	3358551	POST_DOM	
3358728	3358580	POST_DOM	
3358618	3358612	POST_DOM	
3358643	3358642	POST_DOM	
3358553	3358552	POST_DOM	
3358429	3358411	POST_DOM	
3358646	3358645	POST_DOM	
3358548	3358547	POST_DOM	
3358728	3358525	POST_DOM	
3358645	3358644	POST_DOM	
3358473	3358464	POST_DOM	
3358450	3358442	POST_DOM	
3358716	3358694	POST_DOM	
3358642	3358630	POST_DOM	
3358728	3358583	POST_DOM	
3358716	3358671	POST_DOM	
3358652	3358651	POST_DOM	
3358715	3358708	POST_DOM	
3358671	3358663	POST_DOM	
3358694	3358687	POST_DOM	
3358551	3358550	POST_DOM	
3358648	3358647	POST_DOM	
3358495	3358486	POST_DOM	
3358649	3358648	POST_DOM	
3358438	3358429	POST_DOM	
3358687	3358676	POST_DOM	
3358728	3358473	POST_DOM	
3358728	3358554	POST_DOM	
3358655	3358654	POST_DOM	
3358403	3358404	IS_FUNCTION_OF_AST	
3358403	3358727	IS_FUNCTION_OF_CFG	
3355010	3358403	IS_FILE_OF	
3358757	3358758	IS_AST_PARENT	
3358757	3358759	IS_AST_PARENT	
3358757	3358760	IS_AST_PARENT	
3358757	3358761	IS_AST_PARENT	
3358757	3358762	IS_AST_PARENT	
3358757	3358763	IS_AST_PARENT	
3358757	3358764	IS_AST_PARENT	
3358757	3358765	IS_AST_PARENT	
3358757	3358766	IS_AST_PARENT	
3358757	3358767	IS_AST_PARENT	
3358757	3358768	IS_AST_PARENT	
3358757	3358769	IS_AST_PARENT	
3358757	3358770	IS_AST_PARENT	
3358757	3358771	IS_AST_PARENT	
3358757	3358772	IS_AST_PARENT	
3358757	3358773	IS_AST_PARENT	
3358757	3358774	IS_AST_PARENT	
3358757	3358775	IS_AST_PARENT	
3358757	3358776	IS_AST_PARENT	
3358757	3358777	IS_AST_PARENT	
3358757	3358778	IS_AST_PARENT	
3358757	3358779	IS_AST_PARENT	
3358757	3358780	IS_AST_PARENT	
3358757	3358781	IS_AST_PARENT	
3358757	3358782	IS_AST_PARENT	
3358757	3358783	IS_AST_PARENT	
3358756	3358757	IS_AST_PARENT	
3358756	3358784	IS_AST_PARENT	
3358756	3358785	IS_AST_PARENT	
3358787	3358788	IS_AST_PARENT	
3358787	3358789	IS_AST_PARENT	
3358786	3358787	IS_AST_PARENT	
3358790	3358791	IS_AST_PARENT	
3358790	3358792	IS_AST_PARENT	
3358786	3358790	IS_AST_PARENT	
3358756	3358786	IS_AST_PARENT	
3358793	3358787	FLOWS_TO	
3358787	3358790	FLOWS_TO	
3358790	3358758	FLOWS_TO	
3358758	3358759	FLOWS_TO	
3358759	3358760	FLOWS_TO	
3358760	3358761	FLOWS_TO	
3358761	3358762	FLOWS_TO	
3358762	3358763	FLOWS_TO	
3358763	3358764	FLOWS_TO	
3358764	3358765	FLOWS_TO	
3358765	3358766	FLOWS_TO	
3358766	3358767	FLOWS_TO	
3358767	3358768	FLOWS_TO	
3358768	3358769	FLOWS_TO	
3358769	3358770	FLOWS_TO	
3358770	3358771	FLOWS_TO	
3358771	3358772	FLOWS_TO	
3358772	3358773	FLOWS_TO	
3358773	3358774	FLOWS_TO	
3358774	3358775	FLOWS_TO	
3358775	3358776	FLOWS_TO	
3358776	3358777	FLOWS_TO	
3358777	3358778	FLOWS_TO	
3358778	3358779	FLOWS_TO	
3358779	3358780	FLOWS_TO	
3358780	3358781	FLOWS_TO	
3358781	3358782	FLOWS_TO	
3358782	3358783	FLOWS_TO	
3358783	3358794	FLOWS_TO	
3358790	3358795	DEF	
3358787	3358796	DEF	
3358793	3358787	CONTROLS	
3358793	3358790	CONTROLS	
3358793	3358758	CONTROLS	
3358793	3358759	CONTROLS	
3358793	3358760	CONTROLS	
3358793	3358761	CONTROLS	
3358793	3358762	CONTROLS	
3358793	3358763	CONTROLS	
3358793	3358764	CONTROLS	
3358793	3358765	CONTROLS	
3358793	3358766	CONTROLS	
3358793	3358767	CONTROLS	
3358793	3358768	CONTROLS	
3358793	3358769	CONTROLS	
3358793	3358770	CONTROLS	
3358793	3358771	CONTROLS	
3358793	3358772	CONTROLS	
3358793	3358773	CONTROLS	
3358793	3358774	CONTROLS	
3358793	3358775	CONTROLS	
3358793	3358776	CONTROLS	
3358793	3358777	CONTROLS	
3358793	3358778	CONTROLS	
3358793	3358779	CONTROLS	
3358793	3358780	CONTROLS	
3358793	3358781	CONTROLS	
3358793	3358782	CONTROLS	
3358793	3358783	CONTROLS	
3358759	3358760	DOM	
3358768	3358769	DOM	
3358775	3358776	DOM	
3358760	3358761	DOM	
3358767	3358768	DOM	
3358793	3358793	DOM	
3358758	3358759	DOM	
3358763	3358764	DOM	
3358761	3358762	DOM	
3358790	3358758	DOM	
3358776	3358777	DOM	
3358793	3358787	DOM	
3358769	3358770	DOM	
3358774	3358775	DOM	
3358783	3358794	DOM	
3358781	3358782	DOM	
3358782	3358783	DOM	
3358765	3358766	DOM	
3358779	3358780	DOM	
3358773	3358774	DOM	
3358780	3358781	DOM	
3358770	3358771	DOM	
3358777	3358778	DOM	
3358772	3358773	DOM	
3358762	3358763	DOM	
3358764	3358765	DOM	
3358771	3358772	DOM	
3358778	3358779	DOM	
3358787	3358790	DOM	
3358766	3358767	DOM	
3358761	3358760	POST_DOM	
3358770	3358769	POST_DOM	
3358777	3358776	POST_DOM	
3358769	3358768	POST_DOM	
3358762	3358761	POST_DOM	
3358765	3358764	POST_DOM	
3358760	3358759	POST_DOM	
3358787	3358793	POST_DOM	
3358763	3358762	POST_DOM	
3358759	3358758	POST_DOM	
3358778	3358777	POST_DOM	
3358794	3358794	POST_DOM	
3358776	3358775	POST_DOM	
3358771	3358770	POST_DOM	
3358790	3358787	POST_DOM	
3358783	3358782	POST_DOM	
3358794	3358783	POST_DOM	
3358767	3358766	POST_DOM	
3358781	3358780	POST_DOM	
3358782	3358781	POST_DOM	
3358775	3358774	POST_DOM	
3358779	3358778	POST_DOM	
3358772	3358771	POST_DOM	
3358774	3358773	POST_DOM	
3358764	3358763	POST_DOM	
3358766	3358765	POST_DOM	
3358773	3358772	POST_DOM	
3358780	3358779	POST_DOM	
3358758	3358790	POST_DOM	
3358768	3358767	POST_DOM	
3358755	3358756	IS_FUNCTION_OF_AST	
3358755	3358793	IS_FUNCTION_OF_CFG	
3355010	3358755	IS_FILE_OF	
3358803	3358804	IS_AST_PARENT	
3358803	3358805	IS_AST_PARENT	
3358802	3358803	IS_AST_PARENT	
3358801	3358802	IS_AST_PARENT	
3358801	3358806	IS_AST_PARENT	
3358800	3358801	IS_AST_PARENT	
3358799	3358800	IS_AST_PARENT	
3358808	3358809	IS_AST_PARENT	
3358808	3358810	IS_AST_PARENT	
3358807	3358808	IS_AST_PARENT	
3358799	3358807	IS_AST_PARENT	
3358813	3358814	IS_AST_PARENT	
3358812	3358813	IS_AST_PARENT	
3358816	3358817	IS_AST_PARENT	
3358815	3358816	IS_AST_PARENT	
3358818	3358819	IS_AST_PARENT	
3358815	3358818	IS_AST_PARENT	
3358823	3358824	IS_AST_PARENT	
3358823	3358825	IS_AST_PARENT	
3358822	3358823	IS_AST_PARENT	
3358821	3358822	IS_AST_PARENT	
3358821	3358826	IS_AST_PARENT	
3358820	3358821	IS_AST_PARENT	
3358815	3358820	IS_AST_PARENT	
3358812	3358815	IS_AST_PARENT	
3358811	3358812	IS_AST_PARENT	
3358799	3358811	IS_AST_PARENT	
3358829	3358830	IS_AST_PARENT	
3358833	3358834	IS_AST_PARENT	
3358833	3358835	IS_AST_PARENT	
3358832	3358833	IS_AST_PARENT	
3358831	3358832	IS_AST_PARENT	
3358831	3358836	IS_AST_PARENT	
3358829	3358831	IS_AST_PARENT	
3358828	3358829	IS_AST_PARENT	
3358827	3358828	IS_AST_PARENT	
3358840	3358841	IS_AST_PARENT	
3358839	3358840	IS_AST_PARENT	
3358843	3358844	IS_AST_PARENT	
3358842	3358843	IS_AST_PARENT	
3358845	3358846	IS_AST_PARENT	
3358842	3358845	IS_AST_PARENT	
3358847	3358848	IS_AST_PARENT	
3358842	3358847	IS_AST_PARENT	
3358839	3358842	IS_AST_PARENT	
3358838	3358839	IS_AST_PARENT	
3358837	3358838	IS_AST_PARENT	
3358827	3358837	IS_AST_PARENT	
3358799	3358827	IS_AST_PARENT	
3358851	3358852	IS_AST_PARENT	
3358850	3358851	IS_AST_PARENT	
3358854	3358855	IS_AST_PARENT	
3358853	3358854	IS_AST_PARENT	
3358856	3358857	IS_AST_PARENT	
3358853	3358856	IS_AST_PARENT	
3358850	3358853	IS_AST_PARENT	
3358849	3358850	IS_AST_PARENT	
3358799	3358849	IS_AST_PARENT	
3358798	3358799	IS_AST_PARENT	
3358798	3358858	IS_AST_PARENT	
3358798	3358859	IS_AST_PARENT	
3358861	3358862	IS_AST_PARENT	
3358861	3358863	IS_AST_PARENT	
3358860	3358861	IS_AST_PARENT	
3358798	3358860	IS_AST_PARENT	
3358864	3358861	FLOWS_TO	
3358861	3358800	FLOWS_TO	
3358800	3358807	FLOWS_TO	
3358807	3358811	FLOWS_TO	
3358811	3358828	FLOWS_TO	
3358828	3358838	FLOWS_TO	
3358828	3358849	FLOWS_TO	
3358838	3358828	FLOWS_TO	
3358849	3358865	FLOWS_TO	
3358861	3358866	DEF	
3358800	3358866	USE	
3358803	3358866	USE	
3358828	3358866	USE	
3358833	3358866	USE	
3358807	3358867	DEF	
3358808	3358867	DEF	
3358828	3358867	DEF	
3358829	3358867	DEF	
3358838	3358867	USE	
3358847	3358867	USE	
3358811	3358868	USE	
3358820	3358868	USE	
3358811	3358869	USE	
3358823	3358869	USE	
3358811	3358870	USE	
3358820	3358870	USE	
3358811	3358871	USE	
3358816	3358871	USE	
3358838	3358871	USE	
3358843	3358871	USE	
3358849	3358871	USE	
3358854	3358871	USE	
3358828	3358872	USE	
3358829	3358872	USE	
3358828	3358873	USE	
3358829	3358873	USE	
3358861	3358800	REACHES	str
3358861	3358828	REACHES	str
3358828	3358838	REACHES	elem
3358864	3358861	CONTROLS	
3358864	3358800	CONTROLS	
3358864	3358807	CONTROLS	
3358864	3358811	CONTROLS	
3358864	3358828	CONTROLS	
3358864	3358849	CONTROLS	
3358828	3358838	CONTROLS	
3358811	3358828	DOM	
3358861	3358800	DOM	
3358828	3358838	DOM	
3358864	3358861	DOM	
3358800	3358807	DOM	
3358828	3358849	DOM	
3358807	3358811	DOM	
3358849	3358865	DOM	
3358864	3358864	DOM	
3358849	3358828	POST_DOM	
3358807	3358800	POST_DOM	
3358828	3358838	POST_DOM	
3358800	3358861	POST_DOM	
3358811	3358807	POST_DOM	
3358865	3358849	POST_DOM	
3358828	3358811	POST_DOM	
3358865	3358865	POST_DOM	
3358861	3358864	POST_DOM	
3358797	3358798	IS_FUNCTION_OF_AST	
3358797	3358864	IS_FUNCTION_OF_CFG	
3355010	3358797	IS_FILE_OF	
3358878	3358879	IS_AST_PARENT	
3358878	3358880	IS_AST_PARENT	
3358877	3358878	IS_AST_PARENT	
3358876	3358877	IS_AST_PARENT	
3358883	3358884	IS_AST_PARENT	
3358882	3358883	IS_AST_PARENT	
3358886	3358887	IS_AST_PARENT	
3358885	3358886	IS_AST_PARENT	
3358888	3358889	IS_AST_PARENT	
3358885	3358888	IS_AST_PARENT	
3358882	3358885	IS_AST_PARENT	
3358881	3358882	IS_AST_PARENT	
3358876	3358881	IS_AST_PARENT	
3358893	3358894	IS_AST_PARENT	
3358893	3358895	IS_AST_PARENT	
3358892	3358893	IS_AST_PARENT	
3358891	3358892	IS_AST_PARENT	
3358891	3358896	IS_AST_PARENT	
3358890	3358891	IS_AST_PARENT	
3358876	3358890	IS_AST_PARENT	
3358901	3358902	IS_AST_PARENT	
3358901	3358903	IS_AST_PARENT	
3358900	3358901	IS_AST_PARENT	
3358899	3358900	IS_AST_PARENT	
3358905	3358906	IS_AST_PARENT	
3358904	3358905	IS_AST_PARENT	
3358899	3358904	IS_AST_PARENT	
3358898	3358899	IS_AST_PARENT	
3358897	3358898	IS_AST_PARENT	
3358910	3358911	IS_AST_PARENT	
3358909	3358910	IS_AST_PARENT	
3358913	3358914	IS_AST_PARENT	
3358912	3358913	IS_AST_PARENT	
3358915	3358916	IS_AST_PARENT	
3358912	3358915	IS_AST_PARENT	
3358917	3358918	IS_AST_PARENT	
3358912	3358917	IS_AST_PARENT	
3358909	3358912	IS_AST_PARENT	
3358908	3358909	IS_AST_PARENT	
3358907	3358908	IS_AST_PARENT	
3358897	3358907	IS_AST_PARENT	
3358876	3358897	IS_AST_PARENT	
3358920	3358921	IS_AST_PARENT	
3358920	3358922	IS_AST_PARENT	
3358919	3358920	IS_AST_PARENT	
3358876	3358919	IS_AST_PARENT	
3358925	3358926	IS_AST_PARENT	
3358924	3358925	IS_AST_PARENT	
3358928	3358929	IS_AST_PARENT	
3358927	3358928	IS_AST_PARENT	
3358930	3358931	IS_AST_PARENT	
3358927	3358930	IS_AST_PARENT	
3358924	3358927	IS_AST_PARENT	
3358923	3358924	IS_AST_PARENT	
3358876	3358923	IS_AST_PARENT	
3358935	3358936	IS_AST_PARENT	
3358935	3358937	IS_AST_PARENT	
3358934	3358935	IS_AST_PARENT	
3358933	3358934	IS_AST_PARENT	
3358933	3358938	IS_AST_PARENT	
3358932	3358933	IS_AST_PARENT	
3358876	3358932	IS_AST_PARENT	
3358943	3358944	IS_AST_PARENT	
3358943	3358945	IS_AST_PARENT	
3358942	3358943	IS_AST_PARENT	
3358941	3358942	IS_AST_PARENT	
3358947	3358948	IS_AST_PARENT	
3358946	3358947	IS_AST_PARENT	
3358941	3358946	IS_AST_PARENT	
3358940	3358941	IS_AST_PARENT	
3358939	3358940	IS_AST_PARENT	
3358952	3358953	IS_AST_PARENT	
3358951	3358952	IS_AST_PARENT	
3358955	3358956	IS_AST_PARENT	
3358954	3358955	IS_AST_PARENT	
3358957	3358958	IS_AST_PARENT	
3358954	3358957	IS_AST_PARENT	
3358959	3358960	IS_AST_PARENT	
3358954	3358959	IS_AST_PARENT	
3358951	3358954	IS_AST_PARENT	
3358950	3358951	IS_AST_PARENT	
3358949	3358950	IS_AST_PARENT	
3358939	3358949	IS_AST_PARENT	
3358876	3358939	IS_AST_PARENT	
3358875	3358876	IS_AST_PARENT	
3358875	3358961	IS_AST_PARENT	
3358875	3358962	IS_AST_PARENT	
3358875	3358963	IS_AST_PARENT	
3358964	3358877	FLOWS_TO	
3358877	3358881	FLOWS_TO	
3358881	3358890	FLOWS_TO	
3358890	3358898	FLOWS_TO	
3358898	3358908	FLOWS_TO	
3358898	3358919	FLOWS_TO	
3358908	3358898	FLOWS_TO	
3358919	3358923	FLOWS_TO	
3358923	3358932	FLOWS_TO	
3358932	3358940	FLOWS_TO	
3358940	3358950	FLOWS_TO	
3358940	3358965	FLOWS_TO	
3358950	3358940	FLOWS_TO	
3358932	3358966	USE	
3358935	3358966	USE	
3358940	3358966	USE	
3358943	3358966	USE	
3358940	3358967	USE	
3358919	3358968	DEF	
3358920	3358968	DEF	
3358940	3358968	USE	
3358947	3358968	USE	
3358950	3358968	USE	
3358959	3358968	USE	
3358898	3358969	USE	
3358890	3358970	USE	
3358893	3358970	USE	
3358898	3358970	USE	
3358901	3358970	USE	
3358881	3358971	USE	
3358886	3358971	USE	
3358908	3358971	USE	
3358913	3358971	USE	
3358923	3358971	USE	
3358928	3358971	USE	
3358950	3358971	USE	
3358955	3358971	USE	
3358877	3358972	DEF	
3358878	3358972	DEF	
3358898	3358972	USE	
3358905	3358972	USE	
3358908	3358972	USE	
3358917	3358972	USE	
3358919	3358940	REACHES	id2
3358919	3358950	REACHES	id2
3358877	3358898	REACHES	id
3358877	3358908	REACHES	id
3358964	3358877	CONTROLS	
3358964	3358881	CONTROLS	
3358964	3358890	CONTROLS	
3358964	3358898	CONTROLS	
3358964	3358919	CONTROLS	
3358964	3358923	CONTROLS	
3358964	3358932	CONTROLS	
3358964	3358940	CONTROLS	
3358898	3358908	CONTROLS	
3358940	3358950	CONTROLS	
3358964	3358964	DOM	
3358964	3358877	DOM	
3358940	3358965	DOM	
3358881	3358890	DOM	
3358932	3358940	DOM	
3358890	3358898	DOM	
3358923	3358932	DOM	
3358898	3358908	DOM	
3358940	3358950	DOM	
3358919	3358923	DOM	
3358877	3358881	DOM	
3358898	3358919	DOM	
3358877	3358964	POST_DOM	
3358881	3358877	POST_DOM	
3358965	3358965	POST_DOM	
3358965	3358940	POST_DOM	
3358898	3358890	POST_DOM	
3358940	3358932	POST_DOM	
3358919	3358898	POST_DOM	
3358898	3358908	POST_DOM	
3358940	3358950	POST_DOM	
3358932	3358923	POST_DOM	
3358890	3358881	POST_DOM	
3358923	3358919	POST_DOM	
3358874	3358875	IS_FUNCTION_OF_AST	
3358874	3358964	IS_FUNCTION_OF_CFG	
3355010	3358874	IS_FILE_OF	
3358978	3358979	IS_AST_PARENT	
3358977	3358978	IS_AST_PARENT	
3358981	3358982	IS_AST_PARENT	
3358980	3358981	IS_AST_PARENT	
3358983	3358984	IS_AST_PARENT	
3358980	3358983	IS_AST_PARENT	
3358985	3358986	IS_AST_PARENT	
3358980	3358985	IS_AST_PARENT	
3358977	3358980	IS_AST_PARENT	
3358976	3358977	IS_AST_PARENT	
3358975	3358976	IS_AST_PARENT	
3358989	3358990	IS_AST_PARENT	
3358988	3358989	IS_AST_PARENT	
3358992	3358993	IS_AST_PARENT	
3358991	3358992	IS_AST_PARENT	
3358994	3358995	IS_AST_PARENT	
3358991	3358994	IS_AST_PARENT	
3358996	3358997	IS_AST_PARENT	
3358991	3358996	IS_AST_PARENT	
3358988	3358991	IS_AST_PARENT	
3358987	3358988	IS_AST_PARENT	
3358975	3358987	IS_AST_PARENT	
3359000	3359001	IS_AST_PARENT	
3358999	3359000	IS_AST_PARENT	
3359003	3359004	IS_AST_PARENT	
3359002	3359003	IS_AST_PARENT	
3359005	3359006	IS_AST_PARENT	
3359002	3359005	IS_AST_PARENT	
3359007	3359008	IS_AST_PARENT	
3359002	3359007	IS_AST_PARENT	
3358999	3359002	IS_AST_PARENT	
3358998	3358999	IS_AST_PARENT	
3358975	3358998	IS_AST_PARENT	
3359011	3359012	IS_AST_PARENT	
3359010	3359011	IS_AST_PARENT	
3359014	3359015	IS_AST_PARENT	
3359013	3359014	IS_AST_PARENT	
3359016	3359017	IS_AST_PARENT	
3359013	3359016	IS_AST_PARENT	
3359018	3359019	IS_AST_PARENT	
3359013	3359018	IS_AST_PARENT	
3359010	3359013	IS_AST_PARENT	
3359009	3359010	IS_AST_PARENT	
3358975	3359009	IS_AST_PARENT	
3359022	3359023	IS_AST_PARENT	
3359021	3359022	IS_AST_PARENT	
3359025	3359026	IS_AST_PARENT	
3359024	3359025	IS_AST_PARENT	
3359027	3359028	IS_AST_PARENT	
3359024	3359027	IS_AST_PARENT	
3359031	3359032	IS_AST_PARENT	
3359030	3359031	IS_AST_PARENT	
3359030	3359033	IS_AST_PARENT	
3359030	3359034	IS_AST_PARENT	
3359029	3359030	IS_AST_PARENT	
3359024	3359029	IS_AST_PARENT	
3359021	3359024	IS_AST_PARENT	
3359020	3359021	IS_AST_PARENT	
3358975	3359020	IS_AST_PARENT	
3359037	3359038	IS_AST_PARENT	
3359036	3359037	IS_AST_PARENT	
3359040	3359041	IS_AST_PARENT	
3359039	3359040	IS_AST_PARENT	
3359042	3359043	IS_AST_PARENT	
3359039	3359042	IS_AST_PARENT	
3359046	3359047	IS_AST_PARENT	
3359045	3359046	IS_AST_PARENT	
3359045	3359048	IS_AST_PARENT	
3359045	3359049	IS_AST_PARENT	
3359044	3359045	IS_AST_PARENT	
3359039	3359044	IS_AST_PARENT	
3359036	3359039	IS_AST_PARENT	
3359035	3359036	IS_AST_PARENT	
3358975	3359035	IS_AST_PARENT	
3359052	3359053	IS_AST_PARENT	
3359051	3359052	IS_AST_PARENT	
3359055	3359056	IS_AST_PARENT	
3359054	3359055	IS_AST_PARENT	
3359057	3359058	IS_AST_PARENT	
3359054	3359057	IS_AST_PARENT	
3359051	3359054	IS_AST_PARENT	
3359050	3359051	IS_AST_PARENT	
3358975	3359050	IS_AST_PARENT	
3359061	3359062	IS_AST_PARENT	
3359060	3359061	IS_AST_PARENT	
3359064	3359065	IS_AST_PARENT	
3359063	3359064	IS_AST_PARENT	
3359066	3359067	IS_AST_PARENT	
3359063	3359066	IS_AST_PARENT	
3359068	3359069	IS_AST_PARENT	
3359063	3359068	IS_AST_PARENT	
3359060	3359063	IS_AST_PARENT	
3359059	3359060	IS_AST_PARENT	
3358975	3359059	IS_AST_PARENT	
3359072	3359073	IS_AST_PARENT	
3359071	3359072	IS_AST_PARENT	
3359075	3359076	IS_AST_PARENT	
3359074	3359075	IS_AST_PARENT	
3359077	3359078	IS_AST_PARENT	
3359074	3359077	IS_AST_PARENT	
3359081	3359082	IS_AST_PARENT	
3359080	3359081	IS_AST_PARENT	
3359080	3359083	IS_AST_PARENT	
3359080	3359084	IS_AST_PARENT	
3359079	3359080	IS_AST_PARENT	
3359074	3359079	IS_AST_PARENT	
3359071	3359074	IS_AST_PARENT	
3359070	3359071	IS_AST_PARENT	
3358975	3359070	IS_AST_PARENT	
3359086	3359087	IS_AST_PARENT	
3359085	3359086	IS_AST_PARENT	
3359091	3359092	IS_AST_PARENT	
3359090	3359091	IS_AST_PARENT	
3359094	3359095	IS_AST_PARENT	
3359093	3359094	IS_AST_PARENT	
3359096	3359097	IS_AST_PARENT	
3359093	3359096	IS_AST_PARENT	
3359098	3359099	IS_AST_PARENT	
3359093	3359098	IS_AST_PARENT	
3359090	3359093	IS_AST_PARENT	
3359089	3359090	IS_AST_PARENT	
3359088	3359089	IS_AST_PARENT	
3359085	3359088	IS_AST_PARENT	
3358975	3359085	IS_AST_PARENT	
3359101	3359102	IS_AST_PARENT	
3359101	3359103	IS_AST_PARENT	
3359104	3359105	IS_AST_PARENT	
3359104	3359106	IS_AST_PARENT	
3359101	3359104	IS_AST_PARENT	
3359100	3359101	IS_AST_PARENT	
3358975	3359100	IS_AST_PARENT	
3359110	3359111	IS_AST_PARENT	
3359110	3359112	IS_AST_PARENT	
3359109	3359110	IS_AST_PARENT	
3359108	3359109	IS_AST_PARENT	
3359108	3359113	IS_AST_PARENT	
3359107	3359108	IS_AST_PARENT	
3358975	3359107	IS_AST_PARENT	
3359116	3359117	IS_AST_PARENT	
3359120	3359121	IS_AST_PARENT	
3359120	3359122	IS_AST_PARENT	
3359119	3359120	IS_AST_PARENT	
3359118	3359119	IS_AST_PARENT	
3359118	3359123	IS_AST_PARENT	
3359116	3359118	IS_AST_PARENT	
3359115	3359116	IS_AST_PARENT	
3359114	3359115	IS_AST_PARENT	
3359127	3359128	IS_AST_PARENT	
3359126	3359127	IS_AST_PARENT	
3359130	3359131	IS_AST_PARENT	
3359129	3359130	IS_AST_PARENT	
3359132	3359133	IS_AST_PARENT	
3359129	3359132	IS_AST_PARENT	
3359134	3359135	IS_AST_PARENT	
3359129	3359134	IS_AST_PARENT	
3359126	3359129	IS_AST_PARENT	
3359125	3359126	IS_AST_PARENT	
3359124	3359125	IS_AST_PARENT	
3359114	3359124	IS_AST_PARENT	
3358975	3359114	IS_AST_PARENT	
3359138	3359139	IS_AST_PARENT	
3359137	3359138	IS_AST_PARENT	
3359141	3359142	IS_AST_PARENT	
3359140	3359141	IS_AST_PARENT	
3359143	3359144	IS_AST_PARENT	
3359140	3359143	IS_AST_PARENT	
3359147	3359148	IS_AST_PARENT	
3359146	3359147	IS_AST_PARENT	
3359146	3359149	IS_AST_PARENT	
3359146	3359150	IS_AST_PARENT	
3359145	3359146	IS_AST_PARENT	
3359140	3359145	IS_AST_PARENT	
3359137	3359140	IS_AST_PARENT	
3359136	3359137	IS_AST_PARENT	
3358975	3359136	IS_AST_PARENT	
3358974	3358975	IS_AST_PARENT	
3358974	3359151	IS_AST_PARENT	
3358974	3359152	IS_AST_PARENT	
3358974	3359153	IS_AST_PARENT	
3359154	3358976	FLOWS_TO	
3358976	3358987	FLOWS_TO	
3358987	3358998	FLOWS_TO	
3358998	3359009	FLOWS_TO	
3359009	3359020	FLOWS_TO	
3359020	3359035	FLOWS_TO	
3359035	3359050	FLOWS_TO	
3359050	3359059	FLOWS_TO	
3359059	3359070	FLOWS_TO	
3359070	3359086	FLOWS_TO	
3359086	3359089	FLOWS_TO	
3359086	3359100	FLOWS_TO	
3359089	3359100	FLOWS_TO	
3359100	3359107	FLOWS_TO	
3359107	3359115	FLOWS_TO	
3359115	3359125	FLOWS_TO	
3359115	3359136	FLOWS_TO	
3359125	3359115	FLOWS_TO	
3359136	3359155	FLOWS_TO	
3359100	3359156	USE	
3359104	3359156	USE	
3359100	3359156	DEF	
3359104	3359156	DEF	
3358976	3359157	USE	
3358981	3359157	USE	
3358987	3359157	USE	
3358992	3359157	USE	
3358998	3359157	USE	
3359003	3359157	USE	
3359009	3359157	USE	
3359014	3359157	USE	
3359020	3359157	USE	
3359025	3359157	USE	
3359035	3359157	USE	
3359040	3359157	USE	
3359050	3359157	USE	
3359055	3359157	USE	
3359059	3359157	USE	
3359064	3359157	USE	
3359070	3359157	USE	
3359075	3359157	USE	
3359089	3359157	USE	
3359094	3359157	USE	
3359125	3359157	USE	
3359130	3359157	USE	
3359136	3359157	USE	
3359141	3359157	USE	
3359035	3359158	USE	
3359046	3359158	USE	
3359044	3359158	USE	
3358987	3359159	USE	
3358996	3359159	USE	
3359107	3359160	USE	
3359110	3359160	USE	
3359115	3359160	USE	
3359120	3359160	USE	
3359116	3359160	USE	
3359089	3359161	USE	
3359098	3359161	USE	
3359020	3359162	USE	
3359031	3359162	USE	
3359029	3359162	USE	
3359136	3359163	USE	
3359147	3359163	USE	
3359145	3359163	USE	
3358976	3359164	USE	
3358985	3359164	USE	
3358998	3359165	USE	
3359007	3359165	USE	
3359059	3359166	USE	
3359068	3359166	USE	
3359070	3359167	USE	
3359079	3359167	USE	
3359081	3359167	USE	
3359086	3359167	USE	
3359009	3359168	USE	
3359018	3359168	USE	
3359100	3359169	DEF	
3359101	3359169	DEF	
3359115	3359169	DEF	
3359116	3359169	DEF	
3359125	3359169	USE	
3359134	3359169	USE	
3359115	3359170	USE	
3359116	3359170	USE	
3359115	3359125	REACHES	addr
3359154	3358976	CONTROLS	
3359154	3358987	CONTROLS	
3359154	3358998	CONTROLS	
3359154	3359009	CONTROLS	
3359154	3359020	CONTROLS	
3359154	3359035	CONTROLS	
3359154	3359050	CONTROLS	
3359154	3359059	CONTROLS	
3359154	3359070	CONTROLS	
3359154	3359086	CONTROLS	
3359154	3359100	CONTROLS	
3359154	3359107	CONTROLS	
3359154	3359115	CONTROLS	
3359154	3359136	CONTROLS	
3359086	3359089	CONTROLS	
3359115	3359125	CONTROLS	
3359154	3359154	DOM	
3359115	3359125	DOM	
3358998	3359009	DOM	
3359009	3359020	DOM	
3359154	3358976	DOM	
3358976	3358987	DOM	
3359107	3359115	DOM	
3359059	3359070	DOM	
3359035	3359050	DOM	
3359100	3359107	DOM	
3359115	3359136	DOM	
3359086	3359089	DOM	
3359136	3359155	DOM	
3359050	3359059	DOM	
3359086	3359100	DOM	
3359020	3359035	DOM	
3358987	3358998	DOM	
3359070	3359086	DOM	
3358976	3359154	POST_DOM	
3359115	3359125	POST_DOM	
3359020	3359009	POST_DOM	
3359035	3359020	POST_DOM	
3358987	3358976	POST_DOM	
3358998	3358987	POST_DOM	
3359136	3359115	POST_DOM	
3359086	3359070	POST_DOM	
3359059	3359050	POST_DOM	
3359115	3359107	POST_DOM	
3359155	3359136	POST_DOM	
3359155	3359155	POST_DOM	
3359100	3359089	POST_DOM	
3359107	3359100	POST_DOM	
3359070	3359059	POST_DOM	
3359050	3359035	POST_DOM	
3359100	3359086	POST_DOM	
3359009	3358998	POST_DOM	
3358973	3358974	IS_FUNCTION_OF_AST	
3358973	3359154	IS_FUNCTION_OF_CFG	
3355010	3358973	IS_FILE_OF	
3359176	3359177	IS_AST_PARENT	
3359175	3359176	IS_AST_PARENT	
3359179	3359180	IS_AST_PARENT	
3359178	3359179	IS_AST_PARENT	
3359181	3359182	IS_AST_PARENT	
3359178	3359181	IS_AST_PARENT	
3359175	3359178	IS_AST_PARENT	
3359174	3359175	IS_AST_PARENT	
3359173	3359174	IS_AST_PARENT	
3359184	3359185	IS_AST_PARENT	
3359184	3359186	IS_AST_PARENT	
3359183	3359184	IS_AST_PARENT	
3359173	3359183	IS_AST_PARENT	
3359191	3359192	IS_AST_PARENT	
3359191	3359193	IS_AST_PARENT	
3359190	3359191	IS_AST_PARENT	
3359189	3359190	IS_AST_PARENT	
3359195	3359196	IS_AST_PARENT	
3359194	3359195	IS_AST_PARENT	
3359197	3359198	IS_AST_PARENT	
3359194	3359197	IS_AST_PARENT	
3359189	3359194	IS_AST_PARENT	
3359188	3359189	IS_AST_PARENT	
3359187	3359188	IS_AST_PARENT	
3359201	3359202	IS_AST_PARENT	
3359201	3359203	IS_AST_PARENT	
3359204	3359205	IS_AST_PARENT	
3359208	3359209	IS_AST_PARENT	
3359208	3359210	IS_AST_PARENT	
3359207	3359208	IS_AST_PARENT	
3359206	3359207	IS_AST_PARENT	
3359212	3359213	IS_AST_PARENT	
3359211	3359212	IS_AST_PARENT	
3359215	3359216	IS_AST_PARENT	
3359215	3359217	IS_AST_PARENT	
3359214	3359215	IS_AST_PARENT	
3359211	3359214	IS_AST_PARENT	
3359218	3359219	IS_AST_PARENT	
3359211	3359218	IS_AST_PARENT	
3359220	3359221	IS_AST_PARENT	
3359211	3359220	IS_AST_PARENT	
3359206	3359211	IS_AST_PARENT	
3359204	3359206	IS_AST_PARENT	
3359201	3359204	IS_AST_PARENT	
3359200	3359201	IS_AST_PARENT	
3359199	3359200	IS_AST_PARENT	
3359199	3359222	IS_AST_PARENT	
3359199	3359223	IS_AST_PARENT	
3359199	3359224	IS_AST_PARENT	
3359199	3359225	IS_AST_PARENT	
3359199	3359226	IS_AST_PARENT	
3359199	3359227	IS_AST_PARENT	
3359199	3359228	IS_AST_PARENT	
3359199	3359229	IS_AST_PARENT	
3359199	3359230	IS_AST_PARENT	
3359199	3359231	IS_AST_PARENT	
3359187	3359199	IS_AST_PARENT	
3359173	3359187	IS_AST_PARENT	
3359234	3359235	IS_AST_PARENT	
3359233	3359234	IS_AST_PARENT	
3359237	3359238	IS_AST_PARENT	
3359236	3359237	IS_AST_PARENT	
3359233	3359236	IS_AST_PARENT	
3359232	3359233	IS_AST_PARENT	
3359173	3359232	IS_AST_PARENT	
3359240	3359241	IS_AST_PARENT	
3359244	3359245	IS_AST_PARENT	
3359244	3359246	IS_AST_PARENT	
3359243	3359244	IS_AST_PARENT	
3359242	3359243	IS_AST_PARENT	
3359248	3359249	IS_AST_PARENT	
3359247	3359248	IS_AST_PARENT	
3359251	3359252	IS_AST_PARENT	
3359253	3359254	IS_AST_PARENT	
3359253	3359255	IS_AST_PARENT	
3359251	3359253	IS_AST_PARENT	
3359250	3359251	IS_AST_PARENT	
3359247	3359250	IS_AST_PARENT	
3359256	3359257	IS_AST_PARENT	
3359247	3359256	IS_AST_PARENT	
3359258	3359259	IS_AST_PARENT	
3359247	3359258	IS_AST_PARENT	
3359242	3359247	IS_AST_PARENT	
3359240	3359242	IS_AST_PARENT	
3359239	3359240	IS_AST_PARENT	
3359173	3359239	IS_AST_PARENT	
3359172	3359173	IS_AST_PARENT	
3359172	3359260	IS_AST_PARENT	
3359172	3359261	IS_AST_PARENT	
3359172	3359262	IS_AST_PARENT	
3359263	3359174	FLOWS_TO	
3359174	3359183	FLOWS_TO	
3359183	3359188	FLOWS_TO	
3359188	3359200	FLOWS_TO	
3359188	3359232	FLOWS_TO	
3359200	3359222	FLOWS_TO	
3359222	3359223	FLOWS_TO	
3359223	3359224	FLOWS_TO	
3359224	3359225	FLOWS_TO	
3359225	3359226	FLOWS_TO	
3359226	3359227	FLOWS_TO	
3359227	3359228	FLOWS_TO	
3359228	3359229	FLOWS_TO	
3359229	3359230	FLOWS_TO	
3359230	3359231	FLOWS_TO	
3359231	3359232	FLOWS_TO	
3359232	3359239	FLOWS_TO	
3359239	3359264	FLOWS_TO	
3359188	3359265	USE	
3359188	3359266	USE	
3359195	3359266	USE	
3359200	3359267	USE	
3359218	3359267	USE	
3359239	3359268	USE	
3359250	3359268	USE	
3359239	3359269	USE	
3359258	3359269	USE	
3359183	3359270	DEF	
3359184	3359270	DEF	
3359188	3359270	USE	
3359197	3359270	USE	
3359200	3359271	DEF	
3359204	3359271	DEF	
3359201	3359271	DEF	
3359174	3359272	USE	
3359179	3359272	USE	
3359200	3359273	USE	
3359204	3359273	USE	
3359239	3359273	USE	
3359240	3359273	USE	
3359200	3359274	USE	
3359208	3359274	USE	
3359239	3359274	USE	
3359244	3359274	USE	
3359239	3359275	USE	
3359240	3359275	USE	
3359200	3359276	USE	
3359220	3359276	USE	
3359200	3359277	USE	
3359204	3359277	USE	
3359239	3359278	USE	
3359248	3359278	USE	
3359200	3359279	USE	
3359214	3359279	USE	
3359188	3359280	USE	
3359191	3359280	USE	
3359200	3359281	USE	
3359212	3359281	USE	
3359232	3359282	USE	
3359237	3359282	USE	
3359239	3359282	DEF	
3359240	3359282	DEF	
3359183	3359188	REACHES	index
3359263	3359174	CONTROLS	
3359263	3359183	CONTROLS	
3359263	3359188	CONTROLS	
3359263	3359232	CONTROLS	
3359263	3359239	CONTROLS	
3359188	3359200	CONTROLS	
3359188	3359222	CONTROLS	
3359188	3359223	CONTROLS	
3359188	3359224	CONTROLS	
3359188	3359225	CONTROLS	
3359188	3359226	CONTROLS	
3359188	3359227	CONTROLS	
3359188	3359228	CONTROLS	
3359188	3359229	CONTROLS	
3359188	3359230	CONTROLS	
3359188	3359231	CONTROLS	
3359224	3359225	DOM	
3359225	3359226	DOM	
3359228	3359229	DOM	
3359200	3359222	DOM	
3359223	3359224	DOM	
3359183	3359188	DOM	
3359229	3359230	DOM	
3359230	3359231	DOM	
3359222	3359223	DOM	
3359188	3359232	DOM	
3359174	3359183	DOM	
3359263	3359174	DOM	
3359263	3359263	DOM	
3359239	3359264	DOM	
3359226	3359227	DOM	
3359188	3359200	DOM	
3359232	3359239	DOM	
3359227	3359228	DOM	
3359226	3359225	POST_DOM	
3359230	3359229	POST_DOM	
3359227	3359226	POST_DOM	
3359225	3359224	POST_DOM	
3359223	3359222	POST_DOM	
3359232	3359188	POST_DOM	
3359232	3359231	POST_DOM	
3359231	3359230	POST_DOM	
3359224	3359223	POST_DOM	
3359239	3359232	POST_DOM	
3359188	3359183	POST_DOM	
3359183	3359174	POST_DOM	
3359174	3359263	POST_DOM	
3359264	3359264	POST_DOM	
3359228	3359227	POST_DOM	
3359222	3359200	POST_DOM	
3359264	3359239	POST_DOM	
3359229	3359228	POST_DOM	
3359171	3359172	IS_FUNCTION_OF_AST	
3359171	3359263	IS_FUNCTION_OF_CFG	
3355010	3359171	IS_FILE_OF	
3359287	3359288	IS_AST_PARENT	
3359287	3359289	IS_AST_PARENT	
3359286	3359287	IS_AST_PARENT	
3359285	3359286	IS_AST_PARENT	
3359293	3359294	IS_AST_PARENT	
3359293	3359295	IS_AST_PARENT	
3359292	3359293	IS_AST_PARENT	
3359291	3359292	IS_AST_PARENT	
3359297	3359298	IS_AST_PARENT	
3359296	3359297	IS_AST_PARENT	
3359299	3359300	IS_AST_PARENT	
3359296	3359299	IS_AST_PARENT	
3359291	3359296	IS_AST_PARENT	
3359290	3359291	IS_AST_PARENT	
3359285	3359290	IS_AST_PARENT	
3359302	3359303	IS_AST_PARENT	
3359302	3359304	IS_AST_PARENT	
3359305	3359306	IS_AST_PARENT	
3359309	3359310	IS_AST_PARENT	
3359309	3359311	IS_AST_PARENT	
3359308	3359309	IS_AST_PARENT	
3359307	3359308	IS_AST_PARENT	
3359313	3359314	IS_AST_PARENT	
3359312	3359313	IS_AST_PARENT	
3359316	3359317	IS_AST_PARENT	
3359316	3359318	IS_AST_PARENT	
3359315	3359316	IS_AST_PARENT	
3359312	3359315	IS_AST_PARENT	
3359319	3359320	IS_AST_PARENT	
3359312	3359319	IS_AST_PARENT	
3359321	3359322	IS_AST_PARENT	
3359312	3359321	IS_AST_PARENT	
3359307	3359312	IS_AST_PARENT	
3359305	3359307	IS_AST_PARENT	
3359302	3359305	IS_AST_PARENT	
3359301	3359302	IS_AST_PARENT	
3359285	3359301	IS_AST_PARENT	
3359285	3359323	IS_AST_PARENT	
3359285	3359324	IS_AST_PARENT	
3359285	3359325	IS_AST_PARENT	
3359285	3359326	IS_AST_PARENT	
3359285	3359327	IS_AST_PARENT	
3359285	3359328	IS_AST_PARENT	
3359285	3359329	IS_AST_PARENT	
3359285	3359330	IS_AST_PARENT	
3359285	3359331	IS_AST_PARENT	
3359285	3359332	IS_AST_PARENT	
3359284	3359285	IS_AST_PARENT	
3359284	3359333	IS_AST_PARENT	
3359284	3359334	IS_AST_PARENT	
3359336	3359337	IS_AST_PARENT	
3359336	3359338	IS_AST_PARENT	
3359335	3359336	IS_AST_PARENT	
3359284	3359335	IS_AST_PARENT	
3359339	3359336	FLOWS_TO	
3359336	3359286	FLOWS_TO	
3359286	3359290	FLOWS_TO	
3359290	3359301	FLOWS_TO	
3359301	3359323	FLOWS_TO	
3359323	3359324	FLOWS_TO	
3359324	3359325	FLOWS_TO	
3359325	3359326	FLOWS_TO	
3359326	3359327	FLOWS_TO	
3359327	3359328	FLOWS_TO	
3359328	3359329	FLOWS_TO	
3359329	3359330	FLOWS_TO	
3359330	3359331	FLOWS_TO	
3359331	3359332	FLOWS_TO	
3359332	3359340	FLOWS_TO	
3359301	3359341	USE	
3359319	3359341	USE	
3359286	3359342	DEF	
3359287	3359342	DEF	
3359301	3359343	USE	
3359305	3359343	USE	
3359301	3359344	USE	
3359309	3359344	USE	
3359336	3359345	DEF	
3359290	3359345	USE	
3359299	3359345	USE	
3359301	3359346	USE	
3359321	3359346	USE	
3359301	3359347	DEF	
3359305	3359347	DEF	
3359302	3359347	DEF	
3359301	3359348	USE	
3359305	3359348	USE	
3359301	3359349	USE	
3359315	3359349	USE	
3359290	3359350	USE	
3359293	3359350	USE	
3359301	3359351	USE	
3359313	3359351	USE	
3359290	3359352	USE	
3359297	3359352	USE	
3359336	3359290	REACHES	isHadActive
3359339	3359336	CONTROLS	
3359339	3359286	CONTROLS	
3359339	3359290	CONTROLS	
3359339	3359301	CONTROLS	
3359339	3359323	CONTROLS	
3359339	3359324	CONTROLS	
3359339	3359325	CONTROLS	
3359339	3359326	CONTROLS	
3359339	3359327	CONTROLS	
3359339	3359328	CONTROLS	
3359339	3359329	CONTROLS	
3359339	3359330	CONTROLS	
3359339	3359331	CONTROLS	
3359339	3359332	CONTROLS	
3359330	3359331	DOM	
3359327	3359328	DOM	
3359325	3359326	DOM	
3359286	3359290	DOM	
3359336	3359286	DOM	
3359301	3359323	DOM	
3359331	3359332	DOM	
3359326	3359327	DOM	
3359332	3359340	DOM	
3359339	3359339	DOM	
3359324	3359325	DOM	
3359329	3359330	DOM	
3359290	3359301	DOM	
3359323	3359324	DOM	
3359339	3359336	DOM	
3359328	3359329	DOM	
3359332	3359331	POST_DOM	
3359329	3359328	POST_DOM	
3359327	3359326	POST_DOM	
3359301	3359290	POST_DOM	
3359290	3359286	POST_DOM	
3359324	3359323	POST_DOM	
3359340	3359332	POST_DOM	
3359340	3359340	POST_DOM	
3359328	3359327	POST_DOM	
3359336	3359339	POST_DOM	
3359326	3359325	POST_DOM	
3359331	3359330	POST_DOM	
3359325	3359324	POST_DOM	
3359323	3359301	POST_DOM	
3359330	3359329	POST_DOM	
3359286	3359336	POST_DOM	
3359283	3359284	IS_FUNCTION_OF_AST	
3359283	3359339	IS_FUNCTION_OF_CFG	
3355010	3359283	IS_FILE_OF	
