start	end	type	var
5016899	5016900	IS_FILE_OF	
5016901	5016902	DECLARES	
5016900	5016901	IS_CLASS_OF	
5016903	5016904	DECLARES	
5016900	5016903	IS_CLASS_OF	
5016905	5016906	DECLARES	
5016900	5016905	IS_CLASS_OF	
5016907	5016908	DECLARES	
5016900	5016907	IS_CLASS_OF	
5016909	5016910	DECLARES	
5016900	5016909	IS_CLASS_OF	
5016911	5016912	DECLARES	
5016900	5016911	IS_CLASS_OF	
