command	key	type	code	location	functionId	childNum	isCFGNode	operator	baseType	completeType	identifier
ANR	5367693	File	data/converged/CVE-2019-16718~_radare2/menu.h								
ANR	5367694	ClassDef	grub_menu_entry_class	23:0:857:940							
ANR	5367695	DeclStmt									
ANR	5367696	Decl							char	char *	name
ANR	5367697	DeclStmt									
ANR	5367698	Decl							struct grub_menu_entry_class	struct grub_menu_entry_class *	next
ANR	5367699	ClassDef	grub_menu_entry	30:0:967:1637							
ANR	5367700	DeclStmt									
ANR	5367701	Decl							const char	const char *	title
ANR	5367702	DeclStmt									
ANR	5367703	Decl							int	int	restricted
ANR	5367704	DeclStmt									
ANR	5367705	Decl							const char	const char *	users
ANR	5367706	DeclStmt									
ANR	5367707	Decl							struct grub_menu_entry_class	struct grub_menu_entry_class *	classes
ANR	5367708	DeclStmt									
ANR	5367709	Decl							const char	const char *	sourcecode
ANR	5367710	DeclStmt									
ANR	5367711	Decl							int	int	hotkey
ANR	5367712	DeclStmt									
ANR	5367713	Decl							const char	const char *	group
ANR	5367714	DeclStmt									
ANR	5367715	Decl							struct grub_menu_entry	struct grub_menu_entry *	next
ANR	5367716	DeclStmt									
ANR	5367717	Decl							struct grub_menu_entry	struct grub_menu_entry *	grub_menu_entry_t
ANR	5367718	ClassDef	grub_menu	60:0:1709:1837							
ANR	5367719	DeclStmt									
ANR	5367720	Decl							int	int	size
ANR	5367721	DeclStmt									
ANR	5367722	Decl							grub_menu_entry_t	grub_menu_entry_t	entry_list
ANR	5367723	DeclStmt									
ANR	5367724	Decl							struct grub_menu	struct grub_menu *	grub_menu_t
ANR	5367725	DeclStmt									
ANR	5367726	Decl							grub_err_t	"grub_err_t ( int argc , const char * * args , const char * sourcecode )"	grub_menu_entry_add
ANR	5367727	DeclStmt									
ANR	5367728	Decl							void	"void ( const char * config , int nested , int batch )"	grub_menu_execute
ANR	5367729	DeclStmt									
ANR	5367730	Decl							const char	const char * ( int key )	grub_menu_key2name
ANR	5367731	DeclStmt									
ANR	5367732	Decl							int	int ( const char * name )	grub_menu_name2key
