start	end	type	var
1409709	1409710	DECLARES	
1409711	1409712	DECLARES	
