start	end	type	var
2351964	2351965	DECLARES	
