start	end	type	var
546075	546076	DECLARES	
546077	546078	DECLARES	
