start	end	type	var
399971	399972	IS_AST_PARENT	
399971	399973	IS_AST_PARENT	
399974	399975	IS_AST_PARENT	
399976	399977	IS_AST_PARENT	
399974	399976	IS_AST_PARENT	
399971	399974	IS_AST_PARENT	
399970	399971	IS_AST_PARENT	
399969	399970	IS_AST_PARENT	
399979	399980	IS_AST_PARENT	
399979	399981	IS_AST_PARENT	
399982	399983	IS_AST_PARENT	
399985	399986	IS_AST_PARENT	
399984	399985	IS_AST_PARENT	
399988	399989	IS_AST_PARENT	
399987	399988	IS_AST_PARENT	
399984	399987	IS_AST_PARENT	
399982	399984	IS_AST_PARENT	
399979	399982	IS_AST_PARENT	
399978	399979	IS_AST_PARENT	
399969	399978	IS_AST_PARENT	
399992	399993	IS_AST_PARENT	
399992	399994	IS_AST_PARENT	
399991	399992	IS_AST_PARENT	
399996	399997	IS_AST_PARENT	
399995	399996	IS_AST_PARENT	
399999	400000	IS_AST_PARENT	
399998	399999	IS_AST_PARENT	
400002	400003	IS_AST_PARENT	
400002	400004	IS_AST_PARENT	
400001	400002	IS_AST_PARENT	
399998	400001	IS_AST_PARENT	
400006	400007	IS_AST_PARENT	
400008	400009	IS_AST_PARENT	
400008	400010	IS_AST_PARENT	
400006	400008	IS_AST_PARENT	
400005	400006	IS_AST_PARENT	
399998	400005	IS_AST_PARENT	
399995	399998	IS_AST_PARENT	
399991	399995	IS_AST_PARENT	
399990	399991	IS_AST_PARENT	
399969	399990	IS_AST_PARENT	
400013	400014	IS_AST_PARENT	
400012	400013	IS_AST_PARENT	
400017	400018	IS_AST_PARENT	
400019	400020	IS_AST_PARENT	
400019	400021	IS_AST_PARENT	
400017	400019	IS_AST_PARENT	
400016	400017	IS_AST_PARENT	
400015	400016	IS_AST_PARENT	
400023	400024	IS_AST_PARENT	
400023	400025	IS_AST_PARENT	
400022	400023	IS_AST_PARENT	
400015	400022	IS_AST_PARENT	
400012	400015	IS_AST_PARENT	
400011	400012	IS_AST_PARENT	
399969	400011	IS_AST_PARENT	
400027	400028	IS_AST_PARENT	
400027	400029	IS_AST_PARENT	
400026	400027	IS_AST_PARENT	
399969	400026	IS_AST_PARENT	
399968	399969	IS_AST_PARENT	
399968	400030	IS_AST_PARENT	
399968	400031	IS_AST_PARENT	
400033	400034	IS_AST_PARENT	
400033	400035	IS_AST_PARENT	
400032	400033	IS_AST_PARENT	
400036	400037	IS_AST_PARENT	
400036	400038	IS_AST_PARENT	
400032	400036	IS_AST_PARENT	
400039	400040	IS_AST_PARENT	
400039	400041	IS_AST_PARENT	
400032	400039	IS_AST_PARENT	
400042	400043	IS_AST_PARENT	
400042	400044	IS_AST_PARENT	
400032	400042	IS_AST_PARENT	
399968	400032	IS_AST_PARENT	
400045	400033	FLOWS_TO	
400033	400036	FLOWS_TO	
400036	400039	FLOWS_TO	
400039	400042	FLOWS_TO	
400042	399970	FLOWS_TO	
399970	399978	FLOWS_TO	
399978	399990	FLOWS_TO	
399990	400011	FLOWS_TO	
400011	400026	FLOWS_TO	
400026	400046	FLOWS_TO	
400033	400047	DEF	
399990	400047	USE	
400008	400047	USE	
400036	400048	DEF	
399990	400048	USE	
399992	400048	USE	
400011	400048	USE	
400019	400048	USE	
400016	400048	USE	
400026	400048	USE	
400027	400048	USE	
399970	400049	DEF	
399974	400049	DEF	
399971	400049	DEF	
400011	400049	USE	
400022	400049	USE	
400023	400049	USE	
399978	400050	USE	
399982	400050	USE	
399978	400051	DEF	
399982	400051	DEF	
399979	400051	DEF	
399990	400051	USE	
399999	400051	USE	
399990	400052	DEF	
399991	400052	DEF	
400026	400052	USE	
399990	400053	USE	
400001	400053	USE	
399990	400054	USE	
400005	400054	USE	
400042	400055	DEF	
399990	400056	USE	
400005	400056	USE	
400039	400057	DEF	
399978	400057	USE	
399988	400057	USE	
399990	400058	DEF	
399991	400058	DEF	
400026	400058	USE	
400011	400059	USE	
400016	400059	USE	
399990	400060	USE	
399991	400060	USE	
400011	400061	USE	
400022	400061	USE	
400033	399990	REACHES	a
400036	399990	REACHES	op
399970	400011	REACHES	hi
400036	400011	REACHES	op
400036	400026	REACHES	op
400039	399978	REACHES	buf
399990	400046	REACHES	* op
399978	399990	REACHES	data
399990	400026	REACHES	* op
399990	400026	REACHES	op -> size
400045	400033	CONTROLS	
400045	400036	CONTROLS	
400045	400039	CONTROLS	
400045	400042	CONTROLS	
400045	399970	CONTROLS	
400045	399978	CONTROLS	
400045	399990	CONTROLS	
400045	400011	CONTROLS	
400045	400026	CONTROLS	
400033	400036	DOM	
400039	400042	DOM	
400042	399970	DOM	
399978	399990	DOM	
399970	399978	DOM	
400011	400026	DOM	
400026	400046	DOM	
400045	400033	DOM	
400036	400039	DOM	
400045	400045	DOM	
399990	400011	DOM	
400039	400036	POST_DOM	
399978	399970	POST_DOM	
399970	400042	POST_DOM	
400011	399990	POST_DOM	
399990	399978	POST_DOM	
400046	400046	POST_DOM	
400046	400026	POST_DOM	
400042	400039	POST_DOM	
400036	400033	POST_DOM	
400026	400011	POST_DOM	
400033	400045	POST_DOM	
399967	399968	IS_FUNCTION_OF_AST	
399967	400045	IS_FUNCTION_OF_CFG	
399966	399967	IS_FILE_OF	
400062	400063	DECLARES	
400064	400065	DECLARES	
