command	key	type	code	location	functionId	childNum	isCFGNode	operator	baseType	completeType	identifier
ANR	2010488	File	data/converged/CVE-2017-11142_php-src/ext_standard_quot_print.c								
ANR	2010489	Function	php_hex2int	37:0:1373:1600							
ANR	2010490	FunctionDef	php_hex2int (int c)		2010489	0					
ANR	2010491	CompoundStatement		38:0:1414:1600	2010489	0					
ANR	2010492	IfStatement	if ( isdigit ( c ) )		2010489	0					
ANR	2010493	Condition	isdigit ( c )	39:5:1421:1430	2010489	0	True				
ANR	2010494	CallExpression	isdigit ( c )		2010489	0					
ANR	2010495	Callee	isdigit		2010489	0					
ANR	2010496	Identifier	isdigit		2010489	0					
ANR	2010497	ArgumentList	c		2010489	1					
ANR	2010498	Argument	c		2010489	0					
ANR	2010499	Identifier	c		2010489	0					
ANR	2010500	CompoundStatement		2:17:18:18	2010489	1					
ANR	2010501	ReturnStatement	return c - '0' ;	40:2:1437:1451	2010489	0	True				
ANR	2010502	AdditiveExpression	c - '0'		2010489	0		-			
ANR	2010503	Identifier	c		2010489	0					
ANR	2010504	PrimaryExpression	'0'		2010489	1					
ANR	2010505	ElseStatement	else		2010489	0					
ANR	2010506	IfStatement	if ( c >= 'A' && c <= 'F' )		2010489	0					
ANR	2010507	Condition	c >= 'A' && c <= 'F'	42:10:1466:1485	2010489	0	True				
ANR	2010508	AndExpression	c >= 'A' && c <= 'F'		2010489	0		&&			
ANR	2010509	RelationalExpression	c >= 'A'		2010489	0		>=			
ANR	2010510	Identifier	c		2010489	0					
ANR	2010511	PrimaryExpression	'A'		2010489	1					
ANR	2010512	RelationalExpression	c <= 'F'		2010489	1		<=			
ANR	2010513	Identifier	c		2010489	0					
ANR	2010514	PrimaryExpression	'F'		2010489	1					
ANR	2010515	CompoundStatement		5:32:73:73	2010489	1					
ANR	2010516	ReturnStatement	return c - 'A' + 10 ;	43:2:1492:1511	2010489	0	True				
ANR	2010517	AdditiveExpression	c - 'A' + 10		2010489	0		-			
ANR	2010518	Identifier	c		2010489	0					
ANR	2010519	AdditiveExpression	'A' + 10		2010489	1		+			
ANR	2010520	PrimaryExpression	'A'		2010489	0					
ANR	2010521	PrimaryExpression	10		2010489	1					
ANR	2010522	ElseStatement	else		2010489	0					
ANR	2010523	IfStatement	if ( c >= 'a' && c <= 'f' )		2010489	0					
ANR	2010524	Condition	c >= 'a' && c <= 'f'	45:10:1526:1545	2010489	0	True				
ANR	2010525	AndExpression	c >= 'a' && c <= 'f'		2010489	0		&&			
ANR	2010526	RelationalExpression	c >= 'a'		2010489	0		>=			
ANR	2010527	Identifier	c		2010489	0					
ANR	2010528	PrimaryExpression	'a'		2010489	1					
ANR	2010529	RelationalExpression	c <= 'f'		2010489	1		<=			
ANR	2010530	Identifier	c		2010489	0					
ANR	2010531	PrimaryExpression	'f'		2010489	1					
ANR	2010532	CompoundStatement		8:32:133:133	2010489	1					
ANR	2010533	ReturnStatement	return c - 'a' + 10 ;	46:2:1552:1571	2010489	0	True				
ANR	2010534	AdditiveExpression	c - 'a' + 10		2010489	0		-			
ANR	2010535	Identifier	c		2010489	0					
ANR	2010536	AdditiveExpression	'a' + 10		2010489	1		+			
ANR	2010537	PrimaryExpression	'a'		2010489	0					
ANR	2010538	PrimaryExpression	10		2010489	1					
ANR	2010539	ElseStatement	else		2010489	0					
ANR	2010540	CompoundStatement		11:6:167:167	2010489	0					
ANR	2010541	ReturnStatement	return - 1 ;	49:2:1586:1595	2010489	0	True				
ANR	2010542	UnaryOperationExpression	- 1		2010489	0					
ANR	2010543	UnaryOperator	-		2010489	0					
ANR	2010544	PrimaryExpression	1		2010489	1					
ANR	2010545	ReturnType	static char		2010489	1					
ANR	2010546	Identifier	php_hex2int		2010489	2					
ANR	2010547	ParameterList	int c		2010489	3					
ANR	2010548	Parameter	int c	37:24:1397:1401	2010489	0	True				
ANR	2010549	ParameterType	int		2010489	0					
ANR	2010550	Identifier	c		2010489	1					
ANR	2010551	CFGEntryNode	ENTRY		2010489		True				
ANR	2010552	CFGExitNode	EXIT		2010489		True				
ANR	2010553	Symbol	c		2010489						
ANR	2010554	Symbol	isdigit		2010489						
ANR	2010555	Function	php_quot_print_decode	54:7:1620:4211							
ANR	2010556	FunctionDef	"php_quot_print_decode (const unsigned char * str , size_t length , size_t * ret_length , int replace_us_by_ws)"		2010555	0					
ANR	2010557	CompoundStatement		55:0:1750:4211	2010555	0					
ANR	2010558	Statement	register	56:1:1753:1760	2010555	0	True				
ANR	2010559	IdentifierDeclStatement	unsigned int i ;	56:10:1762:1776	2010555	1	True				
ANR	2010560	IdentifierDecl	i		2010555	0					
ANR	2010561	IdentifierDeclType	unsigned int		2010555	0					
ANR	2010562	Identifier	i		2010555	1					
ANR	2010563	Statement	register	57:1:1779:1786	2010555	2	True				
ANR	2010564	Statement	unsigned	57:10:1788:1795	2010555	3	True				
ANR	2010565	IdentifierDeclStatement	const char * p1 ;	57:19:1797:1811	2010555	4	True				
ANR	2010566	IdentifierDecl	* p1		2010555	0					
ANR	2010567	IdentifierDeclType	const char *		2010555	0					
ANR	2010568	Identifier	p1		2010555	1					
ANR	2010569	Statement	register	58:1:1814:1821	2010555	5	True				
ANR	2010570	IdentifierDeclStatement	unsigned char * p2 ;	58:10:1823:1840	2010555	6	True				
ANR	2010571	IdentifierDecl	* p2		2010555	0					
ANR	2010572	IdentifierDeclType	unsigned char *		2010555	0					
ANR	2010573	Identifier	p2		2010555	1					
ANR	2010574	Statement	register	59:1:1843:1850	2010555	7	True				
ANR	2010575	IdentifierDeclStatement	"unsigned int h_nbl , l_nbl ;"	59:10:1852:1877	2010555	8	True				
ANR	2010576	IdentifierDecl	h_nbl		2010555	0					
ANR	2010577	IdentifierDeclType	unsigned int		2010555	0					
ANR	2010578	Identifier	h_nbl		2010555	1					
ANR	2010579	IdentifierDecl	l_nbl		2010555	1					
ANR	2010580	IdentifierDeclType	unsigned int		2010555	0					
ANR	2010581	Identifier	l_nbl		2010555	1					
ANR	2010582	IdentifierDeclStatement	"size_t decoded_len , buf_size ;"	61:1:1881:1909	2010555	9	True				
ANR	2010583	IdentifierDecl	decoded_len		2010555	0					
ANR	2010584	IdentifierDeclType	size_t		2010555	0					
ANR	2010585	Identifier	decoded_len		2010555	1					
ANR	2010586	IdentifierDecl	buf_size		2010555	1					
ANR	2010587	IdentifierDeclType	size_t		2010555	0					
ANR	2010588	Identifier	buf_size		2010555	1					
ANR	2010589	IdentifierDeclStatement	unsigned char * retval ;	62:1:1912:1933	2010555	10	True				
ANR	2010590	IdentifierDecl	* retval		2010555	0					
ANR	2010591	IdentifierDeclType	unsigned char *		2010555	0					
ANR	2010592	Identifier	retval		2010555	1					
ANR	2010593	Statement	static	64:1:1937:1942	2010555	11	True				
ANR	2010594	IdentifierDeclStatement	"unsigned int hexval_tbl [ 256 ] = { 64 , 64 , 64 , 64 , 64 , 64 , 64 , 64 , 64 , 32 , 16 , 64 , 64 , 16 , 64 , 64 , 64 , 64 , 64 , 64 , 64 , 64 , 64 , 64 , 64 , 64 , 64 , 64 , 64 , 64 , 64 , 64 , 32 , 64 , 64 , 64 , 64 , 64 , 64 , 64 , 64 , 64 , 64 , 64 , 64 , 64 , 64 , 64 , 0 , 1 , 2 , 3 , 4 , 5 , 6 , 7 , 8 , 9 , 64 , 64 , 64 , 64 , 64 , 64 , 64 , 10 , 11 , 12 , 13 , 14 , 15 , 64 , 64 , 64 , 64 , 64 , 64 , 64 , 64 , 64 , 64 , 64 , 64 , 64 , 64 , 64 , 64 , 64 , 64 , 64 , 64 , 64 , 64 , 64 , 64 , 64 , 64 , 10 , 11 , 12 , 13 , 14 , 15 , 64 , 64 , 64 , 64 , 64 , 64 , 64 , 64 , 64 , 64 , 64 , 64 , 64 , 64 , 64 , 64 , 64 , 64 , 64 , 64 , 64 , 64 , 64 , 64 , 64 , 64 , 64 , 64 , 64 , 64 , 64 , 64 , 64 , 64 , 64 , 64 , 64 , 64 , 64 , 64 , 64 , 64 , 64 , 64 , 64 , 64 , 64 , 64 , 64 , 64 , 64 , 64 , 64 , 64 , 64 , 64 , 64 , 64 , 64 , 64 , 64 , 64 , 64 , 64 , 64 , 64 , 64 , 64 , 64 , 64 , 64 , 64 , 64 , 64 , 64 , 64 , 64 , 64 , 64 , 64 , 64 , 64 , 64 , 64 , 64 , 64 , 64 , 64 , 64 , 64 , 64 , 64 , 64 , 64 , 64 , 64 , 64 , 64 , 64 , 64 , 64 , 64 , 64 , 64 , 64 , 64 , 64 , 64 , 64 , 64 , 64 , 64 , 64 , 64 , 64 , 64 , 64 , 64 , 64 , 64 , 64 , 64 , 64 , 64 , 64 , 64 , 64 , 64 , 64 , 64 , 64 , 64 , 64 , 64 , 64 , 64 , 64 , 64 , 64 , 64 , 64 , 64 , 64 , 64 , 64 , 64 , 64 , 64 , 64 , 64 , 64 , 64 , 64 } ;"	64:8:1944:3034	2010555	12	True				
ANR	2010595	IdentifierDecl	"hexval_tbl [ 256 ] = { 64 , 64 , 64 , 64 , 64 , 64 , 64 , 64 , 64 , 32 , 16 , 64 , 64 , 16 , 64 , 64 , 64 , 64 , 64 , 64 , 64 , 64 , 64 , 64 , 64 , 64 , 64 , 64 , 64 , 64 , 64 , 64 , 32 , 64 , 64 , 64 , 64 , 64 , 64 , 64 , 64 , 64 , 64 , 64 , 64 , 64 , 64 , 64 , 0 , 1 , 2 , 3 , 4 , 5 , 6 , 7 , 8 , 9 , 64 , 64 , 64 , 64 , 64 , 64 , 64 , 10 , 11 , 12 , 13 , 14 , 15 , 64 , 64 , 64 , 64 , 64 , 64 , 64 , 64 , 64 , 64 , 64 , 64 , 64 , 64 , 64 , 64 , 64 , 64 , 64 , 64 , 64 , 64 , 64 , 64 , 64 , 64 , 10 , 11 , 12 , 13 , 14 , 15 , 64 , 64 , 64 , 64 , 64 , 64 , 64 , 64 , 64 , 64 , 64 , 64 , 64 , 64 , 64 , 64 , 64 , 64 , 64 , 64 , 64 , 64 , 64 , 64 , 64 , 64 , 64 , 64 , 64 , 64 , 64 , 64 , 64 , 64 , 64 , 64 , 64 , 64 , 64 , 64 , 64 , 64 , 64 , 64 , 64 , 64 , 64 , 64 , 64 , 64 , 64 , 64 , 64 , 64 , 64 , 64 , 64 , 64 , 64 , 64 , 64 , 64 , 64 , 64 , 64 , 64 , 64 , 64 , 64 , 64 , 64 , 64 , 64 , 64 , 64 , 64 , 64 , 64 , 64 , 64 , 64 , 64 , 64 , 64 , 64 , 64 , 64 , 64 , 64 , 64 , 64 , 64 , 64 , 64 , 64 , 64 , 64 , 64 , 64 , 64 , 64 , 64 , 64 , 64 , 64 , 64 , 64 , 64 , 64 , 64 , 64 , 64 , 64 , 64 , 64 , 64 , 64 , 64 , 64 , 64 , 64 , 64 , 64 , 64 , 64 , 64 , 64 , 64 , 64 , 64 , 64 , 64 , 64 , 64 , 64 , 64 , 64 , 64 , 64 , 64 , 64 , 64 , 64 , 64 , 64 , 64 , 64 , 64 , 64 , 64 , 64 , 64 , 64 }"		2010555	0					
ANR	2010596	IdentifierDeclType	unsigned int [ 256 ]		2010555	0					
ANR	2010597	Identifier	hexval_tbl		2010555	1					
ANR	2010598	PrimaryExpression	256		2010555	2					
ANR	2010599	AssignmentExpression	"hexval_tbl [ 256 ] = { 64 , 64 , 64 , 64 , 64 , 64 , 64 , 64 , 64 , 32 , 16 , 64 , 64 , 16 , 64 , 64 , 64 , 64 , 64 , 64 , 64 , 64 , 64 , 64 , 64 , 64 , 64 , 64 , 64 , 64 , 64 , 64 , 32 , 64 , 64 , 64 , 64 , 64 , 64 , 64 , 64 , 64 , 64 , 64 , 64 , 64 , 64 , 64 , 0 , 1 , 2 , 3 , 4 , 5 , 6 , 7 , 8 , 9 , 64 , 64 , 64 , 64 , 64 , 64 , 64 , 10 , 11 , 12 , 13 , 14 , 15 , 64 , 64 , 64 , 64 , 64 , 64 , 64 , 64 , 64 , 64 , 64 , 64 , 64 , 64 , 64 , 64 , 64 , 64 , 64 , 64 , 64 , 64 , 64 , 64 , 64 , 64 , 10 , 11 , 12 , 13 , 14 , 15 , 64 , 64 , 64 , 64 , 64 , 64 , 64 , 64 , 64 , 64 , 64 , 64 , 64 , 64 , 64 , 64 , 64 , 64 , 64 , 64 , 64 , 64 , 64 , 64 , 64 , 64 , 64 , 64 , 64 , 64 , 64 , 64 , 64 , 64 , 64 , 64 , 64 , 64 , 64 , 64 , 64 , 64 , 64 , 64 , 64 , 64 , 64 , 64 , 64 , 64 , 64 , 64 , 64 , 64 , 64 , 64 , 64 , 64 , 64 , 64 , 64 , 64 , 64 , 64 , 64 , 64 , 64 , 64 , 64 , 64 , 64 , 64 , 64 , 64 , 64 , 64 , 64 , 64 , 64 , 64 , 64 , 64 , 64 , 64 , 64 , 64 , 64 , 64 , 64 , 64 , 64 , 64 , 64 , 64 , 64 , 64 , 64 , 64 , 64 , 64 , 64 , 64 , 64 , 64 , 64 , 64 , 64 , 64 , 64 , 64 , 64 , 64 , 64 , 64 , 64 , 64 , 64 , 64 , 64 , 64 , 64 , 64 , 64 , 64 , 64 , 64 , 64 , 64 , 64 , 64 , 64 , 64 , 64 , 64 , 64 , 64 , 64 , 64 , 64 , 64 , 64 , 64 , 64 , 64 , 64 , 64 , 64 , 64 , 64 , 64 , 64 , 64 , 64 }"		2010555	3		=			
ANR	2010600	Identifier	hexval_tbl		2010555	0					
ANR	2010601	InitializerList	64		2010555	1					
ANR	2010602	PrimaryExpression	64		2010555	0					
ANR	2010603	PrimaryExpression	64		2010555	1					
ANR	2010604	PrimaryExpression	64		2010555	2					
ANR	2010605	PrimaryExpression	64		2010555	3					
ANR	2010606	PrimaryExpression	64		2010555	4					
ANR	2010607	PrimaryExpression	64		2010555	5					
ANR	2010608	PrimaryExpression	64		2010555	6					
ANR	2010609	PrimaryExpression	64		2010555	7					
ANR	2010610	PrimaryExpression	64		2010555	8					
ANR	2010611	PrimaryExpression	32		2010555	9					
ANR	2010612	PrimaryExpression	16		2010555	10					
ANR	2010613	PrimaryExpression	64		2010555	11					
ANR	2010614	PrimaryExpression	64		2010555	12					
ANR	2010615	PrimaryExpression	16		2010555	13					
ANR	2010616	PrimaryExpression	64		2010555	14					
ANR	2010617	PrimaryExpression	64		2010555	15					
ANR	2010618	PrimaryExpression	64		2010555	16					
ANR	2010619	PrimaryExpression	64		2010555	17					
ANR	2010620	PrimaryExpression	64		2010555	18					
ANR	2010621	PrimaryExpression	64		2010555	19					
ANR	2010622	PrimaryExpression	64		2010555	20					
ANR	2010623	PrimaryExpression	64		2010555	21					
ANR	2010624	PrimaryExpression	64		2010555	22					
ANR	2010625	PrimaryExpression	64		2010555	23					
ANR	2010626	PrimaryExpression	64		2010555	24					
ANR	2010627	PrimaryExpression	64		2010555	25					
ANR	2010628	PrimaryExpression	64		2010555	26					
ANR	2010629	PrimaryExpression	64		2010555	27					
ANR	2010630	PrimaryExpression	64		2010555	28					
ANR	2010631	PrimaryExpression	64		2010555	29					
ANR	2010632	PrimaryExpression	64		2010555	30					
ANR	2010633	PrimaryExpression	64		2010555	31					
ANR	2010634	PrimaryExpression	32		2010555	32					
ANR	2010635	PrimaryExpression	64		2010555	33					
ANR	2010636	PrimaryExpression	64		2010555	34					
ANR	2010637	PrimaryExpression	64		2010555	35					
ANR	2010638	PrimaryExpression	64		2010555	36					
ANR	2010639	PrimaryExpression	64		2010555	37					
ANR	2010640	PrimaryExpression	64		2010555	38					
ANR	2010641	PrimaryExpression	64		2010555	39					
ANR	2010642	PrimaryExpression	64		2010555	40					
ANR	2010643	PrimaryExpression	64		2010555	41					
ANR	2010644	PrimaryExpression	64		2010555	42					
ANR	2010645	PrimaryExpression	64		2010555	43					
ANR	2010646	PrimaryExpression	64		2010555	44					
ANR	2010647	PrimaryExpression	64		2010555	45					
ANR	2010648	PrimaryExpression	64		2010555	46					
ANR	2010649	PrimaryExpression	64		2010555	47					
ANR	2010650	PrimaryExpression	0		2010555	48					
ANR	2010651	PrimaryExpression	1		2010555	49					
ANR	2010652	PrimaryExpression	2		2010555	50					
ANR	2010653	PrimaryExpression	3		2010555	51					
ANR	2010654	PrimaryExpression	4		2010555	52					
ANR	2010655	PrimaryExpression	5		2010555	53					
ANR	2010656	PrimaryExpression	6		2010555	54					
ANR	2010657	PrimaryExpression	7		2010555	55					
ANR	2010658	PrimaryExpression	8		2010555	56					
ANR	2010659	PrimaryExpression	9		2010555	57					
ANR	2010660	PrimaryExpression	64		2010555	58					
ANR	2010661	PrimaryExpression	64		2010555	59					
ANR	2010662	PrimaryExpression	64		2010555	60					
ANR	2010663	PrimaryExpression	64		2010555	61					
ANR	2010664	PrimaryExpression	64		2010555	62					
ANR	2010665	PrimaryExpression	64		2010555	63					
ANR	2010666	PrimaryExpression	64		2010555	64					
ANR	2010667	PrimaryExpression	10		2010555	65					
ANR	2010668	PrimaryExpression	11		2010555	66					
ANR	2010669	PrimaryExpression	12		2010555	67					
ANR	2010670	PrimaryExpression	13		2010555	68					
ANR	2010671	PrimaryExpression	14		2010555	69					
ANR	2010672	PrimaryExpression	15		2010555	70					
ANR	2010673	PrimaryExpression	64		2010555	71					
ANR	2010674	PrimaryExpression	64		2010555	72					
ANR	2010675	PrimaryExpression	64		2010555	73					
ANR	2010676	PrimaryExpression	64		2010555	74					
ANR	2010677	PrimaryExpression	64		2010555	75					
ANR	2010678	PrimaryExpression	64		2010555	76					
ANR	2010679	PrimaryExpression	64		2010555	77					
ANR	2010680	PrimaryExpression	64		2010555	78					
ANR	2010681	PrimaryExpression	64		2010555	79					
ANR	2010682	PrimaryExpression	64		2010555	80					
ANR	2010683	PrimaryExpression	64		2010555	81					
ANR	2010684	PrimaryExpression	64		2010555	82					
ANR	2010685	PrimaryExpression	64		2010555	83					
ANR	2010686	PrimaryExpression	64		2010555	84					
ANR	2010687	PrimaryExpression	64		2010555	85					
ANR	2010688	PrimaryExpression	64		2010555	86					
ANR	2010689	PrimaryExpression	64		2010555	87					
ANR	2010690	PrimaryExpression	64		2010555	88					
ANR	2010691	PrimaryExpression	64		2010555	89					
ANR	2010692	PrimaryExpression	64		2010555	90					
ANR	2010693	PrimaryExpression	64		2010555	91					
ANR	2010694	PrimaryExpression	64		2010555	92					
ANR	2010695	PrimaryExpression	64		2010555	93					
ANR	2010696	PrimaryExpression	64		2010555	94					
ANR	2010697	PrimaryExpression	64		2010555	95					
ANR	2010698	PrimaryExpression	64		2010555	96					
ANR	2010699	PrimaryExpression	10		2010555	97					
ANR	2010700	PrimaryExpression	11		2010555	98					
ANR	2010701	PrimaryExpression	12		2010555	99					
ANR	2010702	PrimaryExpression	13		2010555	100					
ANR	2010703	PrimaryExpression	14		2010555	101					
ANR	2010704	PrimaryExpression	15		2010555	102					
ANR	2010705	PrimaryExpression	64		2010555	103					
ANR	2010706	PrimaryExpression	64		2010555	104					
ANR	2010707	PrimaryExpression	64		2010555	105					
ANR	2010708	PrimaryExpression	64		2010555	106					
ANR	2010709	PrimaryExpression	64		2010555	107					
ANR	2010710	PrimaryExpression	64		2010555	108					
ANR	2010711	PrimaryExpression	64		2010555	109					
ANR	2010712	PrimaryExpression	64		2010555	110					
ANR	2010713	PrimaryExpression	64		2010555	111					
ANR	2010714	PrimaryExpression	64		2010555	112					
ANR	2010715	PrimaryExpression	64		2010555	113					
ANR	2010716	PrimaryExpression	64		2010555	114					
ANR	2010717	PrimaryExpression	64		2010555	115					
ANR	2010718	PrimaryExpression	64		2010555	116					
ANR	2010719	PrimaryExpression	64		2010555	117					
ANR	2010720	PrimaryExpression	64		2010555	118					
ANR	2010721	PrimaryExpression	64		2010555	119					
ANR	2010722	PrimaryExpression	64		2010555	120					
ANR	2010723	PrimaryExpression	64		2010555	121					
ANR	2010724	PrimaryExpression	64		2010555	122					
ANR	2010725	PrimaryExpression	64		2010555	123					
ANR	2010726	PrimaryExpression	64		2010555	124					
ANR	2010727	PrimaryExpression	64		2010555	125					
ANR	2010728	PrimaryExpression	64		2010555	126					
ANR	2010729	PrimaryExpression	64		2010555	127					
ANR	2010730	PrimaryExpression	64		2010555	128					
ANR	2010731	PrimaryExpression	64		2010555	129					
ANR	2010732	PrimaryExpression	64		2010555	130					
ANR	2010733	PrimaryExpression	64		2010555	131					
ANR	2010734	PrimaryExpression	64		2010555	132					
ANR	2010735	PrimaryExpression	64		2010555	133					
ANR	2010736	PrimaryExpression	64		2010555	134					
ANR	2010737	PrimaryExpression	64		2010555	135					
ANR	2010738	PrimaryExpression	64		2010555	136					
ANR	2010739	PrimaryExpression	64		2010555	137					
ANR	2010740	PrimaryExpression	64		2010555	138					
ANR	2010741	PrimaryExpression	64		2010555	139					
ANR	2010742	PrimaryExpression	64		2010555	140					
ANR	2010743	PrimaryExpression	64		2010555	141					
ANR	2010744	PrimaryExpression	64		2010555	142					
ANR	2010745	PrimaryExpression	64		2010555	143					
ANR	2010746	PrimaryExpression	64		2010555	144					
ANR	2010747	PrimaryExpression	64		2010555	145					
ANR	2010748	PrimaryExpression	64		2010555	146					
ANR	2010749	PrimaryExpression	64		2010555	147					
ANR	2010750	PrimaryExpression	64		2010555	148					
ANR	2010751	PrimaryExpression	64		2010555	149					
ANR	2010752	PrimaryExpression	64		2010555	150					
ANR	2010753	PrimaryExpression	64		2010555	151					
ANR	2010754	PrimaryExpression	64		2010555	152					
ANR	2010755	PrimaryExpression	64		2010555	153					
ANR	2010756	PrimaryExpression	64		2010555	154					
ANR	2010757	PrimaryExpression	64		2010555	155					
ANR	2010758	PrimaryExpression	64		2010555	156					
ANR	2010759	PrimaryExpression	64		2010555	157					
ANR	2010760	PrimaryExpression	64		2010555	158					
ANR	2010761	PrimaryExpression	64		2010555	159					
ANR	2010762	PrimaryExpression	64		2010555	160					
ANR	2010763	PrimaryExpression	64		2010555	161					
ANR	2010764	PrimaryExpression	64		2010555	162					
ANR	2010765	PrimaryExpression	64		2010555	163					
ANR	2010766	PrimaryExpression	64		2010555	164					
ANR	2010767	PrimaryExpression	64		2010555	165					
ANR	2010768	PrimaryExpression	64		2010555	166					
ANR	2010769	PrimaryExpression	64		2010555	167					
ANR	2010770	PrimaryExpression	64		2010555	168					
ANR	2010771	PrimaryExpression	64		2010555	169					
ANR	2010772	PrimaryExpression	64		2010555	170					
ANR	2010773	PrimaryExpression	64		2010555	171					
ANR	2010774	PrimaryExpression	64		2010555	172					
ANR	2010775	PrimaryExpression	64		2010555	173					
ANR	2010776	PrimaryExpression	64		2010555	174					
ANR	2010777	PrimaryExpression	64		2010555	175					
ANR	2010778	PrimaryExpression	64		2010555	176					
ANR	2010779	PrimaryExpression	64		2010555	177					
ANR	2010780	PrimaryExpression	64		2010555	178					
ANR	2010781	PrimaryExpression	64		2010555	179					
ANR	2010782	PrimaryExpression	64		2010555	180					
ANR	2010783	PrimaryExpression	64		2010555	181					
ANR	2010784	PrimaryExpression	64		2010555	182					
ANR	2010785	PrimaryExpression	64		2010555	183					
ANR	2010786	PrimaryExpression	64		2010555	184					
ANR	2010787	PrimaryExpression	64		2010555	185					
ANR	2010788	PrimaryExpression	64		2010555	186					
ANR	2010789	PrimaryExpression	64		2010555	187					
ANR	2010790	PrimaryExpression	64		2010555	188					
ANR	2010791	PrimaryExpression	64		2010555	189					
ANR	2010792	PrimaryExpression	64		2010555	190					
ANR	2010793	PrimaryExpression	64		2010555	191					
ANR	2010794	PrimaryExpression	64		2010555	192					
ANR	2010795	PrimaryExpression	64		2010555	193					
ANR	2010796	PrimaryExpression	64		2010555	194					
ANR	2010797	PrimaryExpression	64		2010555	195					
ANR	2010798	PrimaryExpression	64		2010555	196					
ANR	2010799	PrimaryExpression	64		2010555	197					
ANR	2010800	PrimaryExpression	64		2010555	198					
ANR	2010801	PrimaryExpression	64		2010555	199					
ANR	2010802	PrimaryExpression	64		2010555	200					
ANR	2010803	PrimaryExpression	64		2010555	201					
ANR	2010804	PrimaryExpression	64		2010555	202					
ANR	2010805	PrimaryExpression	64		2010555	203					
ANR	2010806	PrimaryExpression	64		2010555	204					
ANR	2010807	PrimaryExpression	64		2010555	205					
ANR	2010808	PrimaryExpression	64		2010555	206					
ANR	2010809	PrimaryExpression	64		2010555	207					
ANR	2010810	PrimaryExpression	64		2010555	208					
ANR	2010811	PrimaryExpression	64		2010555	209					
ANR	2010812	PrimaryExpression	64		2010555	210					
ANR	2010813	PrimaryExpression	64		2010555	211					
ANR	2010814	PrimaryExpression	64		2010555	212					
ANR	2010815	PrimaryExpression	64		2010555	213					
ANR	2010816	PrimaryExpression	64		2010555	214					
ANR	2010817	PrimaryExpression	64		2010555	215					
ANR	2010818	PrimaryExpression	64		2010555	216					
ANR	2010819	PrimaryExpression	64		2010555	217					
ANR	2010820	PrimaryExpression	64		2010555	218					
ANR	2010821	PrimaryExpression	64		2010555	219					
ANR	2010822	PrimaryExpression	64		2010555	220					
ANR	2010823	PrimaryExpression	64		2010555	221					
ANR	2010824	PrimaryExpression	64		2010555	222					
ANR	2010825	PrimaryExpression	64		2010555	223					
ANR	2010826	PrimaryExpression	64		2010555	224					
ANR	2010827	PrimaryExpression	64		2010555	225					
ANR	2010828	PrimaryExpression	64		2010555	226					
ANR	2010829	PrimaryExpression	64		2010555	227					
ANR	2010830	PrimaryExpression	64		2010555	228					
ANR	2010831	PrimaryExpression	64		2010555	229					
ANR	2010832	PrimaryExpression	64		2010555	230					
ANR	2010833	PrimaryExpression	64		2010555	231					
ANR	2010834	PrimaryExpression	64		2010555	232					
ANR	2010835	PrimaryExpression	64		2010555	233					
ANR	2010836	PrimaryExpression	64		2010555	234					
ANR	2010837	PrimaryExpression	64		2010555	235					
ANR	2010838	PrimaryExpression	64		2010555	236					
ANR	2010839	PrimaryExpression	64		2010555	237					
ANR	2010840	PrimaryExpression	64		2010555	238					
ANR	2010841	PrimaryExpression	64		2010555	239					
ANR	2010842	PrimaryExpression	64		2010555	240					
ANR	2010843	PrimaryExpression	64		2010555	241					
ANR	2010844	PrimaryExpression	64		2010555	242					
ANR	2010845	PrimaryExpression	64		2010555	243					
ANR	2010846	PrimaryExpression	64		2010555	244					
ANR	2010847	PrimaryExpression	64		2010555	245					
ANR	2010848	PrimaryExpression	64		2010555	246					
ANR	2010849	PrimaryExpression	64		2010555	247					
ANR	2010850	PrimaryExpression	64		2010555	248					
ANR	2010851	PrimaryExpression	64		2010555	249					
ANR	2010852	PrimaryExpression	64		2010555	250					
ANR	2010853	PrimaryExpression	64		2010555	251					
ANR	2010854	PrimaryExpression	64		2010555	252					
ANR	2010855	PrimaryExpression	64		2010555	253					
ANR	2010856	PrimaryExpression	64		2010555	254					
ANR	2010857	PrimaryExpression	64		2010555	255					
ANR	2010858	IfStatement	if ( replace_us_by_ws )		2010555	13					
ANR	2010859	Condition	replace_us_by_ws	83:5:3042:3057	2010555	0	True				
ANR	2010860	Identifier	replace_us_by_ws		2010555	0					
ANR	2010861	CompoundStatement		29:23:1309:1309	2010555	1					
ANR	2010862	ExpressionStatement	replace_us_by_ws = '_'	84:2:3064:3086	2010555	0	True				
ANR	2010863	AssignmentExpression	replace_us_by_ws = '_'		2010555	0		=			
ANR	2010864	Identifier	replace_us_by_ws		2010555	0					
ANR	2010865	PrimaryExpression	'_'		2010555	1					
ANR	2010866	ExpressionStatement	"i = length , p1 = str"	87:1:3093:3113	2010555	14	True				
ANR	2010867	Expression	"i = length , p1 = str"		2010555	0					
ANR	2010868	AssignmentExpression	i = length		2010555	0		=			
ANR	2010869	Identifier	i		2010555	0					
ANR	2010870	Identifier	length		2010555	1					
ANR	2010871	AssignmentExpression	p1 = str		2010555	1		=			
ANR	2010872	Identifier	p1		2010555	0					
ANR	2010873	Identifier	str		2010555	1					
ANR	2010874	ExpressionStatement	buf_size = length	87:23:3115:3132	2010555	15	True				
ANR	2010875	AssignmentExpression	buf_size = length		2010555	0		=			
ANR	2010876	Identifier	buf_size		2010555	0					
ANR	2010877	Identifier	length		2010555	1					
ANR	2010878	WhileStatement	while ( i > 1 && * p1 != '\\0' )		2010555	16					
ANR	2010879	Condition	i > 1 && * p1 != '\\0'	89:8:3143:3162	2010555	0	True				
ANR	2010880	AndExpression	i > 1 && * p1 != '\\0'		2010555	0		&&			
ANR	2010881	RelationalExpression	i > 1		2010555	0		>			
ANR	2010882	Identifier	i		2010555	0					
ANR	2010883	PrimaryExpression	1		2010555	1					
ANR	2010884	EqualityExpression	* p1 != '\\0'		2010555	1		!=			
ANR	2010885	UnaryOperationExpression	* p1		2010555	0					
ANR	2010886	UnaryOperator	*		2010555	0					
ANR	2010887	Identifier	p1		2010555	1					
ANR	2010888	PrimaryExpression	'\\0'		2010555	1					
ANR	2010889	CompoundStatement		35:30:1414:1414	2010555	1					
ANR	2010890	IfStatement	if ( * p1 == '=' )		2010555	0					
ANR	2010891	Condition	* p1 == '='	90:6:3173:3182	2010555	0	True				
ANR	2010892	EqualityExpression	* p1 == '='		2010555	0		==			
ANR	2010893	UnaryOperationExpression	* p1		2010555	0					
ANR	2010894	UnaryOperator	*		2010555	0					
ANR	2010895	Identifier	p1		2010555	1					
ANR	2010896	PrimaryExpression	'='		2010555	1					
ANR	2010897	CompoundStatement		36:18:1434:1434	2010555	1					
ANR	2010898	ExpressionStatement	buf_size -= 2	91:3:3190:3203	2010555	0	True				
ANR	2010899	AssignmentExpression	buf_size -= 2		2010555	0		-=			
ANR	2010900	Identifier	buf_size		2010555	0					
ANR	2010901	PrimaryExpression	2		2010555	1					
ANR	2010902	ExpressionStatement	p1 ++	92:3:3208:3212	2010555	1	True				
ANR	2010903	PostIncDecOperationExpression	p1 ++		2010555	0					
ANR	2010904	Identifier	p1		2010555	0					
ANR	2010905	IncDec	++		2010555	1					
ANR	2010906	ExpressionStatement	i --	93:3:3217:3220	2010555	2	True				
ANR	2010907	PostIncDecOperationExpression	i --		2010555	0					
ANR	2010908	Identifier	i		2010555	0					
ANR	2010909	IncDec	--		2010555	1					
ANR	2010910	ExpressionStatement	p1 ++	95:2:3228:3232	2010555	1	True				
ANR	2010911	PostIncDecOperationExpression	p1 ++		2010555	0					
ANR	2010912	Identifier	p1		2010555	0					
ANR	2010913	IncDec	++		2010555	1					
ANR	2010914	ExpressionStatement	i --	96:2:3236:3239	2010555	2	True				
ANR	2010915	PostIncDecOperationExpression	i --		2010555	0					
ANR	2010916	Identifier	i		2010555	0					
ANR	2010917	IncDec	--		2010555	1					
ANR	2010918	ExpressionStatement	retval = emalloc ( buf_size + 1 )	99:1:3246:3276	2010555	17	True				
ANR	2010919	AssignmentExpression	retval = emalloc ( buf_size + 1 )		2010555	0		=			
ANR	2010920	Identifier	retval		2010555	0					
ANR	2010921	CallExpression	emalloc ( buf_size + 1 )		2010555	1					
ANR	2010922	Callee	emalloc		2010555	0					
ANR	2010923	Identifier	emalloc		2010555	0					
ANR	2010924	ArgumentList	buf_size + 1		2010555	1					
ANR	2010925	Argument	buf_size + 1		2010555	0					
ANR	2010926	AdditiveExpression	buf_size + 1		2010555	0		+			
ANR	2010927	Identifier	buf_size		2010555	0					
ANR	2010928	PrimaryExpression	1		2010555	1					
ANR	2010929	ExpressionStatement	i = length	100:1:3279:3289	2010555	18	True				
ANR	2010930	AssignmentExpression	i = length		2010555	0		=			
ANR	2010931	Identifier	i		2010555	0					
ANR	2010932	Identifier	length		2010555	1					
ANR	2010933	ExpressionStatement	p1 = str	100:13:3291:3299	2010555	19	True				
ANR	2010934	AssignmentExpression	p1 = str		2010555	0		=			
ANR	2010935	Identifier	p1		2010555	0					
ANR	2010936	Identifier	str		2010555	1					
ANR	2010937	ExpressionStatement	p2 = retval	100:23:3301:3312	2010555	20	True				
ANR	2010938	AssignmentExpression	p2 = retval		2010555	0		=			
ANR	2010939	Identifier	p2		2010555	0					
ANR	2010940	Identifier	retval		2010555	1					
ANR	2010941	ExpressionStatement	decoded_len = 0	101:1:3315:3330	2010555	21	True				
ANR	2010942	AssignmentExpression	decoded_len = 0		2010555	0		=			
ANR	2010943	Identifier	decoded_len		2010555	0					
ANR	2010944	PrimaryExpression	0		2010555	1					
ANR	2010945	WhileStatement	while ( i > 0 && * p1 != '\\0' )		2010555	22					
ANR	2010946	Condition	i > 0 && * p1 != '\\0'	103:8:3341:3360	2010555	0	True				
ANR	2010947	AndExpression	i > 0 && * p1 != '\\0'		2010555	0		&&			
ANR	2010948	RelationalExpression	i > 0		2010555	0		>			
ANR	2010949	Identifier	i		2010555	0					
ANR	2010950	PrimaryExpression	0		2010555	1					
ANR	2010951	EqualityExpression	* p1 != '\\0'		2010555	1		!=			
ANR	2010952	UnaryOperationExpression	* p1		2010555	0					
ANR	2010953	UnaryOperator	*		2010555	0					
ANR	2010954	Identifier	p1		2010555	1					
ANR	2010955	PrimaryExpression	'\\0'		2010555	1					
ANR	2010956	CompoundStatement		49:30:1612:1612	2010555	1					
ANR	2010957	IfStatement	if ( * p1 == '=' )		2010555	0					
ANR	2010958	Condition	* p1 == '='	104:6:3371:3380	2010555	0	True				
ANR	2010959	EqualityExpression	* p1 == '='		2010555	0		==			
ANR	2010960	UnaryOperationExpression	* p1		2010555	0					
ANR	2010961	UnaryOperator	*		2010555	0					
ANR	2010962	Identifier	p1		2010555	1					
ANR	2010963	PrimaryExpression	'='		2010555	1					
ANR	2010964	CompoundStatement		50:18:1632:1632	2010555	1					
ANR	2010965	ExpressionStatement	"i -- , p1 ++"	105:3:3388:3397	2010555	0	True				
ANR	2010966	Expression	"i -- , p1 ++"		2010555	0					
ANR	2010967	PostIncDecOperationExpression	i --		2010555	0					
ANR	2010968	Identifier	i		2010555	0					
ANR	2010969	IncDec	--		2010555	1					
ANR	2010970	PostIncDecOperationExpression	p1 ++		2010555	1					
ANR	2010971	Identifier	p1		2010555	0					
ANR	2010972	IncDec	++		2010555	1					
ANR	2010973	IfStatement	if ( i == 0 || * p1 == '\\0' )		2010555	1					
ANR	2010974	Condition	i == 0 || * p1 == '\\0'	106:7:3406:3426	2010555	0	True				
ANR	2010975	OrExpression	i == 0 || * p1 == '\\0'		2010555	0		||			
ANR	2010976	EqualityExpression	i == 0		2010555	0		==			
ANR	2010977	Identifier	i		2010555	0					
ANR	2010978	PrimaryExpression	0		2010555	1					
ANR	2010979	EqualityExpression	* p1 == '\\0'		2010555	1		==			
ANR	2010980	UnaryOperationExpression	* p1		2010555	0					
ANR	2010981	UnaryOperator	*		2010555	0					
ANR	2010982	Identifier	p1		2010555	1					
ANR	2010983	PrimaryExpression	'\\0'		2010555	1					
ANR	2010984	CompoundStatement		52:30:1678:1678	2010555	1					
ANR	2010985	BreakStatement	break ;	107:4:3435:3440	2010555	0	True				
ANR	2010986	ExpressionStatement	h_nbl = hexval_tbl [ * p1 ]	109:3:3450:3473	2010555	2	True				
ANR	2010987	AssignmentExpression	h_nbl = hexval_tbl [ * p1 ]		2010555	0		=			
ANR	2010988	Identifier	h_nbl		2010555	0					
ANR	2010989	ArrayIndexing	hexval_tbl [ * p1 ]		2010555	1					
ANR	2010990	Identifier	hexval_tbl		2010555	0					
ANR	2010991	UnaryOperationExpression	* p1		2010555	1					
ANR	2010992	UnaryOperator	*		2010555	0					
ANR	2010993	Identifier	p1		2010555	1					
ANR	2010994	IfStatement	if ( h_nbl < 16 )		2010555	3					
ANR	2010995	Condition	h_nbl < 16	110:7:3482:3491	2010555	0	True				
ANR	2010996	RelationalExpression	h_nbl < 16		2010555	0		<			
ANR	2010997	Identifier	h_nbl		2010555	0					
ANR	2010998	PrimaryExpression	16		2010555	1					
ANR	2010999	CompoundStatement		56:19:1743:1743	2010555	1					
ANR	2011000	IfStatement	if ( ( -- i ) == 0 || ( l_nbl = hexval_tbl [ * ( ++ p1 ) ] ) >= 16 )		2010555	0					
ANR	2011001	Condition	( -- i ) == 0 || ( l_nbl = hexval_tbl [ * ( ++ p1 ) ] ) >= 16	112:8:3554:3602	2010555	0	True				
ANR	2011002	OrExpression	( -- i ) == 0 || ( l_nbl = hexval_tbl [ * ( ++ p1 ) ] ) >= 16		2010555	0		||			
ANR	2011003	EqualityExpression	( -- i ) == 0		2010555	0		==			
ANR	2011004	UnaryExpression	-- i		2010555	0					
ANR	2011005	IncDec	--		2010555	0					
ANR	2011006	Identifier	i		2010555	1					
ANR	2011007	PrimaryExpression	0		2010555	1					
ANR	2011008	RelationalExpression	( l_nbl = hexval_tbl [ * ( ++ p1 ) ] ) >= 16		2010555	1		>=			
ANR	2011009	AssignmentExpression	l_nbl = hexval_tbl [ * ( ++ p1 ) ]		2010555	0		=			
ANR	2011010	Identifier	l_nbl		2010555	0					
ANR	2011011	ArrayIndexing	hexval_tbl [ * ( ++ p1 ) ]		2010555	1					
ANR	2011012	Identifier	hexval_tbl		2010555	0					
ANR	2011013	UnaryOperationExpression	* ( ++ p1 )		2010555	1					
ANR	2011014	UnaryOperator	*		2010555	0					
ANR	2011015	UnaryExpression	++ p1		2010555	1					
ANR	2011016	IncDec	++		2010555	0					
ANR	2011017	Identifier	p1		2010555	1					
ANR	2011018	PrimaryExpression	16		2010555	1					
ANR	2011019	CompoundStatement		58:59:1854:1854	2010555	1					
ANR	2011020	ExpressionStatement	efree ( retval )	113:5:3612:3625	2010555	0	True				
ANR	2011021	CallExpression	efree ( retval )		2010555	0					
ANR	2011022	Callee	efree		2010555	0					
ANR	2011023	Identifier	efree		2010555	0					
ANR	2011024	ArgumentList	retval		2010555	1					
ANR	2011025	Argument	retval		2010555	0					
ANR	2011026	Identifier	retval		2010555	0					
ANR	2011027	ReturnStatement	return NULL ;	114:5:3632:3643	2010555	1	True				
ANR	2011028	Identifier	NULL		2010555	0					
ANR	2011029	ExpressionStatement	"* ( p2 ++ ) = ( h_nbl << 4 ) | l_nbl , decoded_len ++"	116:4:3655:3700	2010555	1	True				
ANR	2011030	Expression	"* ( p2 ++ ) = ( h_nbl << 4 ) | l_nbl , decoded_len ++"		2010555	0					
ANR	2011031	AssignmentExpression	* ( p2 ++ ) = ( h_nbl << 4 ) | l_nbl		2010555	0		=			
ANR	2011032	UnaryOperationExpression	* ( p2 ++ )		2010555	0					
ANR	2011033	UnaryOperator	*		2010555	0					
ANR	2011034	PostIncDecOperationExpression	p2 ++		2010555	1					
ANR	2011035	Identifier	p2		2010555	0					
ANR	2011036	IncDec	++		2010555	1					
ANR	2011037	InclusiveOrExpression	( h_nbl << 4 ) | l_nbl		2010555	1		|			
ANR	2011038	ShiftExpression	h_nbl << 4		2010555	0		<<			
ANR	2011039	Identifier	h_nbl		2010555	0					
ANR	2011040	PrimaryExpression	4		2010555	1					
ANR	2011041	Identifier	l_nbl		2010555	1					
ANR	2011042	PostIncDecOperationExpression	decoded_len ++		2010555	1					
ANR	2011043	Identifier	decoded_len		2010555	0					
ANR	2011044	IncDec	++		2010555	1					
ANR	2011045	ExpressionStatement	"i -- , p1 ++"	117:4:3706:3715	2010555	2	True				
ANR	2011046	Expression	"i -- , p1 ++"		2010555	0					
ANR	2011047	PostIncDecOperationExpression	i --		2010555	0					
ANR	2011048	Identifier	i		2010555	0					
ANR	2011049	IncDec	--		2010555	1					
ANR	2011050	PostIncDecOperationExpression	p1 ++		2010555	1					
ANR	2011051	Identifier	p1		2010555	0					
ANR	2011052	IncDec	++		2010555	1					
ANR	2011053	ElseStatement	else		2010555	0					
ANR	2011054	IfStatement	if ( h_nbl < 64 )		2010555	0					
ANR	2011055	Condition	h_nbl < 64	118:14:3731:3740	2010555	0	True				
ANR	2011056	RelationalExpression	h_nbl < 64		2010555	0		<			
ANR	2011057	Identifier	h_nbl		2010555	0					
ANR	2011058	PrimaryExpression	64		2010555	1					
ANR	2011059	CompoundStatement		64:26:1992:1992	2010555	1					
ANR	2011060	WhileStatement	while ( h_nbl == 32 )		2010555	0					
ANR	2011061	Condition	h_nbl == 32	120:11:3782:3792	2010555	0	True				
ANR	2011062	EqualityExpression	h_nbl == 32		2010555	0		==			
ANR	2011063	Identifier	h_nbl		2010555	0					
ANR	2011064	PrimaryExpression	32		2010555	1					
ANR	2011065	CompoundStatement		66:24:2044:2044	2010555	1					
ANR	2011066	IfStatement	if ( -- i == 0 || ( h_nbl = hexval_tbl [ * ( ++ p1 ) ] ) == 64 )		2010555	0					
ANR	2011067	Condition	-- i == 0 || ( h_nbl = hexval_tbl [ * ( ++ p1 ) ] ) == 64	121:9:3806:3852	2010555	0	True				
ANR	2011068	OrExpression	-- i == 0 || ( h_nbl = hexval_tbl [ * ( ++ p1 ) ] ) == 64		2010555	0		||			
ANR	2011069	EqualityExpression	-- i == 0		2010555	0		==			
ANR	2011070	UnaryExpression	-- i		2010555	0					
ANR	2011071	IncDec	--		2010555	0					
ANR	2011072	Identifier	i		2010555	1					
ANR	2011073	PrimaryExpression	0		2010555	1					
ANR	2011074	EqualityExpression	( h_nbl = hexval_tbl [ * ( ++ p1 ) ] ) == 64		2010555	1		==			
ANR	2011075	AssignmentExpression	h_nbl = hexval_tbl [ * ( ++ p1 ) ]		2010555	0		=			
ANR	2011076	Identifier	h_nbl		2010555	0					
ANR	2011077	ArrayIndexing	hexval_tbl [ * ( ++ p1 ) ]		2010555	1					
ANR	2011078	Identifier	hexval_tbl		2010555	0					
ANR	2011079	UnaryOperationExpression	* ( ++ p1 )		2010555	1					
ANR	2011080	UnaryOperator	*		2010555	0					
ANR	2011081	UnaryExpression	++ p1		2010555	1					
ANR	2011082	IncDec	++		2010555	0					
ANR	2011083	Identifier	p1		2010555	1					
ANR	2011084	PrimaryExpression	64		2010555	1					
ANR	2011085	CompoundStatement		67:58:2104:2104	2010555	1					
ANR	2011086	ExpressionStatement	efree ( retval )	122:6:3863:3876	2010555	0	True				
ANR	2011087	CallExpression	efree ( retval )		2010555	0					
ANR	2011088	Callee	efree		2010555	0					
ANR	2011089	Identifier	efree		2010555	0					
ANR	2011090	ArgumentList	retval		2010555	1					
ANR	2011091	Argument	retval		2010555	0					
ANR	2011092	Identifier	retval		2010555	0					
ANR	2011093	ReturnStatement	return NULL ;	123:6:3884:3895	2010555	1	True				
ANR	2011094	Identifier	NULL		2010555	0					
ANR	2011095	IfStatement	if ( p1 [ 0 ] == '\\r' && i >= 2 && p1 [ 1 ] == '\\n' )		2010555	1					
ANR	2011096	Condition	p1 [ 0 ] == '\\r' && i >= 2 && p1 [ 1 ] == '\\n'	126:8:3918:3957	2010555	0	True				
ANR	2011097	AndExpression	p1 [ 0 ] == '\\r' && i >= 2 && p1 [ 1 ] == '\\n'		2010555	0		&&			
ANR	2011098	EqualityExpression	p1 [ 0 ] == '\\r'		2010555	0		==			
ANR	2011099	ArrayIndexing	p1 [ 0 ]		2010555	0					
ANR	2011100	Identifier	p1		2010555	0					
ANR	2011101	PrimaryExpression	0		2010555	1					
ANR	2011102	PrimaryExpression	'\\r'		2010555	1					
ANR	2011103	AndExpression	i >= 2 && p1 [ 1 ] == '\\n'		2010555	1		&&			
ANR	2011104	RelationalExpression	i >= 2		2010555	0		>=			
ANR	2011105	Identifier	i		2010555	0					
ANR	2011106	PrimaryExpression	2		2010555	1					
ANR	2011107	EqualityExpression	p1 [ 1 ] == '\\n'		2010555	1		==			
ANR	2011108	ArrayIndexing	p1 [ 1 ]		2010555	0					
ANR	2011109	Identifier	p1		2010555	0					
ANR	2011110	PrimaryExpression	1		2010555	1					
ANR	2011111	PrimaryExpression	'\\n'		2010555	1					
ANR	2011112	CompoundStatement		72:50:2209:2209	2010555	1					
ANR	2011113	ExpressionStatement	"i -- , p1 ++"	127:5:3967:3976	2010555	0	True				
ANR	2011114	Expression	"i -- , p1 ++"		2010555	0					
ANR	2011115	PostIncDecOperationExpression	i --		2010555	0					
ANR	2011116	Identifier	i		2010555	0					
ANR	2011117	IncDec	--		2010555	1					
ANR	2011118	PostIncDecOperationExpression	p1 ++		2010555	1					
ANR	2011119	Identifier	p1		2010555	0					
ANR	2011120	IncDec	++		2010555	1					
ANR	2011121	ExpressionStatement	"i -- , p1 ++"	129:4:3988:3997	2010555	2	True				
ANR	2011122	Expression	"i -- , p1 ++"		2010555	0					
ANR	2011123	PostIncDecOperationExpression	i --		2010555	0					
ANR	2011124	Identifier	i		2010555	0					
ANR	2011125	IncDec	--		2010555	1					
ANR	2011126	PostIncDecOperationExpression	p1 ++		2010555	1					
ANR	2011127	Identifier	p1		2010555	0					
ANR	2011128	IncDec	++		2010555	1					
ANR	2011129	ElseStatement	else		2010555	0					
ANR	2011130	CompoundStatement		76:10:2258:2258	2010555	0					
ANR	2011131	ExpressionStatement	efree ( retval )	131:4:4015:4028	2010555	0	True				
ANR	2011132	CallExpression	efree ( retval )		2010555	0					
ANR	2011133	Callee	efree		2010555	0					
ANR	2011134	Identifier	efree		2010555	0					
ANR	2011135	ArgumentList	retval		2010555	1					
ANR	2011136	Argument	retval		2010555	0					
ANR	2011137	Identifier	retval		2010555	0					
ANR	2011138	ReturnStatement	return NULL ;	132:4:4034:4045	2010555	1	True				
ANR	2011139	Identifier	NULL		2010555	0					
ANR	2011140	ElseStatement	else		2010555	0					
ANR	2011141	CompoundStatement		80:9:2310:2310	2010555	0					
ANR	2011142	ExpressionStatement	* ( p2 ++ ) = ( replace_us_by_ws == * p1 ? x20 : * p1 )	135:3:4066:4115	2010555	0	True				
ANR	2011143	AssignmentExpression	* ( p2 ++ ) = ( replace_us_by_ws == * p1 ? x20 : * p1 )		2010555	0		=			
ANR	2011144	UnaryOperationExpression	* ( p2 ++ )		2010555	0					
ANR	2011145	UnaryOperator	*		2010555	0					
ANR	2011146	PostIncDecOperationExpression	p2 ++		2010555	1					
ANR	2011147	Identifier	p2		2010555	0					
ANR	2011148	IncDec	++		2010555	1					
ANR	2011149	ConditionalExpression	replace_us_by_ws == * p1 ? x20 : * p1		2010555	1					
ANR	2011150	Condition	replace_us_by_ws == * p1		2010555	0					
ANR	2011151	EqualityExpression	replace_us_by_ws == * p1		2010555	0		==			
ANR	2011152	Identifier	replace_us_by_ws		2010555	0					
ANR	2011153	UnaryOperationExpression	* p1		2010555	1					
ANR	2011154	UnaryOperator	*		2010555	0					
ANR	2011155	Identifier	p1		2010555	1					
ANR	2011156	Identifier	x20		2010555	1					
ANR	2011157	UnaryOperationExpression	* p1		2010555	2					
ANR	2011158	UnaryOperator	*		2010555	0					
ANR	2011159	Identifier	p1		2010555	1					
ANR	2011160	ExpressionStatement	"i -- , p1 ++ , decoded_len ++"	136:3:4120:4144	2010555	1	True				
ANR	2011161	Expression	"i -- , p1 ++ , decoded_len ++"		2010555	0					
ANR	2011162	PostIncDecOperationExpression	i --		2010555	0					
ANR	2011163	Identifier	i		2010555	0					
ANR	2011164	IncDec	--		2010555	1					
ANR	2011165	Expression	"p1 ++ , decoded_len ++"		2010555	1					
ANR	2011166	PostIncDecOperationExpression	p1 ++		2010555	0					
ANR	2011167	Identifier	p1		2010555	0					
ANR	2011168	IncDec	++		2010555	1					
ANR	2011169	PostIncDecOperationExpression	decoded_len ++		2010555	1					
ANR	2011170	Identifier	decoded_len		2010555	0					
ANR	2011171	IncDec	++		2010555	1					
ANR	2011172	ExpressionStatement	* p2 = '\\0'	140:1:4155:4165	2010555	23	True				
ANR	2011173	AssignmentExpression	* p2 = '\\0'		2010555	0		=			
ANR	2011174	UnaryOperationExpression	* p2		2010555	0					
ANR	2011175	UnaryOperator	*		2010555	0					
ANR	2011176	Identifier	p2		2010555	1					
ANR	2011177	PrimaryExpression	'\\0'		2010555	1					
ANR	2011178	ExpressionStatement	* ret_length = decoded_len	141:1:4168:4193	2010555	24	True				
ANR	2011179	AssignmentExpression	* ret_length = decoded_len		2010555	0		=			
ANR	2011180	UnaryOperationExpression	* ret_length		2010555	0					
ANR	2011181	UnaryOperator	*		2010555	0					
ANR	2011182	Identifier	ret_length		2010555	1					
ANR	2011183	Identifier	decoded_len		2010555	1					
ANR	2011184	ReturnStatement	return retval ;	142:1:4196:4209	2010555	25	True				
ANR	2011185	Identifier	retval		2010555	0					
ANR	2011186	ReturnType	unsigned char *		2010555	1					
ANR	2011187	Identifier	php_quot_print_decode		2010555	2					
ANR	2011188	ParameterList	"const unsigned char * str , size_t length , size_t * ret_length , int replace_us_by_ws"		2010555	3					
ANR	2011189	Parameter	const unsigned char * str	54:44:1657:1680	2010555	0	True				
ANR	2011190	ParameterType	const unsigned char *		2010555	0					
ANR	2011191	Identifier	str		2010555	1					
ANR	2011192	Parameter	size_t length	54:70:1683:1695	2010555	1	True				
ANR	2011193	ParameterType	size_t		2010555	0					
ANR	2011194	Identifier	length		2010555	1					
ANR	2011195	Parameter	size_t * ret_length	54:85:1698:1715	2010555	2	True				
ANR	2011196	ParameterType	size_t *		2010555	0					
ANR	2011197	Identifier	ret_length		2010555	1					
ANR	2011198	Parameter	int replace_us_by_ws	54:105:1718:1737	2010555	3	True				
ANR	2011199	ParameterType	int		2010555	0					
ANR	2011200	Identifier	replace_us_by_ws		2010555	1					
ANR	2011201	CFGEntryNode	ENTRY		2010555		True				
ANR	2011202	CFGExitNode	EXIT		2010555		True				
ANR	2011203	Symbol	p1		2010555						
ANR	2011204	Symbol	p2		2010555						
ANR	2011205	Symbol	hexval_tbl		2010555						
ANR	2011206	Symbol	NULL		2010555						
ANR	2011207	Symbol	* p1		2010555						
ANR	2011208	Symbol	buf_size		2010555						
ANR	2011209	Symbol	h_nbl		2010555						
ANR	2011210	Symbol	* * ( ++ p1 )		2010555						
ANR	2011211	Symbol	length		2010555						
ANR	2011212	Symbol	i		2010555						
ANR	2011213	Symbol	replace_us_by_ws		2010555						
ANR	2011214	Symbol	* p2		2010555						
ANR	2011215	Symbol	* ret_length		2010555						
ANR	2011216	Symbol	retval		2010555						
ANR	2011217	Symbol	* * p1		2010555						
ANR	2011218	Symbol	str		2010555						
ANR	2011219	Symbol	* ( ++ p1 )		2010555						
ANR	2011220	Symbol	emalloc		2010555						
ANR	2011221	Symbol	decoded_len		2010555						
ANR	2011222	Symbol	* ( p2 ++ )		2010555						
ANR	2011223	Symbol	x20		2010555						
ANR	2011224	Symbol	* hexval_tbl		2010555						
ANR	2011225	Symbol	l_nbl		2010555						
ANR	2011226	Symbol	ret_length		2010555						
ANR	2011227	Function	php_quot_print_encode	148:7:4259:5465							
ANR	2011228	FunctionDef	"php_quot_print_encode (const unsigned char * str , size_t length , size_t * ret_length)"		2011227	0					
ANR	2011229	CompoundStatement		149:0:4367:5465	2011227	0					
ANR	2011230	IdentifierDeclStatement	unsigned long lp = 0 ;	150:1:4370:4390	2011227	0	True				
ANR	2011231	IdentifierDecl	lp = 0		2011227	0					
ANR	2011232	IdentifierDeclType	unsigned long		2011227	0					
ANR	2011233	Identifier	lp		2011227	1					
ANR	2011234	AssignmentExpression	lp = 0		2011227	2		=			
ANR	2011235	Identifier	lp		2011227	0					
ANR	2011236	PrimaryExpression	0		2011227	1					
ANR	2011237	IdentifierDeclStatement	"unsigned char c , * ret , * d ;"	151:1:4393:4418	2011227	1	True				
ANR	2011238	IdentifierDecl	c		2011227	0					
ANR	2011239	IdentifierDeclType	unsigned char		2011227	0					
ANR	2011240	Identifier	c		2011227	1					
ANR	2011241	IdentifierDecl	* ret		2011227	1					
ANR	2011242	IdentifierDeclType	unsigned char *		2011227	0					
ANR	2011243	Identifier	ret		2011227	1					
ANR	2011244	IdentifierDecl	* d		2011227	2					
ANR	2011245	IdentifierDeclType	unsigned char *		2011227	0					
ANR	2011246	Identifier	d		2011227	1					
ANR	2011247	IdentifierDeclStatement	"char * hex = ""0123456789ABCDEF"" ;"	152:1:4421:4451	2011227	2	True				
ANR	2011248	IdentifierDecl	"* hex = ""0123456789ABCDEF"""		2011227	0					
ANR	2011249	IdentifierDeclType	char *		2011227	0					
ANR	2011250	Identifier	hex		2011227	1					
ANR	2011251	AssignmentExpression	"* hex = ""0123456789ABCDEF"""		2011227	2		=			
ANR	2011252	Identifier	hex		2011227	0					
ANR	2011253	PrimaryExpression	"""0123456789ABCDEF"""		2011227	1					
ANR	2011254	ExpressionStatement	"ret = safe_emalloc ( 3 , length + ( ( ( 3 * length ) / ( PHP_QPRINT_MAXL - 9 ) ) + 1 ) , 1 )"	154:1:4455:4530	2011227	3	True				
ANR	2011255	AssignmentExpression	"ret = safe_emalloc ( 3 , length + ( ( ( 3 * length ) / ( PHP_QPRINT_MAXL - 9 ) ) + 1 ) , 1 )"		2011227	0		=			
ANR	2011256	Identifier	ret		2011227	0					
ANR	2011257	CallExpression	"safe_emalloc ( 3 , length + ( ( ( 3 * length ) / ( PHP_QPRINT_MAXL - 9 ) ) + 1 ) , 1 )"		2011227	1					
ANR	2011258	Callee	safe_emalloc		2011227	0					
ANR	2011259	Identifier	safe_emalloc		2011227	0					
ANR	2011260	ArgumentList	3		2011227	1					
ANR	2011261	Argument	3		2011227	0					
ANR	2011262	PrimaryExpression	3		2011227	0					
ANR	2011263	Argument	length + ( ( ( 3 * length ) / ( PHP_QPRINT_MAXL - 9 ) ) + 1 )		2011227	1					
ANR	2011264	AdditiveExpression	length + ( ( ( 3 * length ) / ( PHP_QPRINT_MAXL - 9 ) ) + 1 )		2011227	0		+			
ANR	2011265	Identifier	length		2011227	0					
ANR	2011266	AdditiveExpression	( ( 3 * length ) / ( PHP_QPRINT_MAXL - 9 ) ) + 1		2011227	1		+			
ANR	2011267	MultiplicativeExpression	( 3 * length ) / ( PHP_QPRINT_MAXL - 9 )		2011227	0		/			
ANR	2011268	MultiplicativeExpression	3 * length		2011227	0		*			
ANR	2011269	PrimaryExpression	3		2011227	0					
ANR	2011270	Identifier	length		2011227	1					
ANR	2011271	AdditiveExpression	PHP_QPRINT_MAXL - 9		2011227	1		-			
ANR	2011272	Identifier	PHP_QPRINT_MAXL		2011227	0					
ANR	2011273	PrimaryExpression	9		2011227	1					
ANR	2011274	PrimaryExpression	1		2011227	1					
ANR	2011275	Argument	1		2011227	2					
ANR	2011276	PrimaryExpression	1		2011227	0					
ANR	2011277	ExpressionStatement	d = ret	155:1:4533:4540	2011227	4	True				
ANR	2011278	AssignmentExpression	d = ret		2011227	0		=			
ANR	2011279	Identifier	d		2011227	0					
ANR	2011280	Identifier	ret		2011227	1					
ANR	2011281	WhileStatement	while ( length -- )		2011227	5					
ANR	2011282	Condition	length --	157:8:4551:4558	2011227	0	True				
ANR	2011283	PostIncDecOperationExpression	length --		2011227	0					
ANR	2011284	Identifier	length		2011227	0					
ANR	2011285	IncDec	--		2011227	1					
ANR	2011286	CompoundStatement		9:18:193:193	2011227	1					
ANR	2011287	IfStatement	if ( ( ( c = * str ++ ) == '\\015' ) && ( * str == '\\012' ) && length > 0 )		2011227	0					
ANR	2011288	Condition	( ( c = * str ++ ) == '\\015' ) && ( * str == '\\012' ) && length > 0	158:6:4569:4626	2011227	0	True				
ANR	2011289	AndExpression	( ( c = * str ++ ) == '\\015' ) && ( * str == '\\012' ) && length > 0		2011227	0		&&			
ANR	2011290	EqualityExpression	( c = * str ++ ) == '\\015'		2011227	0		==			
ANR	2011291	AssignmentExpression	c = * str ++		2011227	0		=			
ANR	2011292	Identifier	c		2011227	0					
ANR	2011293	UnaryOperationExpression	* str ++		2011227	1					
ANR	2011294	UnaryOperator	*		2011227	0					
ANR	2011295	PostIncDecOperationExpression	str ++		2011227	1					
ANR	2011296	Identifier	str		2011227	0					
ANR	2011297	IncDec	++		2011227	1					
ANR	2011298	PrimaryExpression	'\\015'		2011227	1					
ANR	2011299	AndExpression	( * str == '\\012' ) && length > 0		2011227	1		&&			
ANR	2011300	EqualityExpression	* str == '\\012'		2011227	0		==			
ANR	2011301	UnaryOperationExpression	* str		2011227	0					
ANR	2011302	UnaryOperator	*		2011227	0					
ANR	2011303	Identifier	str		2011227	1					
ANR	2011304	PrimaryExpression	'\\012'		2011227	1					
ANR	2011305	RelationalExpression	length > 0		2011227	1		>			
ANR	2011306	Identifier	length		2011227	0					
ANR	2011307	PrimaryExpression	0		2011227	1					
ANR	2011308	CompoundStatement		10:66:261:261	2011227	1					
ANR	2011309	ExpressionStatement	* d ++ = '\\015'	159:3:4634:4647	2011227	0	True				
ANR	2011310	AssignmentExpression	* d ++ = '\\015'		2011227	0		=			
ANR	2011311	UnaryOperationExpression	* d ++		2011227	0					
ANR	2011312	UnaryOperator	*		2011227	0					
ANR	2011313	PostIncDecOperationExpression	d ++		2011227	1					
ANR	2011314	Identifier	d		2011227	0					
ANR	2011315	IncDec	++		2011227	1					
ANR	2011316	PrimaryExpression	'\\015'		2011227	1					
ANR	2011317	ExpressionStatement	* d ++ = * str ++	160:3:4652:4665	2011227	1	True				
ANR	2011318	AssignmentExpression	* d ++ = * str ++		2011227	0		=			
ANR	2011319	UnaryOperationExpression	* d ++		2011227	0					
ANR	2011320	UnaryOperator	*		2011227	0					
ANR	2011321	PostIncDecOperationExpression	d ++		2011227	1					
ANR	2011322	Identifier	d		2011227	0					
ANR	2011323	IncDec	++		2011227	1					
ANR	2011324	UnaryOperationExpression	* str ++		2011227	1					
ANR	2011325	UnaryOperator	*		2011227	0					
ANR	2011326	PostIncDecOperationExpression	str ++		2011227	1					
ANR	2011327	Identifier	str		2011227	0					
ANR	2011328	IncDec	++		2011227	1					
ANR	2011329	ExpressionStatement	length --	161:3:4670:4678	2011227	2	True				
ANR	2011330	PostIncDecOperationExpression	length --		2011227	0					
ANR	2011331	Identifier	length		2011227	0					
ANR	2011332	IncDec	--		2011227	1					
ANR	2011333	ExpressionStatement	lp = 0	162:3:4683:4689	2011227	3	True				
ANR	2011334	AssignmentExpression	lp = 0		2011227	0		=			
ANR	2011335	Identifier	lp		2011227	0					
ANR	2011336	PrimaryExpression	0		2011227	1					
ANR	2011337	ElseStatement	else		2011227	0					
ANR	2011338	CompoundStatement		15:9:332:332	2011227	0					
ANR	2011339	IfStatement	if ( iscntrl ( c ) || ( c == 0x7f ) || ( c & 0x80 ) || ( c == '=' ) || ( ( c == ' ' ) && ( * str == '\\015' ) ) )		2011227	0					
ANR	2011340	Condition	iscntrl ( c ) || ( c == 0x7f ) || ( c & 0x80 ) || ( c == '=' ) || ( ( c == ' ' ) && ( * str == '\\015' ) )	164:7:4709:4798	2011227	0	True				
ANR	2011341	OrExpression	iscntrl ( c ) || ( c == 0x7f ) || ( c & 0x80 ) || ( c == '=' ) || ( ( c == ' ' ) && ( * str == '\\015' ) )		2011227	0		||			
ANR	2011342	CallExpression	iscntrl ( c )		2011227	0					
ANR	2011343	Callee	iscntrl		2011227	0					
ANR	2011344	Identifier	iscntrl		2011227	0					
ANR	2011345	ArgumentList	c		2011227	1					
ANR	2011346	Argument	c		2011227	0					
ANR	2011347	Identifier	c		2011227	0					
ANR	2011348	OrExpression	( c == 0x7f ) || ( c & 0x80 ) || ( c == '=' ) || ( ( c == ' ' ) && ( * str == '\\015' ) )		2011227	1		||			
ANR	2011349	EqualityExpression	c == 0x7f		2011227	0		==			
ANR	2011350	Identifier	c		2011227	0					
ANR	2011351	PrimaryExpression	0x7f		2011227	1					
ANR	2011352	OrExpression	( c & 0x80 ) || ( c == '=' ) || ( ( c == ' ' ) && ( * str == '\\015' ) )		2011227	1		||			
ANR	2011353	BitAndExpression	c & 0x80		2011227	0		&			
ANR	2011354	Identifier	c		2011227	0					
ANR	2011355	PrimaryExpression	0x80		2011227	1					
ANR	2011356	OrExpression	( c == '=' ) || ( ( c == ' ' ) && ( * str == '\\015' ) )		2011227	1		||			
ANR	2011357	EqualityExpression	c == '='		2011227	0		==			
ANR	2011358	Identifier	c		2011227	0					
ANR	2011359	PrimaryExpression	'='		2011227	1					
ANR	2011360	AndExpression	( c == ' ' ) && ( * str == '\\015' )		2011227	1		&&			
ANR	2011361	EqualityExpression	c == ' '		2011227	0		==			
ANR	2011362	Identifier	c		2011227	0					
ANR	2011363	PrimaryExpression	' '		2011227	1					
ANR	2011364	EqualityExpression	* str == '\\015'		2011227	1		==			
ANR	2011365	UnaryOperationExpression	* str		2011227	0					
ANR	2011366	UnaryOperator	*		2011227	0					
ANR	2011367	Identifier	str		2011227	1					
ANR	2011368	PrimaryExpression	'\\015'		2011227	1					
ANR	2011369	CompoundStatement		16:99:433:433	2011227	1					
ANR	2011370	IfStatement	if ( ( ( ( lp += 3 ) > PHP_QPRINT_MAXL ) && ( c <= 0x7f ) ) || ( ( c > 0x7f ) && ( c <= 0xdf ) && ( ( lp + 3 ) > PHP_QPRINT_MAXL ) ) || ( ( c > 0xdf ) && ( c <= 0xef ) && ( ( lp + 6 ) > PHP_QPRINT_MAXL ) ) || ( ( c > 0xef ) && ( c <= 0xf4 ) && ( ( lp + 9 ) > PHP_QPRINT_MAXL ) ) )		2011227	0					
ANR	2011371	Condition	( ( ( lp += 3 ) > PHP_QPRINT_MAXL ) && ( c <= 0x7f ) ) || ( ( c > 0x7f ) && ( c <= 0xdf ) && ( ( lp + 3 ) > PHP_QPRINT_MAXL ) ) || ( ( c > 0xdf ) && ( c <= 0xef ) && ( ( lp + 6 ) > PHP_QPRINT_MAXL ) ) || ( ( c > 0xef ) && ( c <= 0xf4 ) && ( ( lp + 9 ) > PHP_QPRINT_MAXL ) )	165:8:4811:5080	2011227	0	True				
ANR	2011372	OrExpression	( ( ( lp += 3 ) > PHP_QPRINT_MAXL ) && ( c <= 0x7f ) ) || ( ( c > 0x7f ) && ( c <= 0xdf ) && ( ( lp + 3 ) > PHP_QPRINT_MAXL ) ) || ( ( c > 0xdf ) && ( c <= 0xef ) && ( ( lp + 6 ) > PHP_QPRINT_MAXL ) ) || ( ( c > 0xef ) && ( c <= 0xf4 ) && ( ( lp + 9 ) > PHP_QPRINT_MAXL ) )		2011227	0		||			
ANR	2011373	AndExpression	( ( lp += 3 ) > PHP_QPRINT_MAXL ) && ( c <= 0x7f )		2011227	0		&&			
ANR	2011374	RelationalExpression	( lp += 3 ) > PHP_QPRINT_MAXL		2011227	0		>			
ANR	2011375	AssignmentExpression	lp += 3		2011227	0		+=			
ANR	2011376	Identifier	lp		2011227	0					
ANR	2011377	PrimaryExpression	3		2011227	1					
ANR	2011378	Identifier	PHP_QPRINT_MAXL		2011227	1					
ANR	2011379	RelationalExpression	c <= 0x7f		2011227	1		<=			
ANR	2011380	Identifier	c		2011227	0					
ANR	2011381	PrimaryExpression	0x7f		2011227	1					
ANR	2011382	OrExpression	( ( c > 0x7f ) && ( c <= 0xdf ) && ( ( lp + 3 ) > PHP_QPRINT_MAXL ) ) || ( ( c > 0xdf ) && ( c <= 0xef ) && ( ( lp + 6 ) > PHP_QPRINT_MAXL ) ) || ( ( c > 0xef ) && ( c <= 0xf4 ) && ( ( lp + 9 ) > PHP_QPRINT_MAXL ) )		2011227	1		||			
ANR	2011383	AndExpression	( c > 0x7f ) && ( c <= 0xdf ) && ( ( lp + 3 ) > PHP_QPRINT_MAXL )		2011227	0		&&			
ANR	2011384	RelationalExpression	c > 0x7f		2011227	0		>			
ANR	2011385	Identifier	c		2011227	0					
ANR	2011386	PrimaryExpression	0x7f		2011227	1					
ANR	2011387	AndExpression	( c <= 0xdf ) && ( ( lp + 3 ) > PHP_QPRINT_MAXL )		2011227	1		&&			
ANR	2011388	RelationalExpression	c <= 0xdf		2011227	0		<=			
ANR	2011389	Identifier	c		2011227	0					
ANR	2011390	PrimaryExpression	0xdf		2011227	1					
ANR	2011391	RelationalExpression	( lp + 3 ) > PHP_QPRINT_MAXL		2011227	1		>			
ANR	2011392	AdditiveExpression	lp + 3		2011227	0		+			
ANR	2011393	Identifier	lp		2011227	0					
ANR	2011394	PrimaryExpression	3		2011227	1					
ANR	2011395	Identifier	PHP_QPRINT_MAXL		2011227	1					
ANR	2011396	OrExpression	( ( c > 0xdf ) && ( c <= 0xef ) && ( ( lp + 6 ) > PHP_QPRINT_MAXL ) ) || ( ( c > 0xef ) && ( c <= 0xf4 ) && ( ( lp + 9 ) > PHP_QPRINT_MAXL ) )		2011227	1		||			
ANR	2011397	AndExpression	( c > 0xdf ) && ( c <= 0xef ) && ( ( lp + 6 ) > PHP_QPRINT_MAXL )		2011227	0		&&			
ANR	2011398	RelationalExpression	c > 0xdf		2011227	0		>			
ANR	2011399	Identifier	c		2011227	0					
ANR	2011400	PrimaryExpression	0xdf		2011227	1					
ANR	2011401	AndExpression	( c <= 0xef ) && ( ( lp + 6 ) > PHP_QPRINT_MAXL )		2011227	1		&&			
ANR	2011402	RelationalExpression	c <= 0xef		2011227	0		<=			
ANR	2011403	Identifier	c		2011227	0					
ANR	2011404	PrimaryExpression	0xef		2011227	1					
ANR	2011405	RelationalExpression	( lp + 6 ) > PHP_QPRINT_MAXL		2011227	1		>			
ANR	2011406	AdditiveExpression	lp + 6		2011227	0		+			
ANR	2011407	Identifier	lp		2011227	0					
ANR	2011408	PrimaryExpression	6		2011227	1					
ANR	2011409	Identifier	PHP_QPRINT_MAXL		2011227	1					
ANR	2011410	AndExpression	( c > 0xef ) && ( c <= 0xf4 ) && ( ( lp + 9 ) > PHP_QPRINT_MAXL )		2011227	1		&&			
ANR	2011411	RelationalExpression	c > 0xef		2011227	0		>			
ANR	2011412	Identifier	c		2011227	0					
ANR	2011413	PrimaryExpression	0xef		2011227	1					
ANR	2011414	AndExpression	( c <= 0xf4 ) && ( ( lp + 9 ) > PHP_QPRINT_MAXL )		2011227	1		&&			
ANR	2011415	RelationalExpression	c <= 0xf4		2011227	0		<=			
ANR	2011416	Identifier	c		2011227	0					
ANR	2011417	PrimaryExpression	0xf4		2011227	1					
ANR	2011418	RelationalExpression	( lp + 9 ) > PHP_QPRINT_MAXL		2011227	1		>			
ANR	2011419	AdditiveExpression	lp + 9		2011227	0		+			
ANR	2011420	Identifier	lp		2011227	0					
ANR	2011421	PrimaryExpression	9		2011227	1					
ANR	2011422	Identifier	PHP_QPRINT_MAXL		2011227	1					
ANR	2011423	CompoundStatement		20:76:715:715	2011227	1					
ANR	2011424	ExpressionStatement	* d ++ = '='	169:5:5090:5100	2011227	0	True				
ANR	2011425	AssignmentExpression	* d ++ = '='		2011227	0		=			
ANR	2011426	UnaryOperationExpression	* d ++		2011227	0					
ANR	2011427	UnaryOperator	*		2011227	0					
ANR	2011428	PostIncDecOperationExpression	d ++		2011227	1					
ANR	2011429	Identifier	d		2011227	0					
ANR	2011430	IncDec	++		2011227	1					
ANR	2011431	PrimaryExpression	'='		2011227	1					
ANR	2011432	ExpressionStatement	* d ++ = '\\015'	170:5:5107:5120	2011227	1	True				
ANR	2011433	AssignmentExpression	* d ++ = '\\015'		2011227	0		=			
ANR	2011434	UnaryOperationExpression	* d ++		2011227	0					
ANR	2011435	UnaryOperator	*		2011227	0					
ANR	2011436	PostIncDecOperationExpression	d ++		2011227	1					
ANR	2011437	Identifier	d		2011227	0					
ANR	2011438	IncDec	++		2011227	1					
ANR	2011439	PrimaryExpression	'\\015'		2011227	1					
ANR	2011440	ExpressionStatement	* d ++ = '\\012'	171:5:5127:5140	2011227	2	True				
ANR	2011441	AssignmentExpression	* d ++ = '\\012'		2011227	0		=			
ANR	2011442	UnaryOperationExpression	* d ++		2011227	0					
ANR	2011443	UnaryOperator	*		2011227	0					
ANR	2011444	PostIncDecOperationExpression	d ++		2011227	1					
ANR	2011445	Identifier	d		2011227	0					
ANR	2011446	IncDec	++		2011227	1					
ANR	2011447	PrimaryExpression	'\\012'		2011227	1					
ANR	2011448	ExpressionStatement	lp = 3	172:5:5147:5153	2011227	3	True				
ANR	2011449	AssignmentExpression	lp = 3		2011227	0		=			
ANR	2011450	Identifier	lp		2011227	0					
ANR	2011451	PrimaryExpression	3		2011227	1					
ANR	2011452	ExpressionStatement	* d ++ = '='	174:4:5165:5175	2011227	1	True				
ANR	2011453	AssignmentExpression	* d ++ = '='		2011227	0		=			
ANR	2011454	UnaryOperationExpression	* d ++		2011227	0					
ANR	2011455	UnaryOperator	*		2011227	0					
ANR	2011456	PostIncDecOperationExpression	d ++		2011227	1					
ANR	2011457	Identifier	d		2011227	0					
ANR	2011458	IncDec	++		2011227	1					
ANR	2011459	PrimaryExpression	'='		2011227	1					
ANR	2011460	ExpressionStatement	* d ++ = hex [ c >> 4 ]	175:4:5181:5199	2011227	2	True				
ANR	2011461	AssignmentExpression	* d ++ = hex [ c >> 4 ]		2011227	0		=			
ANR	2011462	UnaryOperationExpression	* d ++		2011227	0					
ANR	2011463	UnaryOperator	*		2011227	0					
ANR	2011464	PostIncDecOperationExpression	d ++		2011227	1					
ANR	2011465	Identifier	d		2011227	0					
ANR	2011466	IncDec	++		2011227	1					
ANR	2011467	ArrayIndexing	hex [ c >> 4 ]		2011227	1					
ANR	2011468	Identifier	hex		2011227	0					
ANR	2011469	ShiftExpression	c >> 4		2011227	1		>>			
ANR	2011470	Identifier	c		2011227	0					
ANR	2011471	PrimaryExpression	4		2011227	1					
ANR	2011472	ExpressionStatement	* d ++ = hex [ c & 0xf ]	176:4:5205:5224	2011227	3	True				
ANR	2011473	AssignmentExpression	* d ++ = hex [ c & 0xf ]		2011227	0		=			
ANR	2011474	UnaryOperationExpression	* d ++		2011227	0					
ANR	2011475	UnaryOperator	*		2011227	0					
ANR	2011476	PostIncDecOperationExpression	d ++		2011227	1					
ANR	2011477	Identifier	d		2011227	0					
ANR	2011478	IncDec	++		2011227	1					
ANR	2011479	ArrayIndexing	hex [ c & 0xf ]		2011227	1					
ANR	2011480	Identifier	hex		2011227	0					
ANR	2011481	BitAndExpression	c & 0xf		2011227	1		&			
ANR	2011482	Identifier	c		2011227	0					
ANR	2011483	PrimaryExpression	0xf		2011227	1					
ANR	2011484	ElseStatement	else		2011227	0					
ANR	2011485	CompoundStatement		29:10:868:868	2011227	0					
ANR	2011486	IfStatement	if ( ( ++ lp ) > PHP_QPRINT_MAXL )		2011227	0					
ANR	2011487	Condition	( ++ lp ) > PHP_QPRINT_MAXL	178:8:5246:5269	2011227	0	True				
ANR	2011488	RelationalExpression	( ++ lp ) > PHP_QPRINT_MAXL		2011227	0		>			
ANR	2011489	UnaryExpression	++ lp		2011227	0					
ANR	2011490	IncDec	++		2011227	0					
ANR	2011491	Identifier	lp		2011227	1					
ANR	2011492	Identifier	PHP_QPRINT_MAXL		2011227	1					
ANR	2011493	CompoundStatement		30:34:904:904	2011227	1					
ANR	2011494	ExpressionStatement	* d ++ = '='	179:5:5279:5289	2011227	0	True				
ANR	2011495	AssignmentExpression	* d ++ = '='		2011227	0		=			
ANR	2011496	UnaryOperationExpression	* d ++		2011227	0					
ANR	2011497	UnaryOperator	*		2011227	0					
ANR	2011498	PostIncDecOperationExpression	d ++		2011227	1					
ANR	2011499	Identifier	d		2011227	0					
ANR	2011500	IncDec	++		2011227	1					
ANR	2011501	PrimaryExpression	'='		2011227	1					
ANR	2011502	ExpressionStatement	* d ++ = '\\015'	180:5:5296:5309	2011227	1	True				
ANR	2011503	AssignmentExpression	* d ++ = '\\015'		2011227	0		=			
ANR	2011504	UnaryOperationExpression	* d ++		2011227	0					
ANR	2011505	UnaryOperator	*		2011227	0					
ANR	2011506	PostIncDecOperationExpression	d ++		2011227	1					
ANR	2011507	Identifier	d		2011227	0					
ANR	2011508	IncDec	++		2011227	1					
ANR	2011509	PrimaryExpression	'\\015'		2011227	1					
ANR	2011510	ExpressionStatement	* d ++ = '\\012'	181:5:5316:5329	2011227	2	True				
ANR	2011511	AssignmentExpression	* d ++ = '\\012'		2011227	0		=			
ANR	2011512	UnaryOperationExpression	* d ++		2011227	0					
ANR	2011513	UnaryOperator	*		2011227	0					
ANR	2011514	PostIncDecOperationExpression	d ++		2011227	1					
ANR	2011515	Identifier	d		2011227	0					
ANR	2011516	IncDec	++		2011227	1					
ANR	2011517	PrimaryExpression	'\\012'		2011227	1					
ANR	2011518	ExpressionStatement	lp = 1	182:5:5336:5342	2011227	3	True				
ANR	2011519	AssignmentExpression	lp = 1		2011227	0		=			
ANR	2011520	Identifier	lp		2011227	0					
ANR	2011521	PrimaryExpression	1		2011227	1					
ANR	2011522	ExpressionStatement	* d ++ = c	184:4:5354:5362	2011227	1	True				
ANR	2011523	AssignmentExpression	* d ++ = c		2011227	0		=			
ANR	2011524	UnaryOperationExpression	* d ++		2011227	0					
ANR	2011525	UnaryOperator	*		2011227	0					
ANR	2011526	PostIncDecOperationExpression	d ++		2011227	1					
ANR	2011527	Identifier	d		2011227	0					
ANR	2011528	IncDec	++		2011227	1					
ANR	2011529	Identifier	c		2011227	1					
ANR	2011530	ExpressionStatement	* d = '\\0'	188:1:5377:5386	2011227	6	True				
ANR	2011531	AssignmentExpression	* d = '\\0'		2011227	0		=			
ANR	2011532	UnaryOperationExpression	* d		2011227	0					
ANR	2011533	UnaryOperator	*		2011227	0					
ANR	2011534	Identifier	d		2011227	1					
ANR	2011535	PrimaryExpression	'\\0'		2011227	1					
ANR	2011536	ExpressionStatement	* ret_length = d - ret	189:1:5389:5410	2011227	7	True				
ANR	2011537	AssignmentExpression	* ret_length = d - ret		2011227	0		=			
ANR	2011538	UnaryOperationExpression	* ret_length		2011227	0					
ANR	2011539	UnaryOperator	*		2011227	0					
ANR	2011540	Identifier	ret_length		2011227	1					
ANR	2011541	AdditiveExpression	d - ret		2011227	1		-			
ANR	2011542	Identifier	d		2011227	0					
ANR	2011543	Identifier	ret		2011227	1					
ANR	2011544	ExpressionStatement	"ret = erealloc ( ret , * ret_length + 1 )"	191:1:5414:5450	2011227	8	True				
ANR	2011545	AssignmentExpression	"ret = erealloc ( ret , * ret_length + 1 )"		2011227	0		=			
ANR	2011546	Identifier	ret		2011227	0					
ANR	2011547	CallExpression	"erealloc ( ret , * ret_length + 1 )"		2011227	1					
ANR	2011548	Callee	erealloc		2011227	0					
ANR	2011549	Identifier	erealloc		2011227	0					
ANR	2011550	ArgumentList	ret		2011227	1					
ANR	2011551	Argument	ret		2011227	0					
ANR	2011552	Identifier	ret		2011227	0					
ANR	2011553	Argument	* ret_length + 1		2011227	1					
ANR	2011554	AdditiveExpression	* ret_length + 1		2011227	0		+			
ANR	2011555	UnaryOperationExpression	* ret_length		2011227	0					
ANR	2011556	UnaryOperator	*		2011227	0					
ANR	2011557	Identifier	ret_length		2011227	1					
ANR	2011558	PrimaryExpression	1		2011227	1					
ANR	2011559	ReturnStatement	return ret ;	192:1:5453:5463	2011227	9	True				
ANR	2011560	Identifier	ret		2011227	0					
ANR	2011561	ReturnType	unsigned char *		2011227	1					
ANR	2011562	Identifier	php_quot_print_encode		2011227	2					
ANR	2011563	ParameterList	"const unsigned char * str , size_t length , size_t * ret_length"		2011227	3					
ANR	2011564	Parameter	const unsigned char * str	148:44:4296:4319	2011227	0	True				
ANR	2011565	ParameterType	const unsigned char *		2011227	0					
ANR	2011566	Identifier	str		2011227	1					
ANR	2011567	Parameter	size_t length	148:70:4322:4334	2011227	1	True				
ANR	2011568	ParameterType	size_t		2011227	0					
ANR	2011569	Identifier	length		2011227	1					
ANR	2011570	Parameter	size_t * ret_length	148:85:4337:4354	2011227	2	True				
ANR	2011571	ParameterType	size_t *		2011227	0					
ANR	2011572	Identifier	ret_length		2011227	1					
ANR	2011573	CFGEntryNode	ENTRY		2011227		True				
ANR	2011574	CFGExitNode	EXIT		2011227		True				
ANR	2011575	Symbol	ret		2011227						
ANR	2011576	Symbol	c		2011227						
ANR	2011577	Symbol	lp		2011227						
ANR	2011578	Symbol	d		2011227						
ANR	2011579	Symbol	length		2011227						
ANR	2011580	Symbol	* str ++		2011227						
ANR	2011581	Symbol	iscntrl		2011227						
ANR	2011582	Symbol	* ret_length		2011227						
ANR	2011583	Symbol	* c		2011227						
ANR	2011584	Symbol	* d ++		2011227						
ANR	2011585	Symbol	* d		2011227						
ANR	2011586	Symbol	str		2011227						
ANR	2011587	Symbol	PHP_QPRINT_MAXL		2011227						
ANR	2011588	Symbol	hex		2011227						
ANR	2011589	Symbol	* hex		2011227						
ANR	2011590	Symbol	* str		2011227						
ANR	2011591	Symbol	safe_emalloc		2011227						
ANR	2011592	Symbol	erealloc		2011227						
ANR	2011593	Symbol	ret_length		2011227						
ANR	2011594	DeclStmt									
ANR	2011595	Decl							char	char *	arg1
ANR	2011596	Decl							char	char *	str_in
ANR	2011597	Decl							char	char *	str_out
ANR	2011598	DeclStmt									
ANR	2011599	Decl							int	int	arg1_len
ANR	2011600	Decl							int	int	i
ANR	2011601	Decl							int	int	j
ANR	2011602	Decl							int	int	k
ANR	2011603	DeclStmt									
ANR	2011604	Decl							char	char *	str
ANR	2011605	Decl							char	char *	new_str
ANR	2011606	DeclStmt									
ANR	2011607	Decl							int	int	str_len
ANR	2011608	DeclStmt									
ANR	2011609	Decl							size_t	size_t	new_str_len
