command	key	type	code	location	functionId	childNum	isCFGNode	operator	baseType	completeType	identifier
ANR	6194087	File	data/converged/CVE-2019-16718~_radare2/shlr_zip_zlib_inftrees.c								
ANR	6194088	DeclStmt									
ANR	6194089	Decl							const char	const char [ ]	inflate_copyright
ANR	6194090	DeclStmt									
ANR	6194091	Decl							codetype	codetype	type
ANR	6194092	DeclStmt									
ANR	6194093	Decl							unsigned short FAR	unsigned short FAR *	lens
ANR	6194094	DeclStmt									
ANR	6194095	Decl							unsigned	unsigned	codes
ANR	6194096	DeclStmt									
ANR	6194097	Decl							FAR	FAR *	table
ANR	6194098	DeclStmt									
ANR	6194099	Decl							unsigned FAR	unsigned FAR *	bits
ANR	6194100	DeclStmt									
ANR	6194101	Decl							unsigned short FAR	unsigned short FAR *	work
ANR	6194102	DeclStmt									
ANR	6194103	Decl							unsigned	unsigned	len
ANR	6194104	DeclStmt									
ANR	6194105	Decl							unsigned	unsigned	sym
ANR	6194106	DeclStmt									
ANR	6194107	Decl							unsigned	unsigned	min
ANR	6194108	Decl							unsigned	unsigned	max
ANR	6194109	DeclStmt									
ANR	6194110	Decl							unsigned	unsigned	root
ANR	6194111	DeclStmt									
ANR	6194112	Decl							unsigned	unsigned	curr
ANR	6194113	DeclStmt									
ANR	6194114	Decl							unsigned	unsigned	drop
ANR	6194115	DeclStmt									
ANR	6194116	Decl							int	int	left
ANR	6194117	DeclStmt									
ANR	6194118	Decl							unsigned	unsigned	used
ANR	6194119	DeclStmt									
ANR	6194120	Decl							unsigned	unsigned	huff
ANR	6194121	DeclStmt									
ANR	6194122	Decl							unsigned	unsigned	incr
ANR	6194123	DeclStmt									
ANR	6194124	Decl							unsigned	unsigned	fill
ANR	6194125	DeclStmt									
ANR	6194126	Decl							unsigned	unsigned	low
ANR	6194127	DeclStmt									
ANR	6194128	Decl							unsigned	unsigned	mask
ANR	6194129	DeclStmt									
ANR	6194130	Decl							code	code	here
ANR	6194131	DeclStmt									
ANR	6194132	Decl							code FAR	code FAR *	next
ANR	6194133	DeclStmt									
ANR	6194134	Decl							const unsigned short FAR	const unsigned short FAR *	base
ANR	6194135	DeclStmt									
ANR	6194136	Decl							const unsigned short FAR	const unsigned short FAR *	extra
ANR	6194137	DeclStmt									
ANR	6194138	Decl							unsigned	unsigned	match
ANR	6194139	DeclStmt									
ANR	6194140	Decl							unsigned short	unsigned short [ MAXBITS + 1 ]	count
ANR	6194141	DeclStmt									
ANR	6194142	Decl							unsigned short	unsigned short [ MAXBITS + 1 ]	offs
ANR	6194143	DeclStmt									
ANR	6194144	Decl							const unsigned short	const unsigned short [ 31 ]	lbase
ANR	6194145	DeclStmt									
ANR	6194146	Decl							const unsigned short	const unsigned short [ 31 ]	lext
ANR	6194147	DeclStmt									
ANR	6194148	Decl							const unsigned short	const unsigned short [ 32 ]	dbase
ANR	6194149	DeclStmt									
ANR	6194150	Decl							const unsigned short	const unsigned short [ 32 ]	dext
ANR	6194151	DeclStmt									
ANR	6194152	Decl							huff	huff &	mask
