command	key	type	code	location	functionId	childNum	isCFGNode	operator	baseType	completeType	identifier
ANR	1849086	File	data/converged/CVE-2011-4930_htcondor/matchClassad.h								
ANR	1849087	ClassDef	MatchClassAd	68:0:2463:8003							
ANR	1849088	DeclStmt									
ANR	1849089	Decl							MatchClassAd	"MatchClassAd * ( ClassAd * al , ClassAd * ar )"	MakeMatchClassAd
ANR	1849090	DeclStmt									
ANR	1849091	Decl							bool	"bool ( ClassAd * al , ClassAd * ar )"	InitMatchClassAd
ANR	1849092	DeclStmt									
ANR	1849093	Decl							bool	bool ( )	symmetricMatch
ANR	1849094	DeclStmt									
ANR	1849095	Decl							bool	bool ( )	rightMatchesLeft
ANR	1849096	DeclStmt									
ANR	1849097	Decl							bool	bool ( )	leftMatchesRight
ANR	1849098	DeclStmt									
ANR	1849099	Decl							bool	bool ( ClassAd * al )	ReplaceLeftAd
ANR	1849100	DeclStmt									
ANR	1849101	Decl							bool	bool ( ClassAd * ar )	ReplaceRightAd
ANR	1849102	DeclStmt									
ANR	1849103	Decl							ClassAd	ClassAd * ( )	GetLeftAd
ANR	1849104	DeclStmt									
ANR	1849105	Decl							ClassAd	ClassAd * ( )	GetRightAd
ANR	1849106	DeclStmt									
ANR	1849107	Decl							ClassAd	ClassAd * ( )	GetLeftContext
ANR	1849108	DeclStmt									
ANR	1849109	Decl							ClassAd	ClassAd * ( )	GetRightContext
ANR	1849110	DeclStmt									
ANR	1849111	Decl							ClassAd	ClassAd * ( )	RemoveLeftAd
ANR	1849112	DeclStmt									
ANR	1849113	Decl							ClassAd	ClassAd * ( )	RemoveRightAd
ANR	1849114	DeclStmt									
ANR	1849115	Decl							bool	"bool ( ClassAd * ad , std :: string * error_msg )"	OptimizeRightAdForMatchmaking
ANR	1849116	DeclStmt									
ANR	1849117	Decl							bool	"bool ( ClassAd * ad , std :: string * error_msg )"	OptimizeLeftAdForMatchmaking
ANR	1849118	DeclStmt									
ANR	1849119	Decl							bool	bool ( ClassAd * ad )	UnoptimizeAdForMatchmaking
ANR	1849120	DeclStmt									
ANR	1849121	Decl							const ClassAd	const ClassAd *	ladParent
ANR	1849122	Decl							const ClassAd	const ClassAd *	radParent
ANR	1849123	DeclStmt									
ANR	1849124	Decl							ClassAd	ClassAd *	lCtx
ANR	1849125	Decl							ClassAd	ClassAd *	rCtx
ANR	1849126	Decl							ClassAd	ClassAd *	lad
ANR	1849127	Decl							ClassAd	ClassAd *	rad
ANR	1849128	DeclStmt									
ANR	1849129	Decl							ExprTree	ExprTree *	symmetric_match
ANR	1849130	Decl							ExprTree	ExprTree *	right_matches_left
ANR	1849131	Decl							ExprTree	ExprTree *	left_matches_right
ANR	1849132	Function	ClassAd	201:45:7181:7206							
ANR	1849133	FunctionDef	ClassAd ()		1849132	19					
ANR	1849134	CompoundStatement		201:54:7190:7206	1849132	0					
ANR	1849135	ReturnStatement	return ;	201:1:7192:7198	1849132	0	True				
ANR	1849136	Identifier	ClassAd		1849132	1					
ANR	1849137	ParameterList			1849132	2					
ANR	1849138	CFGEntryNode	ENTRY		1849132		True				
ANR	1849139	CFGExitNode	EXIT		1849132		True				
ANR	1849140	DeclStmt									
ANR	1849141	Decl							bool	"bool ( ClassAd * ad , bool is_right , std :: string * error_msg )"	OptimizeAdForMatchmaking
ANR	1849142	DeclStmt									
ANR	1849143	Decl							bool	bool ( ExprTree * match_expr )	EvalMatchExpr
