command	key	type	code	location	functionId	childNum	isCFGNode	operator	baseType	completeType	identifier
ANR	296331	File	data/converged/CVE-2018-6791_plasma-workspace/freespacenotifier_module.cpp								
