command	key	type	code	location	functionId	childNum	isCFGNode	operator	baseType	completeType	identifier
ANR	982168	File	data/converged/CVE-2015-8617_php-src/ext_intl_common_common_enum.h								
ANR	982169	DeclStmt									
ANR	982170	Decl							define INTLITERATOR_METHOD_FETCH_OBJECT	define INTLITERATOR_METHOD_FETCH_OBJECT	object
ANR	982171	ClassDef	<unnamed>	50:8:2060:2163							
ANR	982172	DeclStmt									
ANR	982173	Decl							intl_error	intl_error	err
ANR	982174	DeclStmt									
ANR	982175	Decl							zend_object_iterator	zend_object_iterator *	iterator
ANR	982176	DeclStmt									
ANR	982177	Decl							zend_object	zend_object	zo
ANR	982178	DeclStmt									
ANR	982179	Decl									IntlIterator_object
ANR	982180	Function	php_intl_iterator_fetch_object	57:0:2167:2338							
ANR	982181	FunctionDef	php_intl_iterator_fetch_object (zend_object * obj)		982180	0					
ANR	982182	CompoundStatement		57:84:2251:2338	982180	0					
ANR	982183	ReturnStatement	"return ( IntlIterator_object * ) ( ( char * ) ( obj ) - XtOffsetOf ( IntlIterator_object , zo ) ) ;"	58:1:2254:2336	982180	0	True				
ANR	982184	CastExpression	"( IntlIterator_object * ) ( ( char * ) ( obj ) - XtOffsetOf ( IntlIterator_object , zo ) )"		982180	0					
ANR	982185	CastTarget	IntlIterator_object *		982180	0					
ANR	982186	CastExpression	"( char * ) ( obj ) - XtOffsetOf ( IntlIterator_object , zo )"		982180	1					
ANR	982187	CastTarget	char *		982180	0					
ANR	982188	CastExpression	"( obj ) - XtOffsetOf ( IntlIterator_object , zo )"		982180	1					
ANR	982189	CastTarget	obj		982180	0					
ANR	982190	UnaryOperationExpression	"- XtOffsetOf ( IntlIterator_object , zo )"		982180	1					
ANR	982191	UnaryOperator	-		982180	0					
ANR	982192	CallExpression	"XtOffsetOf ( IntlIterator_object , zo )"		982180	1					
ANR	982193	Callee	XtOffsetOf		982180	0					
ANR	982194	Identifier	XtOffsetOf		982180	0					
ANR	982195	ArgumentList	IntlIterator_object		982180	1					
ANR	982196	Argument	IntlIterator_object		982180	0					
ANR	982197	Identifier	IntlIterator_object		982180	0					
ANR	982198	Argument	zo		982180	1					
ANR	982199	Identifier	zo		982180	0					
ANR	982200	ReturnType	static inline IntlIterator_object *		982180	1					
ANR	982201	Identifier	php_intl_iterator_fetch_object		982180	2					
ANR	982202	ParameterList	zend_object * obj		982180	3					
ANR	982203	Parameter	zend_object * obj	57:66:2233:2248	982180	0	True				
ANR	982204	ParameterType	zend_object *		982180	0					
ANR	982205	Identifier	obj		982180	1					
ANR	982206	CFGEntryNode	ENTRY		982180		True				
ANR	982207	CFGExitNode	EXIT		982180		True				
ANR	982208	Symbol	zo		982180						
ANR	982209	Symbol	IntlIterator_object		982180						
ANR	982210	Symbol	obj		982180						
ANR	982211	Symbol	XtOffsetOf		982180						
ANR	982212	ClassDef	<unnamed>	62:8:2423:2577							
ANR	982213	DeclStmt									
ANR	982214	Decl							zend_object_iterator	zend_object_iterator	zoi
ANR	982215	DeclStmt									
ANR	982216	Decl							zval	zval	current
ANR	982217	DeclStmt									
ANR	982218	Decl							zval	zval	wrapping_obj
ANR	982219	DeclStmt									
ANR	982220	Decl							void ( * ) ( zend_object_iterator * iterator )	void ( * ) ( zend_object_iterator * iterator )	destroy_it
ANR	982221	DeclStmt									
ANR	982222	Decl									zoi_with_current
ANR	982223	DeclStmt									
ANR	982224	Decl							extern zend_class_entry	extern zend_class_entry *	IntlIterator_ce_ptr
ANR	982225	DeclStmt									
ANR	982226	Decl							extern zend_object_handlers	extern zend_object_handlers	IntlIterator_handlers
ANR	982227	DeclStmt									
ANR	982228	Decl							U_CFUNC void	U_CFUNC void ( zend_object_iterator * iter )	zoi_with_current_dtor
ANR	982229	DeclStmt									
ANR	982230	Decl							U_CFUNC int	U_CFUNC int ( zend_object_iterator * iter )	zoi_with_current_valid
ANR	982231	DeclStmt									
ANR	982232	Decl							U_CFUNC zval	U_CFUNC zval * ( zend_object_iterator * iter )	zoi_with_current_get_current_data
ANR	982233	DeclStmt									
ANR	982234	Decl							U_CFUNC void	U_CFUNC void ( zend_object_iterator * iter )	zoi_with_current_invalidate_current
ANR	982235	DeclStmt									
ANR	982236	Decl							U_CFUNC void	"U_CFUNC void ( StringEnumeration * se , zval * object )"	IntlIterator_from_StringEnumeration
ANR	982237	DeclStmt									
ANR	982238	Decl							U_CFUNC void	U_CFUNC void ( void )	intl_register_IntlIterator_class
