command	key	type	code	location	functionId	childNum	isCFGNode	operator	baseType	completeType	identifier
ANR	1613387	File	data/converged/CVE-2011-4930_htcondor/hdfsJniHelper.h								
ANR	1613388	DeclStmt									
ANR	1613389	Decl							CRITICAL_SECTION	CRITICAL_SECTION	hdfsHashMutex
ANR	1613390	DeclStmt									
ANR	1613391	Decl							CRITICAL_SECTION	CRITICAL_SECTION	jvmMutex
ANR	1613392	DeclStmt									
ANR	1613393	Decl							volatile int	volatile int	hashTableInited
ANR	1613394	DeclStmt									
ANR	1613395	Decl							pthread_mutex_t	pthread_mutex_t	hdfsHashMutex
ANR	1613396	DeclStmt									
ANR	1613397	Decl							pthread_mutex_t	pthread_mutex_t	jvmMutex
ANR	1613398	DeclStmt									
ANR	1613399	Decl							volatile int	volatile int	hashTableInited
ANR	1613400	ClassDef	<unnamed>	77:9:2263:2302							
ANR	1613401	DeclStmt									
ANR	1613402	Decl									MethType
ANR	1613403	DeclStmt									
ANR	1613404	Decl							jvalue	jvalue	RetVal
ANR	1613405	DeclStmt									
ANR	1613406	Decl							jthrowable	jthrowable	Exc
ANR	1613407	DeclStmt									
ANR	1613408	Decl							HDFS_DLL_API jmethodID	"HDFS_DLL_API jmethodID ( const char * className , const char * methName , const char * methSignature , MethType methType , JNIEnv * env )"	methodIdFromClass
ANR	1613409	DeclStmt									
ANR	1613410	Decl							HDFS_DLL_API jclass	"HDFS_DLL_API jclass ( const char * className , JNIEnv * env )"	globalClassReference
ANR	1613411	DeclStmt									
ANR	1613412	Decl							HDFS_DLL_API char	"HDFS_DLL_API char * ( jobject jobj , JNIEnv * env )"	classNameOfObject
ANR	1613413	DeclStmt									
ANR	1613414	Decl							HDFS_DLL_API JNIEnv	HDFS_DLL_API JNIEnv * ( void )	getJNIEnv
ANR	1613415	DeclStmt									
ANR	1613416	Decl							HDFS_DLL_API jarray	"HDFS_DLL_API jarray ( JNIEnv * env , Exc * exc , const char * * elements , int size )"	constructNewArrayString
