start	end	type	var
5712397	5712398	DECLARES	
5712399	5712400	DECLARES	
5712405	5712406	IS_AST_PARENT	
5712405	5712407	IS_AST_PARENT	
5712404	5712405	IS_AST_PARENT	
5712408	5712409	IS_AST_PARENT	
5712408	5712410	IS_AST_PARENT	
5712411	5712412	IS_AST_PARENT	
5712413	5712414	IS_AST_PARENT	
5712413	5712415	IS_AST_PARENT	
5712411	5712413	IS_AST_PARENT	
5712408	5712411	IS_AST_PARENT	
5712404	5712408	IS_AST_PARENT	
5712403	5712404	IS_AST_PARENT	
5712417	5712418	IS_AST_PARENT	
5712417	5712419	IS_AST_PARENT	
5712416	5712417	IS_AST_PARENT	
5712403	5712416	IS_AST_PARENT	
5712421	5712422	IS_AST_PARENT	
5712421	5712423	IS_AST_PARENT	
5712420	5712421	IS_AST_PARENT	
5712403	5712420	IS_AST_PARENT	
5712426	5712427	IS_AST_PARENT	
5712426	5712428	IS_AST_PARENT	
5712425	5712426	IS_AST_PARENT	
5712424	5712425	IS_AST_PARENT	
5712430	5712431	IS_AST_PARENT	
5712430	5712432	IS_AST_PARENT	
5712429	5712430	IS_AST_PARENT	
5712424	5712429	IS_AST_PARENT	
5712433	5712434	IS_AST_PARENT	
5712433	5712435	IS_AST_PARENT	
5712424	5712433	IS_AST_PARENT	
5712436	5712437	IS_AST_PARENT	
5712436	5712438	IS_AST_PARENT	
5712436	5712439	IS_AST_PARENT	
5712436	5712440	IS_AST_PARENT	
5712436	5712441	IS_AST_PARENT	
5712436	5712442	IS_AST_PARENT	
5712436	5712443	IS_AST_PARENT	
5712436	5712444	IS_AST_PARENT	
5712436	5712445	IS_AST_PARENT	
5712436	5712446	IS_AST_PARENT	
5712436	5712447	IS_AST_PARENT	
5712436	5712448	IS_AST_PARENT	
5712436	5712449	IS_AST_PARENT	
5712436	5712450	IS_AST_PARENT	
5712436	5712451	IS_AST_PARENT	
5712457	5712458	IS_AST_PARENT	
5712457	5712459	IS_AST_PARENT	
5712456	5712457	IS_AST_PARENT	
5712456	5712460	IS_AST_PARENT	
5712455	5712456	IS_AST_PARENT	
5712461	5712462	IS_AST_PARENT	
5712464	5712465	IS_AST_PARENT	
5712463	5712464	IS_AST_PARENT	
5712467	5712468	IS_AST_PARENT	
5712466	5712467	IS_AST_PARENT	
5712470	5712471	IS_AST_PARENT	
5712470	5712472	IS_AST_PARENT	
5712469	5712470	IS_AST_PARENT	
5712466	5712469	IS_AST_PARENT	
5712463	5712466	IS_AST_PARENT	
5712461	5712463	IS_AST_PARENT	
5712455	5712461	IS_AST_PARENT	
5712454	5712455	IS_AST_PARENT	
5712453	5712454	IS_AST_PARENT	
5712475	5712476	IS_AST_PARENT	
5712477	5712478	IS_AST_PARENT	
5712477	5712479	IS_AST_PARENT	
5712475	5712477	IS_AST_PARENT	
5712474	5712475	IS_AST_PARENT	
5712473	5712474	IS_AST_PARENT	
5712473	5712480	IS_AST_PARENT	
5712453	5712473	IS_AST_PARENT	
5712452	5712453	IS_AST_PARENT	
5712436	5712452	IS_AST_PARENT	
5712424	5712436	IS_AST_PARENT	
5712403	5712424	IS_AST_PARENT	
5712483	5712484	IS_AST_PARENT	
5712485	5712486	IS_AST_PARENT	
5712485	5712487	IS_AST_PARENT	
5712483	5712485	IS_AST_PARENT	
5712482	5712483	IS_AST_PARENT	
5712481	5712482	IS_AST_PARENT	
5712491	5712492	IS_AST_PARENT	
5712491	5712493	IS_AST_PARENT	
5712490	5712491	IS_AST_PARENT	
5712489	5712490	IS_AST_PARENT	
5712495	5712496	IS_AST_PARENT	
5712495	5712497	IS_AST_PARENT	
5712494	5712495	IS_AST_PARENT	
5712489	5712494	IS_AST_PARENT	
5712498	5712499	IS_AST_PARENT	
5712498	5712500	IS_AST_PARENT	
5712489	5712498	IS_AST_PARENT	
5712501	5712502	IS_AST_PARENT	
5712501	5712503	IS_AST_PARENT	
5712501	5712504	IS_AST_PARENT	
5712501	5712505	IS_AST_PARENT	
5712501	5712506	IS_AST_PARENT	
5712501	5712507	IS_AST_PARENT	
5712501	5712508	IS_AST_PARENT	
5712501	5712509	IS_AST_PARENT	
5712501	5712510	IS_AST_PARENT	
5712501	5712511	IS_AST_PARENT	
5712501	5712512	IS_AST_PARENT	
5712501	5712513	IS_AST_PARENT	
5712501	5712514	IS_AST_PARENT	
5712501	5712515	IS_AST_PARENT	
5712501	5712516	IS_AST_PARENT	
5712522	5712523	IS_AST_PARENT	
5712522	5712524	IS_AST_PARENT	
5712521	5712522	IS_AST_PARENT	
5712521	5712525	IS_AST_PARENT	
5712520	5712521	IS_AST_PARENT	
5712527	5712528	IS_AST_PARENT	
5712527	5712529	IS_AST_PARENT	
5712526	5712527	IS_AST_PARENT	
5712526	5712530	IS_AST_PARENT	
5712520	5712526	IS_AST_PARENT	
5712519	5712520	IS_AST_PARENT	
5712518	5712519	IS_AST_PARENT	
5712533	5712534	IS_AST_PARENT	
5712533	5712535	IS_AST_PARENT	
5712532	5712533	IS_AST_PARENT	
5712531	5712532	IS_AST_PARENT	
5712518	5712531	IS_AST_PARENT	
5712517	5712518	IS_AST_PARENT	
5712501	5712517	IS_AST_PARENT	
5712489	5712501	IS_AST_PARENT	
5712488	5712489	IS_AST_PARENT	
5712481	5712488	IS_AST_PARENT	
5712403	5712481	IS_AST_PARENT	
5712536	5712537	IS_AST_PARENT	
5712403	5712536	IS_AST_PARENT	
5712402	5712403	IS_AST_PARENT	
5712402	5712538	IS_AST_PARENT	
5712402	5712539	IS_AST_PARENT	
5712541	5712542	IS_AST_PARENT	
5712541	5712543	IS_AST_PARENT	
5712540	5712541	IS_AST_PARENT	
5712544	5712545	IS_AST_PARENT	
5712544	5712546	IS_AST_PARENT	
5712540	5712544	IS_AST_PARENT	
5712402	5712540	IS_AST_PARENT	
5712547	5712541	FLOWS_TO	
5712541	5712544	FLOWS_TO	
5712544	5712404	FLOWS_TO	
5712404	5712416	FLOWS_TO	
5712416	5712420	FLOWS_TO	
5712420	5712425	FLOWS_TO	
5712429	5712437	FLOWS_TO	
5712429	5712482	FLOWS_TO	
5712425	5712429	FLOWS_TO	
5712433	5712429	FLOWS_TO	
5712437	5712438	FLOWS_TO	
5712438	5712439	FLOWS_TO	
5712439	5712440	FLOWS_TO	
5712440	5712441	FLOWS_TO	
5712441	5712442	FLOWS_TO	
5712442	5712443	FLOWS_TO	
5712443	5712444	FLOWS_TO	
5712444	5712445	FLOWS_TO	
5712445	5712446	FLOWS_TO	
5712446	5712447	FLOWS_TO	
5712447	5712448	FLOWS_TO	
5712448	5712449	FLOWS_TO	
5712449	5712450	FLOWS_TO	
5712450	5712451	FLOWS_TO	
5712451	5712454	FLOWS_TO	
5712454	5712474	FLOWS_TO	
5712454	5712433	FLOWS_TO	
5712474	5712480	FLOWS_TO	
5712480	5712482	FLOWS_TO	
5712482	5712490	FLOWS_TO	
5712482	5712536	FLOWS_TO	
5712494	5712502	FLOWS_TO	
5712494	5712536	FLOWS_TO	
5712490	5712494	FLOWS_TO	
5712498	5712494	FLOWS_TO	
5712502	5712503	FLOWS_TO	
5712503	5712504	FLOWS_TO	
5712504	5712505	FLOWS_TO	
5712505	5712506	FLOWS_TO	
5712506	5712507	FLOWS_TO	
5712507	5712508	FLOWS_TO	
5712508	5712509	FLOWS_TO	
5712509	5712510	FLOWS_TO	
5712510	5712511	FLOWS_TO	
5712511	5712512	FLOWS_TO	
5712512	5712513	FLOWS_TO	
5712513	5712514	FLOWS_TO	
5712514	5712515	FLOWS_TO	
5712515	5712516	FLOWS_TO	
5712516	5712519	FLOWS_TO	
5712519	5712532	FLOWS_TO	
5712519	5712498	FLOWS_TO	
5712532	5712548	FLOWS_TO	
5712536	5712548	FLOWS_TO	
5712420	5712549	DEF	
5712421	5712549	DEF	
5712454	5712549	USE	
5712470	5712549	USE	
5712457	5712549	USE	
5712474	5712549	USE	
5712477	5712549	USE	
5712519	5712549	USE	
5712527	5712549	USE	
5712522	5712549	USE	
5712532	5712549	USE	
5712533	5712549	USE	
5712536	5712550	USE	
5712404	5712551	DEF	
5712405	5712551	DEF	
5712429	5712551	USE	
5712425	5712551	DEF	
5712426	5712551	DEF	
5712494	5712551	USE	
5712490	5712551	DEF	
5712491	5712551	DEF	
5712416	5712552	DEF	
5712417	5712552	DEF	
5712429	5712553	USE	
5712494	5712553	USE	
5712404	5712554	DEF	
5712411	5712554	DEF	
5712408	5712554	DEF	
5712474	5712554	DEF	
5712475	5712554	DEF	
5712482	5712554	USE	
5712519	5712554	USE	
5712541	5712555	DEF	
5712454	5712556	USE	
5712469	5712556	USE	
5712474	5712556	USE	
5712475	5712556	USE	
5712519	5712556	USE	
5712532	5712556	USE	
5712454	5712557	USE	
5712469	5712557	USE	
5712532	5712557	USE	
5712454	5712558	USE	
5712519	5712558	USE	
5712544	5712559	DEF	
5712454	5712559	USE	
5712467	5712559	USE	
5712454	5712560	USE	
5712474	5712561	USE	
5712475	5712561	USE	
5712519	5712561	USE	
5712420	5712454	REACHES	item
5712420	5712474	REACHES	item
5712420	5712519	REACHES	item
5712420	5712532	REACHES	item
5712425	5712429	REACHES	i
5712490	5712494	REACHES	i
5712474	5712482	REACHES	j
5712404	5712482	REACHES	j
5712474	5712519	REACHES	j
5712404	5712519	REACHES	j
5712544	5712454	REACHES	rreg32
5712547	5712541	CONTROLS	
5712547	5712544	CONTROLS	
5712547	5712404	CONTROLS	
5712547	5712416	CONTROLS	
5712547	5712420	CONTROLS	
5712547	5712425	CONTROLS	
5712547	5712429	CONTROLS	
5712547	5712482	CONTROLS	
5712429	5712437	CONTROLS	
5712429	5712438	CONTROLS	
5712429	5712439	CONTROLS	
5712429	5712440	CONTROLS	
5712429	5712441	CONTROLS	
5712429	5712442	CONTROLS	
5712429	5712443	CONTROLS	
5712429	5712444	CONTROLS	
5712429	5712445	CONTROLS	
5712429	5712446	CONTROLS	
5712429	5712447	CONTROLS	
5712429	5712448	CONTROLS	
5712429	5712449	CONTROLS	
5712429	5712450	CONTROLS	
5712429	5712451	CONTROLS	
5712429	5712454	CONTROLS	
5712454	5712474	CONTROLS	
5712454	5712480	CONTROLS	
5712454	5712433	CONTROLS	
5712454	5712429	CONTROLS	
5712482	5712490	CONTROLS	
5712482	5712494	CONTROLS	
5712482	5712536	CONTROLS	
5712494	5712502	CONTROLS	
5712494	5712503	CONTROLS	
5712494	5712504	CONTROLS	
5712494	5712505	CONTROLS	
5712494	5712506	CONTROLS	
5712494	5712507	CONTROLS	
5712494	5712508	CONTROLS	
5712494	5712509	CONTROLS	
5712494	5712510	CONTROLS	
5712494	5712511	CONTROLS	
5712494	5712512	CONTROLS	
5712494	5712513	CONTROLS	
5712494	5712514	CONTROLS	
5712494	5712515	CONTROLS	
5712494	5712516	CONTROLS	
5712494	5712519	CONTROLS	
5712494	5712536	CONTROLS	
5712519	5712532	CONTROLS	
5712519	5712498	CONTROLS	
5712519	5712494	CONTROLS	
5712519	5712532	DOM	
5712508	5712509	DOM	
5712437	5712438	DOM	
5712502	5712503	DOM	
5712513	5712514	DOM	
5712510	5712511	DOM	
5712438	5712439	DOM	
5712443	5712444	DOM	
5712494	5712502	DOM	
5712509	5712510	DOM	
5712449	5712450	DOM	
5712454	5712474	DOM	
5712511	5712512	DOM	
5712547	5712541	DOM	
5712439	5712440	DOM	
5712445	5712446	DOM	
5712490	5712494	DOM	
5712519	5712498	DOM	
5712447	5712448	DOM	
5712544	5712404	DOM	
5712429	5712482	DOM	
5712505	5712506	DOM	
5712541	5712544	DOM	
5712514	5712515	DOM	
5712446	5712447	DOM	
5712404	5712416	DOM	
5712448	5712449	DOM	
5712482	5712548	DOM	
5712429	5712437	DOM	
5712516	5712519	DOM	
5712425	5712429	DOM	
5712547	5712547	DOM	
5712441	5712442	DOM	
5712504	5712505	DOM	
5712512	5712513	DOM	
5712420	5712425	DOM	
5712482	5712490	DOM	
5712454	5712433	DOM	
5712416	5712420	DOM	
5712451	5712454	DOM	
5712444	5712445	DOM	
5712442	5712443	DOM	
5712440	5712441	DOM	
5712482	5712536	DOM	
5712515	5712516	DOM	
5712503	5712504	DOM	
5712506	5712507	DOM	
5712450	5712451	DOM	
5712474	5712480	DOM	
5712507	5712508	DOM	
5712548	5712532	POST_DOM	
5712510	5712509	POST_DOM	
5712439	5712438	POST_DOM	
5712504	5712503	POST_DOM	
5712515	5712514	POST_DOM	
5712512	5712511	POST_DOM	
5712440	5712439	POST_DOM	
5712445	5712444	POST_DOM	
5712503	5712502	POST_DOM	
5712511	5712510	POST_DOM	
5712451	5712450	POST_DOM	
5712480	5712474	POST_DOM	
5712513	5712512	POST_DOM	
5712544	5712541	POST_DOM	
5712548	5712494	POST_DOM	
5712447	5712446	POST_DOM	
5712441	5712440	POST_DOM	
5712494	5712498	POST_DOM	
5712449	5712448	POST_DOM	
5712548	5712482	POST_DOM	
5712416	5712404	POST_DOM	
5712507	5712506	POST_DOM	
5712404	5712544	POST_DOM	
5712516	5712515	POST_DOM	
5712448	5712447	POST_DOM	
5712420	5712416	POST_DOM	
5712450	5712449	POST_DOM	
5712548	5712548	POST_DOM	
5712438	5712437	POST_DOM	
5712548	5712519	POST_DOM	
5712482	5712429	POST_DOM	
5712541	5712547	POST_DOM	
5712506	5712505	POST_DOM	
5712443	5712442	POST_DOM	
5712514	5712513	POST_DOM	
5712494	5712490	POST_DOM	
5712429	5712425	POST_DOM	
5712429	5712433	POST_DOM	
5712425	5712420	POST_DOM	
5712482	5712454	POST_DOM	
5712446	5712445	POST_DOM	
5712444	5712443	POST_DOM	
5712442	5712441	POST_DOM	
5712548	5712536	POST_DOM	
5712519	5712516	POST_DOM	
5712508	5712507	POST_DOM	
5712505	5712504	POST_DOM	
5712454	5712451	POST_DOM	
5712482	5712480	POST_DOM	
5712509	5712508	POST_DOM	
5712401	5712402	IS_FUNCTION_OF_AST	
5712401	5712547	IS_FUNCTION_OF_CFG	
5712396	5712401	IS_FILE_OF	
5712566	5712567	IS_AST_PARENT	
5712566	5712568	IS_AST_PARENT	
5712565	5712566	IS_AST_PARENT	
5712569	5712570	IS_AST_PARENT	
5712569	5712571	IS_AST_PARENT	
5712572	5712573	IS_AST_PARENT	
5712574	5712575	IS_AST_PARENT	
5712574	5712576	IS_AST_PARENT	
5712572	5712574	IS_AST_PARENT	
5712569	5712572	IS_AST_PARENT	
5712565	5712569	IS_AST_PARENT	
5712564	5712565	IS_AST_PARENT	
5712578	5712579	IS_AST_PARENT	
5712578	5712580	IS_AST_PARENT	
5712577	5712578	IS_AST_PARENT	
5712564	5712577	IS_AST_PARENT	
5712582	5712583	IS_AST_PARENT	
5712582	5712584	IS_AST_PARENT	
5712581	5712582	IS_AST_PARENT	
5712564	5712581	IS_AST_PARENT	
5712587	5712588	IS_AST_PARENT	
5712587	5712589	IS_AST_PARENT	
5712586	5712587	IS_AST_PARENT	
5712585	5712586	IS_AST_PARENT	
5712591	5712592	IS_AST_PARENT	
5712591	5712593	IS_AST_PARENT	
5712590	5712591	IS_AST_PARENT	
5712585	5712590	IS_AST_PARENT	
5712594	5712595	IS_AST_PARENT	
5712594	5712596	IS_AST_PARENT	
5712585	5712594	IS_AST_PARENT	
5712597	5712598	IS_AST_PARENT	
5712597	5712599	IS_AST_PARENT	
5712597	5712600	IS_AST_PARENT	
5712597	5712601	IS_AST_PARENT	
5712597	5712602	IS_AST_PARENT	
5712597	5712603	IS_AST_PARENT	
5712597	5712604	IS_AST_PARENT	
5712597	5712605	IS_AST_PARENT	
5712597	5712606	IS_AST_PARENT	
5712597	5712607	IS_AST_PARENT	
5712597	5712608	IS_AST_PARENT	
5712597	5712609	IS_AST_PARENT	
5712597	5712610	IS_AST_PARENT	
5712597	5712611	IS_AST_PARENT	
5712597	5712612	IS_AST_PARENT	
5712618	5712619	IS_AST_PARENT	
5712618	5712620	IS_AST_PARENT	
5712617	5712618	IS_AST_PARENT	
5712617	5712621	IS_AST_PARENT	
5712616	5712617	IS_AST_PARENT	
5712622	5712623	IS_AST_PARENT	
5712625	5712626	IS_AST_PARENT	
5712624	5712625	IS_AST_PARENT	
5712628	5712629	IS_AST_PARENT	
5712627	5712628	IS_AST_PARENT	
5712631	5712632	IS_AST_PARENT	
5712631	5712633	IS_AST_PARENT	
5712630	5712631	IS_AST_PARENT	
5712627	5712630	IS_AST_PARENT	
5712624	5712627	IS_AST_PARENT	
5712622	5712624	IS_AST_PARENT	
5712616	5712622	IS_AST_PARENT	
5712615	5712616	IS_AST_PARENT	
5712614	5712615	IS_AST_PARENT	
5712636	5712637	IS_AST_PARENT	
5712638	5712639	IS_AST_PARENT	
5712638	5712640	IS_AST_PARENT	
5712636	5712638	IS_AST_PARENT	
5712635	5712636	IS_AST_PARENT	
5712634	5712635	IS_AST_PARENT	
5712634	5712641	IS_AST_PARENT	
5712614	5712634	IS_AST_PARENT	
5712613	5712614	IS_AST_PARENT	
5712597	5712613	IS_AST_PARENT	
5712585	5712597	IS_AST_PARENT	
5712564	5712585	IS_AST_PARENT	
5712644	5712645	IS_AST_PARENT	
5712646	5712647	IS_AST_PARENT	
5712646	5712648	IS_AST_PARENT	
5712644	5712646	IS_AST_PARENT	
5712643	5712644	IS_AST_PARENT	
5712642	5712643	IS_AST_PARENT	
5712652	5712653	IS_AST_PARENT	
5712652	5712654	IS_AST_PARENT	
5712651	5712652	IS_AST_PARENT	
5712650	5712651	IS_AST_PARENT	
5712656	5712657	IS_AST_PARENT	
5712656	5712658	IS_AST_PARENT	
5712655	5712656	IS_AST_PARENT	
5712650	5712655	IS_AST_PARENT	
5712659	5712660	IS_AST_PARENT	
5712659	5712661	IS_AST_PARENT	
5712650	5712659	IS_AST_PARENT	
5712662	5712663	IS_AST_PARENT	
5712662	5712664	IS_AST_PARENT	
5712662	5712665	IS_AST_PARENT	
5712662	5712666	IS_AST_PARENT	
5712662	5712667	IS_AST_PARENT	
5712662	5712668	IS_AST_PARENT	
5712662	5712669	IS_AST_PARENT	
5712662	5712670	IS_AST_PARENT	
5712662	5712671	IS_AST_PARENT	
5712662	5712672	IS_AST_PARENT	
5712662	5712673	IS_AST_PARENT	
5712662	5712674	IS_AST_PARENT	
5712662	5712675	IS_AST_PARENT	
5712662	5712676	IS_AST_PARENT	
5712662	5712677	IS_AST_PARENT	
5712683	5712684	IS_AST_PARENT	
5712683	5712685	IS_AST_PARENT	
5712682	5712683	IS_AST_PARENT	
5712682	5712686	IS_AST_PARENT	
5712681	5712682	IS_AST_PARENT	
5712688	5712689	IS_AST_PARENT	
5712688	5712690	IS_AST_PARENT	
5712687	5712688	IS_AST_PARENT	
5712687	5712691	IS_AST_PARENT	
5712681	5712687	IS_AST_PARENT	
5712680	5712681	IS_AST_PARENT	
5712679	5712680	IS_AST_PARENT	
5712694	5712695	IS_AST_PARENT	
5712694	5712696	IS_AST_PARENT	
5712693	5712694	IS_AST_PARENT	
5712692	5712693	IS_AST_PARENT	
5712679	5712692	IS_AST_PARENT	
5712678	5712679	IS_AST_PARENT	
5712662	5712678	IS_AST_PARENT	
5712650	5712662	IS_AST_PARENT	
5712649	5712650	IS_AST_PARENT	
5712642	5712649	IS_AST_PARENT	
5712564	5712642	IS_AST_PARENT	
5712697	5712698	IS_AST_PARENT	
5712564	5712697	IS_AST_PARENT	
5712563	5712564	IS_AST_PARENT	
5712563	5712699	IS_AST_PARENT	
5712563	5712700	IS_AST_PARENT	
5712702	5712703	IS_AST_PARENT	
5712702	5712704	IS_AST_PARENT	
5712701	5712702	IS_AST_PARENT	
5712705	5712706	IS_AST_PARENT	
5712705	5712707	IS_AST_PARENT	
5712701	5712705	IS_AST_PARENT	
5712563	5712701	IS_AST_PARENT	
5712708	5712702	FLOWS_TO	
5712702	5712705	FLOWS_TO	
5712705	5712565	FLOWS_TO	
5712565	5712577	FLOWS_TO	
5712577	5712581	FLOWS_TO	
5712581	5712586	FLOWS_TO	
5712590	5712598	FLOWS_TO	
5712590	5712643	FLOWS_TO	
5712586	5712590	FLOWS_TO	
5712594	5712590	FLOWS_TO	
5712598	5712599	FLOWS_TO	
5712599	5712600	FLOWS_TO	
5712600	5712601	FLOWS_TO	
5712601	5712602	FLOWS_TO	
5712602	5712603	FLOWS_TO	
5712603	5712604	FLOWS_TO	
5712604	5712605	FLOWS_TO	
5712605	5712606	FLOWS_TO	
5712606	5712607	FLOWS_TO	
5712607	5712608	FLOWS_TO	
5712608	5712609	FLOWS_TO	
5712609	5712610	FLOWS_TO	
5712610	5712611	FLOWS_TO	
5712611	5712612	FLOWS_TO	
5712612	5712615	FLOWS_TO	
5712615	5712635	FLOWS_TO	
5712615	5712594	FLOWS_TO	
5712635	5712641	FLOWS_TO	
5712641	5712643	FLOWS_TO	
5712643	5712651	FLOWS_TO	
5712643	5712697	FLOWS_TO	
5712655	5712663	FLOWS_TO	
5712655	5712697	FLOWS_TO	
5712651	5712655	FLOWS_TO	
5712659	5712655	FLOWS_TO	
5712663	5712664	FLOWS_TO	
5712664	5712665	FLOWS_TO	
5712665	5712666	FLOWS_TO	
5712666	5712667	FLOWS_TO	
5712667	5712668	FLOWS_TO	
5712668	5712669	FLOWS_TO	
5712669	5712670	FLOWS_TO	
5712670	5712671	FLOWS_TO	
5712671	5712672	FLOWS_TO	
5712672	5712673	FLOWS_TO	
5712673	5712674	FLOWS_TO	
5712674	5712675	FLOWS_TO	
5712675	5712676	FLOWS_TO	
5712676	5712677	FLOWS_TO	
5712677	5712680	FLOWS_TO	
5712680	5712693	FLOWS_TO	
5712680	5712659	FLOWS_TO	
5712693	5712709	FLOWS_TO	
5712697	5712709	FLOWS_TO	
5712581	5712710	DEF	
5712582	5712710	DEF	
5712615	5712710	USE	
5712631	5712710	USE	
5712618	5712710	USE	
5712635	5712710	USE	
5712638	5712710	USE	
5712680	5712710	USE	
5712683	5712710	USE	
5712688	5712710	USE	
5712693	5712710	USE	
5712694	5712710	USE	
5712697	5712711	USE	
5712565	5712712	DEF	
5712566	5712712	DEF	
5712590	5712712	USE	
5712586	5712712	DEF	
5712587	5712712	DEF	
5712655	5712712	USE	
5712651	5712712	DEF	
5712652	5712712	DEF	
5712577	5712713	DEF	
5712578	5712713	DEF	
5712590	5712714	USE	
5712655	5712714	USE	
5712565	5712715	DEF	
5712569	5712715	DEF	
5712572	5712715	DEF	
5712635	5712715	DEF	
5712636	5712715	DEF	
5712643	5712715	USE	
5712680	5712715	USE	
5712702	5712716	DEF	
5712615	5712717	USE	
5712630	5712717	USE	
5712635	5712717	USE	
5712636	5712717	USE	
5712680	5712717	USE	
5712693	5712717	USE	
5712615	5712718	USE	
5712630	5712718	USE	
5712693	5712718	USE	
5712615	5712719	USE	
5712680	5712719	USE	
5712705	5712720	DEF	
5712615	5712720	USE	
5712628	5712720	USE	
5712615	5712721	USE	
5712635	5712722	USE	
5712636	5712722	USE	
5712680	5712722	USE	
5712581	5712615	REACHES	item
5712581	5712635	REACHES	item
5712581	5712680	REACHES	item
5712581	5712693	REACHES	item
5712586	5712590	REACHES	i
5712651	5712655	REACHES	i
5712565	5712643	REACHES	j
5712635	5712643	REACHES	j
5712565	5712680	REACHES	j
5712635	5712680	REACHES	j
5712705	5712615	REACHES	rreg64
5712708	5712702	CONTROLS	
5712708	5712705	CONTROLS	
5712708	5712565	CONTROLS	
5712708	5712577	CONTROLS	
5712708	5712581	CONTROLS	
5712708	5712586	CONTROLS	
5712708	5712590	CONTROLS	
5712708	5712643	CONTROLS	
5712590	5712598	CONTROLS	
5712590	5712599	CONTROLS	
5712590	5712600	CONTROLS	
5712590	5712601	CONTROLS	
5712590	5712602	CONTROLS	
5712590	5712603	CONTROLS	
5712590	5712604	CONTROLS	
5712590	5712605	CONTROLS	
5712590	5712606	CONTROLS	
5712590	5712607	CONTROLS	
5712590	5712608	CONTROLS	
5712590	5712609	CONTROLS	
5712590	5712610	CONTROLS	
5712590	5712611	CONTROLS	
5712590	5712612	CONTROLS	
5712590	5712615	CONTROLS	
5712615	5712635	CONTROLS	
5712615	5712641	CONTROLS	
5712615	5712594	CONTROLS	
5712615	5712590	CONTROLS	
5712643	5712651	CONTROLS	
5712643	5712655	CONTROLS	
5712643	5712697	CONTROLS	
5712655	5712663	CONTROLS	
5712655	5712664	CONTROLS	
5712655	5712665	CONTROLS	
5712655	5712666	CONTROLS	
5712655	5712667	CONTROLS	
5712655	5712668	CONTROLS	
5712655	5712669	CONTROLS	
5712655	5712670	CONTROLS	
5712655	5712671	CONTROLS	
5712655	5712672	CONTROLS	
5712655	5712673	CONTROLS	
5712655	5712674	CONTROLS	
5712655	5712675	CONTROLS	
5712655	5712676	CONTROLS	
5712655	5712677	CONTROLS	
5712655	5712680	CONTROLS	
5712655	5712697	CONTROLS	
5712680	5712693	CONTROLS	
5712680	5712659	CONTROLS	
5712680	5712655	CONTROLS	
5712663	5712664	DOM	
5712598	5712599	DOM	
5712609	5712610	DOM	
5712655	5712663	DOM	
5712708	5712702	DOM	
5712606	5712607	DOM	
5712680	5712693	DOM	
5712602	5712603	DOM	
5712605	5712606	DOM	
5712590	5712643	DOM	
5712643	5712651	DOM	
5712668	5712669	DOM	
5712611	5712612	DOM	
5712669	5712670	DOM	
5712643	5712709	DOM	
5712672	5712673	DOM	
5712607	5712608	DOM	
5712610	5712611	DOM	
5712666	5712667	DOM	
5712586	5712590	DOM	
5712664	5712665	DOM	
5712581	5712586	DOM	
5712577	5712581	DOM	
5712665	5712666	DOM	
5712674	5712675	DOM	
5712615	5712635	DOM	
5712677	5712680	DOM	
5712702	5712705	DOM	
5712667	5712668	DOM	
5712608	5712609	DOM	
5712615	5712594	DOM	
5712601	5712602	DOM	
5712603	5712604	DOM	
5712600	5712601	DOM	
5712671	5712672	DOM	
5712643	5712697	DOM	
5712565	5712577	DOM	
5712680	5712659	DOM	
5712651	5712655	DOM	
5712599	5712600	DOM	
5712676	5712677	DOM	
5712612	5712615	DOM	
5712604	5712605	DOM	
5712673	5712674	DOM	
5712705	5712565	DOM	
5712670	5712671	DOM	
5712590	5712598	DOM	
5712635	5712641	DOM	
5712675	5712676	DOM	
5712708	5712708	DOM	
5712665	5712664	POST_DOM	
5712600	5712599	POST_DOM	
5712611	5712610	POST_DOM	
5712664	5712663	POST_DOM	
5712705	5712702	POST_DOM	
5712608	5712607	POST_DOM	
5712709	5712693	POST_DOM	
5712604	5712603	POST_DOM	
5712607	5712606	POST_DOM	
5712709	5712643	POST_DOM	
5712655	5712651	POST_DOM	
5712670	5712669	POST_DOM	
5712615	5712612	POST_DOM	
5712671	5712670	POST_DOM	
5712709	5712709	POST_DOM	
5712674	5712673	POST_DOM	
5712609	5712608	POST_DOM	
5712612	5712611	POST_DOM	
5712668	5712667	POST_DOM	
5712666	5712665	POST_DOM	
5712643	5712590	POST_DOM	
5712590	5712586	POST_DOM	
5712667	5712666	POST_DOM	
5712586	5712581	POST_DOM	
5712676	5712675	POST_DOM	
5712641	5712635	POST_DOM	
5712709	5712680	POST_DOM	
5712669	5712668	POST_DOM	
5712565	5712705	POST_DOM	
5712610	5712609	POST_DOM	
5712590	5712594	POST_DOM	
5712603	5712602	POST_DOM	
5712605	5712604	POST_DOM	
5712673	5712672	POST_DOM	
5712602	5712601	POST_DOM	
5712709	5712697	POST_DOM	
5712581	5712577	POST_DOM	
5712655	5712659	POST_DOM	
5712709	5712655	POST_DOM	
5712680	5712677	POST_DOM	
5712601	5712600	POST_DOM	
5712643	5712615	POST_DOM	
5712606	5712605	POST_DOM	
5712675	5712674	POST_DOM	
5712577	5712565	POST_DOM	
5712672	5712671	POST_DOM	
5712599	5712598	POST_DOM	
5712643	5712641	POST_DOM	
5712677	5712676	POST_DOM	
5712702	5712708	POST_DOM	
5712562	5712563	IS_FUNCTION_OF_AST	
5712562	5712708	IS_FUNCTION_OF_CFG	
5712396	5712562	IS_FILE_OF	
5712730	5712731	IS_AST_PARENT	
5712730	5712732	IS_AST_PARENT	
5712729	5712730	IS_AST_PARENT	
5712733	5712734	IS_AST_PARENT	
5712733	5712735	IS_AST_PARENT	
5712729	5712733	IS_AST_PARENT	
5712728	5712729	IS_AST_PARENT	
5712727	5712728	IS_AST_PARENT	
5712736	5712737	IS_AST_PARENT	
5712736	5712738	IS_AST_PARENT	
5712727	5712736	IS_AST_PARENT	
5712727	5712739	IS_AST_PARENT	
5712726	5712727	IS_AST_PARENT	
5712725	5712726	IS_AST_PARENT	
5712724	5712725	IS_AST_PARENT	
5712724	5712740	IS_AST_PARENT	
5712724	5712741	IS_AST_PARENT	
5712743	5712744	IS_AST_PARENT	
5712743	5712745	IS_AST_PARENT	
5712742	5712743	IS_AST_PARENT	
5712724	5712742	IS_AST_PARENT	
5712746	5712743	FLOWS_TO	
5712743	5712726	FLOWS_TO	
5712726	5712747	FLOWS_TO	
5712726	5712748	USE	
5712736	5712748	USE	
5712726	5712749	USE	
5712726	5712750	USE	
5712726	5712751	USE	
5712728	5712751	USE	
5712743	5712752	DEF	
5712726	5712752	USE	
5712728	5712752	USE	
5712736	5712752	USE	
5712726	5712753	USE	
5712743	5712726	REACHES	idx
5712746	5712743	CONTROLS	
5712746	5712726	CONTROLS	
5712746	5712746	DOM	
5712726	5712747	DOM	
5712743	5712726	DOM	
5712746	5712743	DOM	
5712747	5712747	POST_DOM	
5712743	5712746	POST_DOM	
5712747	5712726	POST_DOM	
5712726	5712743	POST_DOM	
5712723	5712724	IS_FUNCTION_OF_AST	
5712723	5712746	IS_FUNCTION_OF_CFG	
5712396	5712723	IS_FILE_OF	
5712758	5712759	IS_AST_PARENT	
5712758	5712760	IS_AST_PARENT	
5712757	5712758	IS_AST_PARENT	
5712756	5712757	IS_AST_PARENT	
5712763	5712764	IS_AST_PARENT	
5712763	5712765	IS_AST_PARENT	
5712762	5712763	IS_AST_PARENT	
5712761	5712762	IS_AST_PARENT	
5712768	5712769	IS_AST_PARENT	
5712768	5712770	IS_AST_PARENT	
5712767	5712768	IS_AST_PARENT	
5712771	5712772	IS_AST_PARENT	
5712771	5712773	IS_AST_PARENT	
5712767	5712771	IS_AST_PARENT	
5712766	5712767	IS_AST_PARENT	
5712761	5712766	IS_AST_PARENT	
5712774	5712775	IS_AST_PARENT	
5712774	5712776	IS_AST_PARENT	
5712761	5712774	IS_AST_PARENT	
5712780	5712781	IS_AST_PARENT	
5712783	5712784	IS_AST_PARENT	
5712782	5712783	IS_AST_PARENT	
5712787	5712788	IS_AST_PARENT	
5712787	5712789	IS_AST_PARENT	
5712786	5712787	IS_AST_PARENT	
5712785	5712786	IS_AST_PARENT	
5712790	5712791	IS_AST_PARENT	
5712785	5712790	IS_AST_PARENT	
5712782	5712785	IS_AST_PARENT	
5712780	5712782	IS_AST_PARENT	
5712779	5712780	IS_AST_PARENT	
5712778	5712779	IS_AST_PARENT	
5712793	5712794	IS_AST_PARENT	
5712792	5712793	IS_AST_PARENT	
5712778	5712792	IS_AST_PARENT	
5712777	5712778	IS_AST_PARENT	
5712761	5712777	IS_AST_PARENT	
5712756	5712761	IS_AST_PARENT	
5712797	5712798	IS_AST_PARENT	
5712800	5712801	IS_AST_PARENT	
5712799	5712800	IS_AST_PARENT	
5712803	5712804	IS_AST_PARENT	
5712802	5712803	IS_AST_PARENT	
5712805	5712806	IS_AST_PARENT	
5712802	5712805	IS_AST_PARENT	
5712799	5712802	IS_AST_PARENT	
5712797	5712799	IS_AST_PARENT	
5712796	5712797	IS_AST_PARENT	
5712795	5712796	IS_AST_PARENT	
5712808	5712809	IS_AST_PARENT	
5712807	5712808	IS_AST_PARENT	
5712795	5712807	IS_AST_PARENT	
5712756	5712795	IS_AST_PARENT	
5712811	5712812	IS_AST_PARENT	
5712811	5712813	IS_AST_PARENT	
5712810	5712811	IS_AST_PARENT	
5712756	5712810	IS_AST_PARENT	
5712755	5712756	IS_AST_PARENT	
5712755	5712814	IS_AST_PARENT	
5712755	5712815	IS_AST_PARENT	
5712817	5712818	IS_AST_PARENT	
5712817	5712819	IS_AST_PARENT	
5712816	5712817	IS_AST_PARENT	
5712755	5712816	IS_AST_PARENT	
5712820	5712817	FLOWS_TO	
5712817	5712757	FLOWS_TO	
5712757	5712762	FLOWS_TO	
5712766	5712779	FLOWS_TO	
5712766	5712796	FLOWS_TO	
5712762	5712766	FLOWS_TO	
5712774	5712766	FLOWS_TO	
5712779	5712793	FLOWS_TO	
5712779	5712774	FLOWS_TO	
5712793	5712821	FLOWS_TO	
5712796	5712808	FLOWS_TO	
5712796	5712810	FLOWS_TO	
5712808	5712821	FLOWS_TO	
5712810	5712821	FLOWS_TO	
5712817	5712822	DEF	
5712779	5712822	USE	
5712790	5712822	USE	
5712796	5712822	USE	
5712803	5712822	USE	
5712779	5712823	USE	
5712796	5712823	USE	
5712766	5712824	USE	
5712771	5712824	USE	
5712779	5712824	USE	
5712787	5712824	USE	
5712766	5712825	USE	
5712779	5712825	USE	
5712786	5712825	USE	
5712808	5712826	USE	
5712757	5712827	DEF	
5712758	5712827	DEF	
5712766	5712827	USE	
5712771	5712827	USE	
5712762	5712827	DEF	
5712763	5712827	DEF	
5712774	5712827	DEF	
5712774	5712827	USE	
5712779	5712827	USE	
5712787	5712827	USE	
5712793	5712827	USE	
5712766	5712828	USE	
5712766	5712829	USE	
5712779	5712829	USE	
5712786	5712829	USE	
5712817	5712779	REACHES	str
5712817	5712796	REACHES	str
5712774	5712766	REACHES	i
5712762	5712766	REACHES	i
5712774	5712774	REACHES	i
5712762	5712774	REACHES	i
5712774	5712779	REACHES	i
5712762	5712779	REACHES	i
5712774	5712793	REACHES	i
5712762	5712793	REACHES	i
5712820	5712817	CONTROLS	
5712820	5712757	CONTROLS	
5712820	5712762	CONTROLS	
5712820	5712766	CONTROLS	
5712766	5712779	CONTROLS	
5712766	5712796	CONTROLS	
5712779	5712793	CONTROLS	
5712779	5712774	CONTROLS	
5712779	5712766	CONTROLS	
5712796	5712808	CONTROLS	
5712796	5712810	CONTROLS	
5712779	5712774	DOM	
5712766	5712796	DOM	
5712817	5712757	DOM	
5712762	5712766	DOM	
5712820	5712817	DOM	
5712796	5712810	DOM	
5712779	5712793	DOM	
5712766	5712779	DOM	
5712796	5712808	DOM	
5712820	5712820	DOM	
5712766	5712821	DOM	
5712757	5712762	DOM	
5712766	5712774	POST_DOM	
5712821	5712796	POST_DOM	
5712762	5712757	POST_DOM	
5712821	5712766	POST_DOM	
5712757	5712817	POST_DOM	
5712821	5712810	POST_DOM	
5712821	5712793	POST_DOM	
5712821	5712779	POST_DOM	
5712821	5712808	POST_DOM	
5712817	5712820	POST_DOM	
5712821	5712821	POST_DOM	
5712766	5712762	POST_DOM	
5712754	5712755	IS_FUNCTION_OF_AST	
5712754	5712820	IS_FUNCTION_OF_CFG	
5712396	5712754	IS_FILE_OF	
5712835	5712836	IS_AST_PARENT	
5712834	5712835	IS_AST_PARENT	
5712839	5712840	IS_AST_PARENT	
5712839	5712841	IS_AST_PARENT	
5712838	5712839	IS_AST_PARENT	
5712837	5712838	IS_AST_PARENT	
5712834	5712837	IS_AST_PARENT	
5712833	5712834	IS_AST_PARENT	
5712832	5712833	IS_AST_PARENT	
5712844	5712845	IS_AST_PARENT	
5712843	5712844	IS_AST_PARENT	
5712848	5712849	IS_AST_PARENT	
5712848	5712850	IS_AST_PARENT	
5712847	5712848	IS_AST_PARENT	
5712846	5712847	IS_AST_PARENT	
5712843	5712846	IS_AST_PARENT	
5712842	5712843	IS_AST_PARENT	
5712832	5712842	IS_AST_PARENT	
5712853	5712854	IS_AST_PARENT	
5712852	5712853	IS_AST_PARENT	
5712856	5712857	IS_AST_PARENT	
5712855	5712856	IS_AST_PARENT	
5712852	5712855	IS_AST_PARENT	
5712851	5712852	IS_AST_PARENT	
5712832	5712851	IS_AST_PARENT	
5712831	5712832	IS_AST_PARENT	
5712831	5712858	IS_AST_PARENT	
5712831	5712859	IS_AST_PARENT	
5712861	5712862	IS_AST_PARENT	
5712861	5712863	IS_AST_PARENT	
5712860	5712861	IS_AST_PARENT	
5712831	5712860	IS_AST_PARENT	
5712864	5712861	FLOWS_TO	
5712861	5712833	FLOWS_TO	
5712833	5712842	FLOWS_TO	
5712842	5712851	FLOWS_TO	
5712851	5712865	FLOWS_TO	
5712861	5712866	DEF	
5712833	5712866	USE	
5712839	5712866	USE	
5712842	5712866	USE	
5712848	5712866	USE	
5712851	5712866	USE	
5712856	5712866	USE	
5712833	5712867	USE	
5712838	5712867	USE	
5712842	5712867	USE	
5712847	5712867	USE	
5712833	5712868	USE	
5712838	5712868	USE	
5712842	5712869	USE	
5712847	5712869	USE	
5712861	5712833	REACHES	item
5712861	5712842	REACHES	item
5712861	5712851	REACHES	item
5712864	5712861	CONTROLS	
5712864	5712833	CONTROLS	
5712864	5712842	CONTROLS	
5712864	5712851	CONTROLS	
5712864	5712861	DOM	
5712833	5712842	DOM	
5712851	5712865	DOM	
5712864	5712864	DOM	
5712861	5712833	DOM	
5712842	5712851	DOM	
5712833	5712861	POST_DOM	
5712851	5712842	POST_DOM	
5712865	5712865	POST_DOM	
5712861	5712864	POST_DOM	
5712865	5712851	POST_DOM	
5712842	5712833	POST_DOM	
5712830	5712831	IS_FUNCTION_OF_AST	
5712830	5712864	IS_FUNCTION_OF_CFG	
5712396	5712830	IS_FILE_OF	
5712876	5712877	IS_AST_PARENT	
5712876	5712878	IS_AST_PARENT	
5712875	5712876	IS_AST_PARENT	
5712879	5712880	IS_AST_PARENT	
5712881	5712882	IS_AST_PARENT	
5712881	5712883	IS_AST_PARENT	
5712879	5712881	IS_AST_PARENT	
5712875	5712879	IS_AST_PARENT	
5712874	5712875	IS_AST_PARENT	
5712873	5712874	IS_AST_PARENT	
5712886	5712887	IS_AST_PARENT	
5712886	5712888	IS_AST_PARENT	
5712885	5712886	IS_AST_PARENT	
5712884	5712885	IS_AST_PARENT	
5712873	5712884	IS_AST_PARENT	
5712872	5712873	IS_AST_PARENT	
5712892	5712893	IS_AST_PARENT	
5712892	5712894	IS_AST_PARENT	
5712891	5712892	IS_AST_PARENT	
5712896	5712897	IS_AST_PARENT	
5712896	5712898	IS_AST_PARENT	
5712895	5712896	IS_AST_PARENT	
5712895	5712899	IS_AST_PARENT	
5712891	5712895	IS_AST_PARENT	
5712890	5712891	IS_AST_PARENT	
5712889	5712890	IS_AST_PARENT	
5712900	5712901	IS_AST_PARENT	
5712900	5712902	IS_AST_PARENT	
5712900	5712903	IS_AST_PARENT	
5712900	5712904	IS_AST_PARENT	
5712900	5712905	IS_AST_PARENT	
5712900	5712906	IS_AST_PARENT	
5712900	5712907	IS_AST_PARENT	
5712900	5712908	IS_AST_PARENT	
5712900	5712909	IS_AST_PARENT	
5712910	5712911	IS_AST_PARENT	
5712900	5712910	IS_AST_PARENT	
5712900	5712912	IS_AST_PARENT	
5712900	5712913	IS_AST_PARENT	
5712900	5712914	IS_AST_PARENT	
5712900	5712915	IS_AST_PARENT	
5712900	5712916	IS_AST_PARENT	
5712900	5712917	IS_AST_PARENT	
5712900	5712918	IS_AST_PARENT	
5712900	5712919	IS_AST_PARENT	
5712900	5712920	IS_AST_PARENT	
5712921	5712922	IS_AST_PARENT	
5712900	5712921	IS_AST_PARENT	
5712900	5712923	IS_AST_PARENT	
5712900	5712924	IS_AST_PARENT	
5712900	5712925	IS_AST_PARENT	
5712900	5712926	IS_AST_PARENT	
5712900	5712927	IS_AST_PARENT	
5712900	5712928	IS_AST_PARENT	
5712900	5712929	IS_AST_PARENT	
5712900	5712930	IS_AST_PARENT	
5712900	5712931	IS_AST_PARENT	
5712932	5712933	IS_AST_PARENT	
5712900	5712932	IS_AST_PARENT	
5712900	5712934	IS_AST_PARENT	
5712900	5712935	IS_AST_PARENT	
5712900	5712936	IS_AST_PARENT	
5712900	5712937	IS_AST_PARENT	
5712900	5712938	IS_AST_PARENT	
5712900	5712939	IS_AST_PARENT	
5712900	5712940	IS_AST_PARENT	
5712900	5712941	IS_AST_PARENT	
5712900	5712942	IS_AST_PARENT	
5712943	5712944	IS_AST_PARENT	
5712900	5712943	IS_AST_PARENT	
5712900	5712945	IS_AST_PARENT	
5712900	5712946	IS_AST_PARENT	
5712900	5712947	IS_AST_PARENT	
5712900	5712948	IS_AST_PARENT	
5712900	5712949	IS_AST_PARENT	
5712900	5712950	IS_AST_PARENT	
5712900	5712951	IS_AST_PARENT	
5712900	5712952	IS_AST_PARENT	
5712900	5712953	IS_AST_PARENT	
5712954	5712955	IS_AST_PARENT	
5712900	5712954	IS_AST_PARENT	
5712900	5712956	IS_AST_PARENT	
5712900	5712957	IS_AST_PARENT	
5712900	5712958	IS_AST_PARENT	
5712900	5712959	IS_AST_PARENT	
5712900	5712960	IS_AST_PARENT	
5712900	5712961	IS_AST_PARENT	
5712900	5712962	IS_AST_PARENT	
5712900	5712963	IS_AST_PARENT	
5712900	5712964	IS_AST_PARENT	
5712965	5712966	IS_AST_PARENT	
5712900	5712965	IS_AST_PARENT	
5712900	5712967	IS_AST_PARENT	
5712900	5712968	IS_AST_PARENT	
5712900	5712969	IS_AST_PARENT	
5712900	5712970	IS_AST_PARENT	
5712900	5712971	IS_AST_PARENT	
5712900	5712972	IS_AST_PARENT	
5712900	5712973	IS_AST_PARENT	
5712900	5712974	IS_AST_PARENT	
5712900	5712975	IS_AST_PARENT	
5712976	5712977	IS_AST_PARENT	
5712900	5712976	IS_AST_PARENT	
5712900	5712978	IS_AST_PARENT	
5712900	5712979	IS_AST_PARENT	
5712900	5712980	IS_AST_PARENT	
5712900	5712981	IS_AST_PARENT	
5712900	5712982	IS_AST_PARENT	
5712900	5712983	IS_AST_PARENT	
5712900	5712984	IS_AST_PARENT	
5712900	5712985	IS_AST_PARENT	
5712900	5712986	IS_AST_PARENT	
5712987	5712988	IS_AST_PARENT	
5712900	5712987	IS_AST_PARENT	
5712900	5712989	IS_AST_PARENT	
5712900	5712990	IS_AST_PARENT	
5712900	5712991	IS_AST_PARENT	
5712900	5712992	IS_AST_PARENT	
5712900	5712993	IS_AST_PARENT	
5712900	5712994	IS_AST_PARENT	
5712900	5712995	IS_AST_PARENT	
5712900	5712996	IS_AST_PARENT	
5712900	5712997	IS_AST_PARENT	
5712998	5712999	IS_AST_PARENT	
5712900	5712998	IS_AST_PARENT	
5712900	5713000	IS_AST_PARENT	
5712900	5713001	IS_AST_PARENT	
5712900	5713002	IS_AST_PARENT	
5712900	5713003	IS_AST_PARENT	
5712900	5713004	IS_AST_PARENT	
5712900	5713005	IS_AST_PARENT	
5712900	5713006	IS_AST_PARENT	
5712900	5713007	IS_AST_PARENT	
5712900	5713008	IS_AST_PARENT	
5713009	5713010	IS_AST_PARENT	
5712900	5713009	IS_AST_PARENT	
5712900	5713011	IS_AST_PARENT	
5712900	5713012	IS_AST_PARENT	
5712900	5713013	IS_AST_PARENT	
5712900	5713014	IS_AST_PARENT	
5712900	5713015	IS_AST_PARENT	
5712900	5713016	IS_AST_PARENT	
5712900	5713017	IS_AST_PARENT	
5712900	5713018	IS_AST_PARENT	
5712900	5713019	IS_AST_PARENT	
5713020	5713021	IS_AST_PARENT	
5712900	5713020	IS_AST_PARENT	
5712900	5713022	IS_AST_PARENT	
5712900	5713023	IS_AST_PARENT	
5712900	5713024	IS_AST_PARENT	
5712900	5713025	IS_AST_PARENT	
5712900	5713026	IS_AST_PARENT	
5712900	5713027	IS_AST_PARENT	
5712900	5713028	IS_AST_PARENT	
5712900	5713029	IS_AST_PARENT	
5712900	5713030	IS_AST_PARENT	
5713031	5713032	IS_AST_PARENT	
5712900	5713031	IS_AST_PARENT	
5712900	5713033	IS_AST_PARENT	
5712900	5713034	IS_AST_PARENT	
5712900	5713035	IS_AST_PARENT	
5712900	5713036	IS_AST_PARENT	
5712900	5713037	IS_AST_PARENT	
5712900	5713038	IS_AST_PARENT	
5712900	5713039	IS_AST_PARENT	
5712900	5713040	IS_AST_PARENT	
5712900	5713041	IS_AST_PARENT	
5713042	5713043	IS_AST_PARENT	
5712900	5713042	IS_AST_PARENT	
5712900	5713044	IS_AST_PARENT	
5712900	5713045	IS_AST_PARENT	
5712900	5713046	IS_AST_PARENT	
5712900	5713047	IS_AST_PARENT	
5712900	5713048	IS_AST_PARENT	
5712900	5713049	IS_AST_PARENT	
5712900	5713050	IS_AST_PARENT	
5712900	5713051	IS_AST_PARENT	
5712900	5713052	IS_AST_PARENT	
5713053	5713054	IS_AST_PARENT	
5712900	5713053	IS_AST_PARENT	
5712900	5713055	IS_AST_PARENT	
5712900	5713056	IS_AST_PARENT	
5712900	5713057	IS_AST_PARENT	
5712900	5713058	IS_AST_PARENT	
5712900	5713059	IS_AST_PARENT	
5712900	5713060	IS_AST_PARENT	
5712900	5713061	IS_AST_PARENT	
5712900	5713062	IS_AST_PARENT	
5712900	5713063	IS_AST_PARENT	
5713064	5713065	IS_AST_PARENT	
5712900	5713064	IS_AST_PARENT	
5712900	5713066	IS_AST_PARENT	
5712900	5713067	IS_AST_PARENT	
5712900	5713068	IS_AST_PARENT	
5712900	5713069	IS_AST_PARENT	
5712900	5713070	IS_AST_PARENT	
5712900	5713071	IS_AST_PARENT	
5712900	5713072	IS_AST_PARENT	
5712900	5713073	IS_AST_PARENT	
5712900	5713074	IS_AST_PARENT	
5713075	5713076	IS_AST_PARENT	
5712900	5713075	IS_AST_PARENT	
5712900	5713077	IS_AST_PARENT	
5712900	5713078	IS_AST_PARENT	
5712900	5713079	IS_AST_PARENT	
5712900	5713080	IS_AST_PARENT	
5712900	5713081	IS_AST_PARENT	
5712900	5713082	IS_AST_PARENT	
5712900	5713083	IS_AST_PARENT	
5712900	5713084	IS_AST_PARENT	
5712900	5713085	IS_AST_PARENT	
5713086	5713087	IS_AST_PARENT	
5712900	5713086	IS_AST_PARENT	
5712900	5713088	IS_AST_PARENT	
5712900	5713089	IS_AST_PARENT	
5712900	5713090	IS_AST_PARENT	
5712900	5713091	IS_AST_PARENT	
5712900	5713092	IS_AST_PARENT	
5712900	5713093	IS_AST_PARENT	
5712900	5713094	IS_AST_PARENT	
5712900	5713095	IS_AST_PARENT	
5712900	5713096	IS_AST_PARENT	
5713097	5713098	IS_AST_PARENT	
5712900	5713097	IS_AST_PARENT	
5712900	5713099	IS_AST_PARENT	
5712900	5713100	IS_AST_PARENT	
5712900	5713101	IS_AST_PARENT	
5712900	5713102	IS_AST_PARENT	
5712900	5713103	IS_AST_PARENT	
5712900	5713104	IS_AST_PARENT	
5712900	5713105	IS_AST_PARENT	
5712900	5713106	IS_AST_PARENT	
5712900	5713107	IS_AST_PARENT	
5713108	5713109	IS_AST_PARENT	
5712900	5713108	IS_AST_PARENT	
5712900	5713110	IS_AST_PARENT	
5712900	5713111	IS_AST_PARENT	
5712900	5713112	IS_AST_PARENT	
5712900	5713113	IS_AST_PARENT	
5712900	5713114	IS_AST_PARENT	
5712900	5713115	IS_AST_PARENT	
5712900	5713116	IS_AST_PARENT	
5712900	5713117	IS_AST_PARENT	
5712900	5713118	IS_AST_PARENT	
5713119	5713120	IS_AST_PARENT	
5712900	5713119	IS_AST_PARENT	
5712900	5713121	IS_AST_PARENT	
5712900	5713122	IS_AST_PARENT	
5712900	5713123	IS_AST_PARENT	
5712900	5713124	IS_AST_PARENT	
5712900	5713125	IS_AST_PARENT	
5712900	5713126	IS_AST_PARENT	
5712900	5713127	IS_AST_PARENT	
5712900	5713128	IS_AST_PARENT	
5712900	5713129	IS_AST_PARENT	
5713130	5713131	IS_AST_PARENT	
5712900	5713130	IS_AST_PARENT	
5712900	5713132	IS_AST_PARENT	
5712900	5713133	IS_AST_PARENT	
5712900	5713134	IS_AST_PARENT	
5712900	5713135	IS_AST_PARENT	
5712900	5713136	IS_AST_PARENT	
5712900	5713137	IS_AST_PARENT	
5712900	5713138	IS_AST_PARENT	
5712900	5713139	IS_AST_PARENT	
5712900	5713140	IS_AST_PARENT	
5713141	5713142	IS_AST_PARENT	
5712900	5713141	IS_AST_PARENT	
5712900	5713143	IS_AST_PARENT	
5712900	5713144	IS_AST_PARENT	
5712900	5713145	IS_AST_PARENT	
5712900	5713146	IS_AST_PARENT	
5712900	5713147	IS_AST_PARENT	
5712900	5713148	IS_AST_PARENT	
5712900	5713149	IS_AST_PARENT	
5712900	5713150	IS_AST_PARENT	
5712900	5713151	IS_AST_PARENT	
5713152	5713153	IS_AST_PARENT	
5712900	5713152	IS_AST_PARENT	
5712900	5713154	IS_AST_PARENT	
5712900	5713155	IS_AST_PARENT	
5712900	5713156	IS_AST_PARENT	
5712900	5713157	IS_AST_PARENT	
5712900	5713158	IS_AST_PARENT	
5712900	5713159	IS_AST_PARENT	
5712900	5713160	IS_AST_PARENT	
5712900	5713161	IS_AST_PARENT	
5712900	5713162	IS_AST_PARENT	
5713163	5713164	IS_AST_PARENT	
5712900	5713163	IS_AST_PARENT	
5712889	5712900	IS_AST_PARENT	
5712872	5712889	IS_AST_PARENT	
5713166	5713167	IS_AST_PARENT	
5713166	5713168	IS_AST_PARENT	
5713165	5713166	IS_AST_PARENT	
5712872	5713165	IS_AST_PARENT	
5712871	5712872	IS_AST_PARENT	
5712871	5713169	IS_AST_PARENT	
5712871	5713170	IS_AST_PARENT	
5713172	5713173	IS_AST_PARENT	
5713172	5713174	IS_AST_PARENT	
5713171	5713172	IS_AST_PARENT	
5712871	5713171	IS_AST_PARENT	
5713175	5713172	FLOWS_TO	
5713172	5712874	FLOWS_TO	
5712874	5712885	FLOWS_TO	
5712874	5712890	FLOWS_TO	
5712885	5713176	FLOWS_TO	
5712890	5713165	FLOWS_TO	
5712901	5712902	FLOWS_TO	
5712902	5712903	FLOWS_TO	
5712903	5712904	FLOWS_TO	
5712904	5712905	FLOWS_TO	
5712905	5712906	FLOWS_TO	
5712906	5712907	FLOWS_TO	
5712907	5712908	FLOWS_TO	
5712908	5712909	FLOWS_TO	
5712909	5712910	FLOWS_TO	
5712910	5713176	FLOWS_TO	
5712912	5712913	FLOWS_TO	
5712913	5712914	FLOWS_TO	
5712914	5712915	FLOWS_TO	
5712915	5712916	FLOWS_TO	
5712916	5712917	FLOWS_TO	
5712917	5712918	FLOWS_TO	
5712918	5712919	FLOWS_TO	
5712919	5712920	FLOWS_TO	
5712920	5712921	FLOWS_TO	
5712921	5713176	FLOWS_TO	
5712923	5712924	FLOWS_TO	
5712924	5712925	FLOWS_TO	
5712925	5712926	FLOWS_TO	
5712926	5712927	FLOWS_TO	
5712927	5712928	FLOWS_TO	
5712928	5712929	FLOWS_TO	
5712929	5712930	FLOWS_TO	
5712930	5712931	FLOWS_TO	
5712931	5712932	FLOWS_TO	
5712932	5713176	FLOWS_TO	
5712934	5712935	FLOWS_TO	
5712935	5712936	FLOWS_TO	
5712936	5712937	FLOWS_TO	
5712937	5712938	FLOWS_TO	
5712938	5712939	FLOWS_TO	
5712939	5712940	FLOWS_TO	
5712940	5712941	FLOWS_TO	
5712941	5712942	FLOWS_TO	
5712942	5712943	FLOWS_TO	
5712943	5713176	FLOWS_TO	
5712945	5712946	FLOWS_TO	
5712946	5712947	FLOWS_TO	
5712947	5712948	FLOWS_TO	
5712948	5712949	FLOWS_TO	
5712949	5712950	FLOWS_TO	
5712950	5712951	FLOWS_TO	
5712951	5712952	FLOWS_TO	
5712952	5712953	FLOWS_TO	
5712953	5712954	FLOWS_TO	
5712954	5713176	FLOWS_TO	
5712956	5712957	FLOWS_TO	
5712957	5712958	FLOWS_TO	
5712958	5712959	FLOWS_TO	
5712959	5712960	FLOWS_TO	
5712960	5712961	FLOWS_TO	
5712961	5712962	FLOWS_TO	
5712962	5712963	FLOWS_TO	
5712963	5712964	FLOWS_TO	
5712964	5712965	FLOWS_TO	
5712965	5713176	FLOWS_TO	
5712967	5712968	FLOWS_TO	
5712968	5712969	FLOWS_TO	
5712969	5712970	FLOWS_TO	
5712970	5712971	FLOWS_TO	
5712971	5712972	FLOWS_TO	
5712972	5712973	FLOWS_TO	
5712973	5712974	FLOWS_TO	
5712974	5712975	FLOWS_TO	
5712975	5712976	FLOWS_TO	
5712976	5713176	FLOWS_TO	
5712978	5712979	FLOWS_TO	
5712979	5712980	FLOWS_TO	
5712980	5712981	FLOWS_TO	
5712981	5712982	FLOWS_TO	
5712982	5712983	FLOWS_TO	
5712983	5712984	FLOWS_TO	
5712984	5712985	FLOWS_TO	
5712985	5712986	FLOWS_TO	
5712986	5712987	FLOWS_TO	
5712987	5713176	FLOWS_TO	
5712989	5712990	FLOWS_TO	
5712990	5712991	FLOWS_TO	
5712991	5712992	FLOWS_TO	
5712992	5712993	FLOWS_TO	
5712993	5712994	FLOWS_TO	
5712994	5712995	FLOWS_TO	
5712995	5712996	FLOWS_TO	
5712996	5712997	FLOWS_TO	
5712997	5712998	FLOWS_TO	
5712998	5713176	FLOWS_TO	
5713000	5713001	FLOWS_TO	
5713001	5713002	FLOWS_TO	
5713002	5713003	FLOWS_TO	
5713003	5713004	FLOWS_TO	
5713004	5713005	FLOWS_TO	
5713005	5713006	FLOWS_TO	
5713006	5713007	FLOWS_TO	
5713007	5713008	FLOWS_TO	
5713008	5713009	FLOWS_TO	
5713009	5713176	FLOWS_TO	
5713011	5713012	FLOWS_TO	
5713012	5713013	FLOWS_TO	
5713013	5713014	FLOWS_TO	
5713014	5713015	FLOWS_TO	
5713015	5713016	FLOWS_TO	
5713016	5713017	FLOWS_TO	
5713017	5713018	FLOWS_TO	
5713018	5713019	FLOWS_TO	
5713019	5713020	FLOWS_TO	
5713020	5713176	FLOWS_TO	
5713022	5713023	FLOWS_TO	
5713023	5713024	FLOWS_TO	
5713024	5713025	FLOWS_TO	
5713025	5713026	FLOWS_TO	
5713026	5713027	FLOWS_TO	
5713027	5713028	FLOWS_TO	
5713028	5713029	FLOWS_TO	
5713029	5713030	FLOWS_TO	
5713030	5713031	FLOWS_TO	
5713031	5713176	FLOWS_TO	
5713033	5713034	FLOWS_TO	
5713034	5713035	FLOWS_TO	
5713035	5713036	FLOWS_TO	
5713036	5713037	FLOWS_TO	
5713037	5713038	FLOWS_TO	
5713038	5713039	FLOWS_TO	
5713039	5713040	FLOWS_TO	
5713040	5713041	FLOWS_TO	
5713041	5713042	FLOWS_TO	
5713042	5713176	FLOWS_TO	
5713044	5713045	FLOWS_TO	
5713045	5713046	FLOWS_TO	
5713046	5713047	FLOWS_TO	
5713047	5713048	FLOWS_TO	
5713048	5713049	FLOWS_TO	
5713049	5713050	FLOWS_TO	
5713050	5713051	FLOWS_TO	
5713051	5713052	FLOWS_TO	
5713052	5713053	FLOWS_TO	
5713053	5713176	FLOWS_TO	
5713055	5713056	FLOWS_TO	
5713056	5713057	FLOWS_TO	
5713057	5713058	FLOWS_TO	
5713058	5713059	FLOWS_TO	
5713059	5713060	FLOWS_TO	
5713060	5713061	FLOWS_TO	
5713061	5713062	FLOWS_TO	
5713062	5713063	FLOWS_TO	
5713063	5713064	FLOWS_TO	
5713064	5713176	FLOWS_TO	
5713066	5713067	FLOWS_TO	
5713067	5713068	FLOWS_TO	
5713068	5713069	FLOWS_TO	
5713069	5713070	FLOWS_TO	
5713070	5713071	FLOWS_TO	
5713071	5713072	FLOWS_TO	
5713072	5713073	FLOWS_TO	
5713073	5713074	FLOWS_TO	
5713074	5713075	FLOWS_TO	
5713075	5713176	FLOWS_TO	
5713077	5713078	FLOWS_TO	
5713078	5713079	FLOWS_TO	
5713079	5713080	FLOWS_TO	
5713080	5713081	FLOWS_TO	
5713081	5713082	FLOWS_TO	
5713082	5713083	FLOWS_TO	
5713083	5713084	FLOWS_TO	
5713084	5713085	FLOWS_TO	
5713085	5713086	FLOWS_TO	
5713086	5713176	FLOWS_TO	
5713088	5713089	FLOWS_TO	
5713089	5713090	FLOWS_TO	
5713090	5713091	FLOWS_TO	
5713091	5713092	FLOWS_TO	
5713092	5713093	FLOWS_TO	
5713093	5713094	FLOWS_TO	
5713094	5713095	FLOWS_TO	
5713095	5713096	FLOWS_TO	
5713096	5713097	FLOWS_TO	
5713097	5713176	FLOWS_TO	
5713099	5713100	FLOWS_TO	
5713100	5713101	FLOWS_TO	
5713101	5713102	FLOWS_TO	
5713102	5713103	FLOWS_TO	
5713103	5713104	FLOWS_TO	
5713104	5713105	FLOWS_TO	
5713105	5713106	FLOWS_TO	
5713106	5713107	FLOWS_TO	
5713107	5713108	FLOWS_TO	
5713108	5713176	FLOWS_TO	
5713110	5713111	FLOWS_TO	
5713111	5713112	FLOWS_TO	
5713112	5713113	FLOWS_TO	
5713113	5713114	FLOWS_TO	
5713114	5713115	FLOWS_TO	
5713115	5713116	FLOWS_TO	
5713116	5713117	FLOWS_TO	
5713117	5713118	FLOWS_TO	
5713118	5713119	FLOWS_TO	
5713119	5713176	FLOWS_TO	
5713121	5713122	FLOWS_TO	
5713122	5713123	FLOWS_TO	
5713123	5713124	FLOWS_TO	
5713124	5713125	FLOWS_TO	
5713125	5713126	FLOWS_TO	
5713126	5713127	FLOWS_TO	
5713127	5713128	FLOWS_TO	
5713128	5713129	FLOWS_TO	
5713129	5713130	FLOWS_TO	
5713130	5713176	FLOWS_TO	
5713132	5713133	FLOWS_TO	
5713133	5713134	FLOWS_TO	
5713134	5713135	FLOWS_TO	
5713135	5713136	FLOWS_TO	
5713136	5713137	FLOWS_TO	
5713137	5713138	FLOWS_TO	
5713138	5713139	FLOWS_TO	
5713139	5713140	FLOWS_TO	
5713140	5713141	FLOWS_TO	
5713141	5713176	FLOWS_TO	
5713143	5713144	FLOWS_TO	
5713144	5713145	FLOWS_TO	
5713145	5713146	FLOWS_TO	
5713146	5713147	FLOWS_TO	
5713147	5713148	FLOWS_TO	
5713148	5713149	FLOWS_TO	
5713149	5713150	FLOWS_TO	
5713150	5713151	FLOWS_TO	
5713151	5713152	FLOWS_TO	
5713152	5713176	FLOWS_TO	
5713154	5713155	FLOWS_TO	
5713155	5713156	FLOWS_TO	
5713156	5713157	FLOWS_TO	
5713157	5713158	FLOWS_TO	
5713158	5713159	FLOWS_TO	
5713159	5713160	FLOWS_TO	
5713160	5713161	FLOWS_TO	
5713161	5713162	FLOWS_TO	
5713162	5713163	FLOWS_TO	
5713163	5713176	FLOWS_TO	
5713165	5713176	FLOWS_TO	
5712910	5713177	USE	
5712954	5713178	USE	
5713172	5713179	DEF	
5712874	5713179	USE	
5712881	5713179	USE	
5712890	5713179	USE	
5712892	5713179	USE	
5712896	5713179	USE	
5712874	5713180	USE	
5712890	5713180	USE	
5712998	5713181	USE	
5713020	5713182	USE	
5713053	5713183	USE	
5712921	5713184	USE	
5713064	5713185	USE	
5713031	5713186	USE	
5713042	5713187	USE	
5712976	5713188	USE	
5713130	5713189	USE	
5712965	5713190	USE	
5713141	5713191	USE	
5712987	5713192	USE	
5712932	5713193	USE	
5713152	5713194	USE	
5713163	5713195	USE	
5713097	5713196	USE	
5712943	5713197	USE	
5713108	5713198	USE	
5713075	5713199	USE	
5713086	5713200	USE	
5713009	5713201	USE	
5713119	5713202	USE	
5713172	5712874	REACHES	type
5713172	5712890	REACHES	type
5713175	5713172	CONTROLS	
5713175	5712874	CONTROLS	
5712874	5712885	CONTROLS	
5712874	5712890	CONTROLS	
5712874	5713165	CONTROLS	
5712874	5712885	DOM	
5713172	5712874	DOM	
5712874	5712890	DOM	
5713175	5713175	DOM	
5712874	5713176	DOM	
5712890	5713165	DOM	
5713175	5713172	DOM	
5712914	5712913	POST_DOM	
5712998	5712997	POST_DOM	
5713139	5713138	POST_DOM	
5713039	5713038	POST_DOM	
5713025	5713024	POST_DOM	
5712981	5712980	POST_DOM	
5712957	5712956	POST_DOM	
5713014	5713013	POST_DOM	
5712963	5712962	POST_DOM	
5713015	5713014	POST_DOM	
5713072	5713071	POST_DOM	
5713100	5713099	POST_DOM	
5712874	5713172	POST_DOM	
5713133	5713132	POST_DOM	
5712995	5712994	POST_DOM	
5713029	5713028	POST_DOM	
5712980	5712979	POST_DOM	
5713008	5713007	POST_DOM	
5713105	5713104	POST_DOM	
5712936	5712935	POST_DOM	
5713059	5713058	POST_DOM	
5713075	5713074	POST_DOM	
5713034	5713033	POST_DOM	
5713155	5713154	POST_DOM	
5713176	5712943	POST_DOM	
5712946	5712945	POST_DOM	
5712996	5712995	POST_DOM	
5713148	5713147	POST_DOM	
5713152	5713151	POST_DOM	
5712972	5712971	POST_DOM	
5712918	5712917	POST_DOM	
5713050	5713049	POST_DOM	
5713084	5713083	POST_DOM	
5713062	5713061	POST_DOM	
5713118	5713117	POST_DOM	
5712979	5712978	POST_DOM	
5713051	5713050	POST_DOM	
5713095	5713094	POST_DOM	
5712917	5712916	POST_DOM	
5713040	5713039	POST_DOM	
5713176	5713152	POST_DOM	
5713009	5713008	POST_DOM	
5713163	5713162	POST_DOM	
5712990	5712989	POST_DOM	
5713117	5713116	POST_DOM	
5713070	5713069	POST_DOM	
5713057	5713056	POST_DOM	
5713176	5712910	POST_DOM	
5712902	5712901	POST_DOM	
5713036	5713035	POST_DOM	
5713019	5713018	POST_DOM	
5712962	5712961	POST_DOM	
5713079	5713078	POST_DOM	
5713176	5713163	POST_DOM	
5712928	5712927	POST_DOM	
5713176	5713108	POST_DOM	
5713002	5713001	POST_DOM	
5713140	5713139	POST_DOM	
5712935	5712934	POST_DOM	
5713074	5713073	POST_DOM	
5713104	5713103	POST_DOM	
5713001	5713000	POST_DOM	
5713176	5713165	POST_DOM	
5713064	5713063	POST_DOM	
5712910	5712909	POST_DOM	
5712985	5712984	POST_DOM	
5713176	5712954	POST_DOM	
5713156	5713155	POST_DOM	
5712925	5712924	POST_DOM	
5713176	5712932	POST_DOM	
5712937	5712936	POST_DOM	
5712919	5712918	POST_DOM	
5713089	5713088	POST_DOM	
5713162	5713161	POST_DOM	
5713097	5713096	POST_DOM	
5713176	5712998	POST_DOM	
5713049	5713048	POST_DOM	
5713068	5713067	POST_DOM	
5713046	5713045	POST_DOM	
5713176	5712965	POST_DOM	
5712959	5712958	POST_DOM	
5713047	5713046	POST_DOM	
5713147	5713146	POST_DOM	
5712987	5712986	POST_DOM	
5713071	5713070	POST_DOM	
5712948	5712947	POST_DOM	
5713130	5713129	POST_DOM	
5713144	5713143	POST_DOM	
5712960	5712959	POST_DOM	
5713020	5713019	POST_DOM	
5712993	5712992	POST_DOM	
5712951	5712950	POST_DOM	
5713024	5713023	POST_DOM	
5713042	5713041	POST_DOM	
5713128	5713127	POST_DOM	
5712971	5712970	POST_DOM	
5713151	5713150	POST_DOM	
5712916	5712915	POST_DOM	
5712961	5712960	POST_DOM	
5712958	5712957	POST_DOM	
5713176	5713119	POST_DOM	
5713052	5713051	POST_DOM	
5712909	5712908	POST_DOM	
5712906	5712905	POST_DOM	
5713081	5713080	POST_DOM	
5712913	5712912	POST_DOM	
5713157	5713156	POST_DOM	
5712986	5712985	POST_DOM	
5713176	5713042	POST_DOM	
5713141	5713140	POST_DOM	
5712984	5712983	POST_DOM	
5713176	5713020	POST_DOM	
5712927	5712926	POST_DOM	
5713136	5713135	POST_DOM	
5712950	5712949	POST_DOM	
5712954	5712953	POST_DOM	
5713176	5713064	POST_DOM	
5713146	5713145	POST_DOM	
5713063	5713062	POST_DOM	
5713119	5713118	POST_DOM	
5713176	5713130	POST_DOM	
5713124	5713123	POST_DOM	
5712964	5712963	POST_DOM	
5712973	5712972	POST_DOM	
5713078	5713077	POST_DOM	
5712921	5712920	POST_DOM	
5713158	5713157	POST_DOM	
5712938	5712937	POST_DOM	
5713122	5713121	POST_DOM	
5713005	5713004	POST_DOM	
5713091	5713090	POST_DOM	
5713103	5713102	POST_DOM	
5713111	5713110	POST_DOM	
5712968	5712967	POST_DOM	
5713176	5713053	POST_DOM	
5713080	5713079	POST_DOM	
5713037	5713036	POST_DOM	
5713176	5712885	POST_DOM	
5712953	5712952	POST_DOM	
5713165	5712890	POST_DOM	
5713012	5713011	POST_DOM	
5713053	5713052	POST_DOM	
5712905	5712904	POST_DOM	
5713058	5713057	POST_DOM	
5712941	5712940	POST_DOM	
5713135	5713134	POST_DOM	
5713085	5713084	POST_DOM	
5713026	5713025	POST_DOM	
5713093	5713092	POST_DOM	
5712908	5712907	POST_DOM	
5713003	5713002	POST_DOM	
5713082	5713081	POST_DOM	
5713125	5713124	POST_DOM	
5713094	5713093	POST_DOM	
5712992	5712991	POST_DOM	
5713004	5713003	POST_DOM	
5713176	5713086	POST_DOM	
5713013	5713012	POST_DOM	
5713069	5713068	POST_DOM	
5712974	5712973	POST_DOM	
5713161	5713160	POST_DOM	
5712997	5712996	POST_DOM	
5712970	5712969	POST_DOM	
5713101	5713100	POST_DOM	
5713138	5713137	POST_DOM	
5713176	5712987	POST_DOM	
5712969	5712968	POST_DOM	
5713176	5712921	POST_DOM	
5712924	5712923	POST_DOM	
5712904	5712903	POST_DOM	
5713016	5713015	POST_DOM	
5713176	5713097	POST_DOM	
5712931	5712930	POST_DOM	
5713159	5713158	POST_DOM	
5712982	5712981	POST_DOM	
5713113	5713112	POST_DOM	
5713176	5712976	POST_DOM	
5713017	5713016	POST_DOM	
5713048	5713047	POST_DOM	
5713038	5713037	POST_DOM	
5713145	5713144	POST_DOM	
5713176	5713009	POST_DOM	
5713035	5713034	POST_DOM	
5713115	5713114	POST_DOM	
5712947	5712946	POST_DOM	
5713086	5713085	POST_DOM	
5713160	5713159	POST_DOM	
5712907	5712906	POST_DOM	
5713137	5713136	POST_DOM	
5712991	5712990	POST_DOM	
5713030	5713029	POST_DOM	
5712975	5712974	POST_DOM	
5713092	5713091	POST_DOM	
5713172	5713175	POST_DOM	
5713149	5713148	POST_DOM	
5712930	5712929	POST_DOM	
5713123	5713122	POST_DOM	
5713129	5713128	POST_DOM	
5713176	5712874	POST_DOM	
5712940	5712939	POST_DOM	
5712903	5712902	POST_DOM	
5712952	5712951	POST_DOM	
5712932	5712931	POST_DOM	
5713041	5713040	POST_DOM	
5713028	5713027	POST_DOM	
5713150	5713149	POST_DOM	
5713176	5713031	POST_DOM	
5713073	5713072	POST_DOM	
5713056	5713055	POST_DOM	
5713134	5713133	POST_DOM	
5713107	5713106	POST_DOM	
5713102	5713101	POST_DOM	
5712920	5712919	POST_DOM	
5712939	5712938	POST_DOM	
5713018	5713017	POST_DOM	
5712976	5712975	POST_DOM	
5712983	5712982	POST_DOM	
5713060	5713059	POST_DOM	
5713023	5713022	POST_DOM	
5713061	5713060	POST_DOM	
5712942	5712941	POST_DOM	
5713031	5713030	POST_DOM	
5713027	5713026	POST_DOM	
5713106	5713105	POST_DOM	
5713116	5713115	POST_DOM	
5713006	5713005	POST_DOM	
5713096	5713095	POST_DOM	
5712926	5712925	POST_DOM	
5713045	5713044	POST_DOM	
5713176	5713176	POST_DOM	
5713114	5713113	POST_DOM	
5712994	5712993	POST_DOM	
5713176	5713075	POST_DOM	
5713007	5713006	POST_DOM	
5713067	5713066	POST_DOM	
5713090	5713089	POST_DOM	
5713127	5713126	POST_DOM	
5712929	5712928	POST_DOM	
5712943	5712942	POST_DOM	
5713112	5713111	POST_DOM	
5713108	5713107	POST_DOM	
5713176	5713141	POST_DOM	
5712949	5712948	POST_DOM	
5712915	5712914	POST_DOM	
5713083	5713082	POST_DOM	
5713126	5713125	POST_DOM	
5712965	5712964	POST_DOM	
5712870	5712871	IS_FUNCTION_OF_AST	
5712870	5713175	IS_FUNCTION_OF_CFG	
5712396	5712870	IS_FILE_OF	
5713209	5713210	IS_AST_PARENT	
5713209	5713211	IS_AST_PARENT	
5713208	5713209	IS_AST_PARENT	
5713212	5713213	IS_AST_PARENT	
5713212	5713214	IS_AST_PARENT	
5713208	5713212	IS_AST_PARENT	
5713207	5713208	IS_AST_PARENT	
5713206	5713207	IS_AST_PARENT	
5713219	5713220	IS_AST_PARENT	
5713219	5713221	IS_AST_PARENT	
5713218	5713219	IS_AST_PARENT	
5713218	5713222	IS_AST_PARENT	
5713217	5713218	IS_AST_PARENT	
5713224	5713225	IS_AST_PARENT	
5713223	5713224	IS_AST_PARENT	
5713229	5713230	IS_AST_PARENT	
5713229	5713231	IS_AST_PARENT	
5713228	5713229	IS_AST_PARENT	
5713228	5713232	IS_AST_PARENT	
5713227	5713228	IS_AST_PARENT	
5713226	5713227	IS_AST_PARENT	
5713233	5713234	IS_AST_PARENT	
5713226	5713233	IS_AST_PARENT	
5713223	5713226	IS_AST_PARENT	
5713217	5713223	IS_AST_PARENT	
5713216	5713217	IS_AST_PARENT	
5713215	5713216	IS_AST_PARENT	
5713235	5713236	IS_AST_PARENT	
5713215	5713235	IS_AST_PARENT	
5713206	5713215	IS_AST_PARENT	
5713205	5713206	IS_AST_PARENT	
5713237	5713238	IS_AST_PARENT	
5713205	5713237	IS_AST_PARENT	
5713204	5713205	IS_AST_PARENT	
5713204	5713239	IS_AST_PARENT	
5713204	5713240	IS_AST_PARENT	
5713242	5713243	IS_AST_PARENT	
5713242	5713244	IS_AST_PARENT	
5713241	5713242	IS_AST_PARENT	
5713245	5713246	IS_AST_PARENT	
5713245	5713247	IS_AST_PARENT	
5713241	5713245	IS_AST_PARENT	
5713248	5713249	IS_AST_PARENT	
5713248	5713250	IS_AST_PARENT	
5713241	5713248	IS_AST_PARENT	
5713204	5713241	IS_AST_PARENT	
5713251	5713242	FLOWS_TO	
5713242	5713245	FLOWS_TO	
5713245	5713248	FLOWS_TO	
5713248	5713207	FLOWS_TO	
5713207	5713216	FLOWS_TO	
5713207	5713237	FLOWS_TO	
5713216	5713235	FLOWS_TO	
5713235	5713252	FLOWS_TO	
5713237	5713252	FLOWS_TO	
5713207	5713253	USE	
5713245	5713254	DEF	
5713207	5713254	USE	
5713216	5713254	USE	
5713218	5713254	USE	
5713228	5713254	USE	
5713216	5713255	USE	
5713218	5713255	USE	
5713228	5713255	USE	
5713242	5713256	DEF	
5713216	5713256	USE	
5713219	5713256	USE	
5713229	5713256	USE	
5713216	5713257	DEF	
5713217	5713257	DEF	
5713216	5713257	USE	
5713227	5713257	USE	
5713248	5713258	DEF	
5713216	5713258	USE	
5713233	5713258	USE	
5713216	5713259	USE	
5713227	5713259	USE	
5713216	5713259	DEF	
5713217	5713259	DEF	
5713235	5713260	USE	
5713237	5713261	USE	
5713216	5713262	USE	
5713218	5713262	USE	
5713228	5713262	USE	
5713216	5713263	USE	
5713227	5713263	USE	
5713216	5713263	DEF	
5713217	5713263	DEF	
5713216	5713264	USE	
5713217	5713264	USE	
5713245	5713207	REACHES	role
5713245	5713216	REACHES	role
5713242	5713216	REACHES	reg
5713248	5713216	REACHES	name
5713216	5713252	REACHES	* role
5713251	5713242	CONTROLS	
5713251	5713245	CONTROLS	
5713251	5713248	CONTROLS	
5713251	5713207	CONTROLS	
5713207	5713216	CONTROLS	
5713207	5713235	CONTROLS	
5713207	5713237	CONTROLS	
5713251	5713242	DOM	
5713207	5713252	DOM	
5713207	5713237	DOM	
5713245	5713248	DOM	
5713207	5713216	DOM	
5713216	5713235	DOM	
5713251	5713251	DOM	
5713242	5713245	DOM	
5713248	5713207	DOM	
5713252	5713252	POST_DOM	
5713245	5713242	POST_DOM	
5713252	5713237	POST_DOM	
5713235	5713216	POST_DOM	
5713207	5713248	POST_DOM	
5713252	5713235	POST_DOM	
5713242	5713251	POST_DOM	
5713248	5713245	POST_DOM	
5713252	5713207	POST_DOM	
5713203	5713204	IS_FUNCTION_OF_AST	
5713203	5713251	IS_FUNCTION_OF_CFG	
5712396	5713203	IS_FILE_OF	
5713270	5713271	IS_AST_PARENT	
5713273	5713274	IS_AST_PARENT	
5713273	5713275	IS_AST_PARENT	
5713272	5713273	IS_AST_PARENT	
5713276	5713277	IS_AST_PARENT	
5713276	5713278	IS_AST_PARENT	
5713272	5713276	IS_AST_PARENT	
5713270	5713272	IS_AST_PARENT	
5713269	5713270	IS_AST_PARENT	
5713268	5713269	IS_AST_PARENT	
5713282	5713283	IS_AST_PARENT	
5713282	5713284	IS_AST_PARENT	
5713281	5713282	IS_AST_PARENT	
5713281	5713285	IS_AST_PARENT	
5713280	5713281	IS_AST_PARENT	
5713279	5713280	IS_AST_PARENT	
5713268	5713279	IS_AST_PARENT	
5713267	5713268	IS_AST_PARENT	
5713286	5713287	IS_AST_PARENT	
5713267	5713286	IS_AST_PARENT	
5713266	5713267	IS_AST_PARENT	
5713266	5713288	IS_AST_PARENT	
5713266	5713289	IS_AST_PARENT	
5713291	5713292	IS_AST_PARENT	
5713291	5713293	IS_AST_PARENT	
5713290	5713291	IS_AST_PARENT	
5713294	5713295	IS_AST_PARENT	
5713294	5713296	IS_AST_PARENT	
5713290	5713294	IS_AST_PARENT	
5713266	5713290	IS_AST_PARENT	
5713297	5713291	FLOWS_TO	
5713291	5713294	FLOWS_TO	
5713294	5713269	FLOWS_TO	
5713269	5713280	FLOWS_TO	
5713269	5713286	FLOWS_TO	
5713280	5713298	FLOWS_TO	
5713286	5713298	FLOWS_TO	
5713269	5713299	USE	
5713294	5713300	DEF	
5713269	5713300	USE	
5713280	5713300	USE	
5713281	5713300	USE	
5713286	5713301	USE	
5713280	5713302	USE	
5713281	5713302	USE	
5713291	5713303	DEF	
5713269	5713303	USE	
5713280	5713303	USE	
5713282	5713303	USE	
5713280	5713304	USE	
5713280	5713305	USE	
5713280	5713306	USE	
5713281	5713306	USE	
5713280	5713307	USE	
5713294	5713269	REACHES	role
5713294	5713280	REACHES	role
5713291	5713269	REACHES	reg
5713291	5713280	REACHES	reg
5713297	5713291	CONTROLS	
5713297	5713294	CONTROLS	
5713297	5713269	CONTROLS	
5713269	5713280	CONTROLS	
5713269	5713286	CONTROLS	
5713269	5713298	DOM	
5713294	5713269	DOM	
5713269	5713280	DOM	
5713297	5713291	DOM	
5713297	5713297	DOM	
5713269	5713286	DOM	
5713291	5713294	DOM	
5713298	5713298	POST_DOM	
5713298	5713269	POST_DOM	
5713298	5713280	POST_DOM	
5713294	5713291	POST_DOM	
5713291	5713297	POST_DOM	
5713298	5713286	POST_DOM	
5713269	5713294	POST_DOM	
5713265	5713266	IS_FUNCTION_OF_AST	
5713265	5713297	IS_FUNCTION_OF_CFG	
5712396	5713265	IS_FILE_OF	
5713308	5713309	DECLARES	
5713316	5713317	IS_AST_PARENT	
5713316	5713318	IS_AST_PARENT	
5713315	5713316	IS_AST_PARENT	
5713319	5713320	IS_AST_PARENT	
5713319	5713321	IS_AST_PARENT	
5713315	5713319	IS_AST_PARENT	
5713314	5713315	IS_AST_PARENT	
5713313	5713314	IS_AST_PARENT	
5713324	5713325	IS_AST_PARENT	
5713324	5713326	IS_AST_PARENT	
5713323	5713324	IS_AST_PARENT	
5713322	5713323	IS_AST_PARENT	
5713313	5713322	IS_AST_PARENT	
5713312	5713313	IS_AST_PARENT	
5713327	5713328	IS_AST_PARENT	
5713312	5713327	IS_AST_PARENT	
5713311	5713312	IS_AST_PARENT	
5713311	5713329	IS_AST_PARENT	
5713311	5713330	IS_AST_PARENT	
5713332	5713333	IS_AST_PARENT	
5713332	5713334	IS_AST_PARENT	
5713331	5713332	IS_AST_PARENT	
5713311	5713331	IS_AST_PARENT	
5713335	5713332	FLOWS_TO	
5713332	5713314	FLOWS_TO	
5713314	5713323	FLOWS_TO	
5713314	5713327	FLOWS_TO	
5713323	5713336	FLOWS_TO	
5713327	5713336	FLOWS_TO	
5713314	5713337	USE	
5713332	5713338	DEF	
5713314	5713338	USE	
5713323	5713338	USE	
5713324	5713338	USE	
5713327	5713339	USE	
5713323	5713340	USE	
5713324	5713340	USE	
5713323	5713341	USE	
5713323	5713342	USE	
5713332	5713314	REACHES	role
5713332	5713323	REACHES	role
5713335	5713332	CONTROLS	
5713335	5713314	CONTROLS	
5713314	5713323	CONTROLS	
5713314	5713327	CONTROLS	
5713335	5713332	DOM	
5713314	5713336	DOM	
5713335	5713335	DOM	
5713314	5713323	DOM	
5713332	5713314	DOM	
5713314	5713327	DOM	
5713314	5713332	POST_DOM	
5713336	5713336	POST_DOM	
5713332	5713335	POST_DOM	
5713336	5713323	POST_DOM	
5713336	5713314	POST_DOM	
5713336	5713327	POST_DOM	
5713310	5713311	IS_FUNCTION_OF_AST	
5713310	5713335	IS_FUNCTION_OF_CFG	
5712396	5713310	IS_FILE_OF	
5713347	5713348	IS_AST_PARENT	
5713347	5713349	IS_AST_PARENT	
5713346	5713347	IS_AST_PARENT	
5713345	5713346	IS_AST_PARENT	
5713352	5713353	IS_AST_PARENT	
5713351	5713352	IS_AST_PARENT	
5713356	5713357	IS_AST_PARENT	
5713356	5713358	IS_AST_PARENT	
5713355	5713356	IS_AST_PARENT	
5713354	5713355	IS_AST_PARENT	
5713351	5713354	IS_AST_PARENT	
5713350	5713351	IS_AST_PARENT	
5713345	5713350	IS_AST_PARENT	
5713361	5713362	IS_AST_PARENT	
5713361	5713363	IS_AST_PARENT	
5713360	5713361	IS_AST_PARENT	
5713360	5713364	IS_AST_PARENT	
5713359	5713360	IS_AST_PARENT	
5713345	5713359	IS_AST_PARENT	
5713367	5713368	IS_AST_PARENT	
5713366	5713367	IS_AST_PARENT	
5713371	5713372	IS_AST_PARENT	
5713371	5713373	IS_AST_PARENT	
5713370	5713371	IS_AST_PARENT	
5713369	5713370	IS_AST_PARENT	
5713366	5713369	IS_AST_PARENT	
5713365	5713366	IS_AST_PARENT	
5713345	5713365	IS_AST_PARENT	
5713376	5713377	IS_AST_PARENT	
5713375	5713376	IS_AST_PARENT	
5713380	5713381	IS_AST_PARENT	
5713380	5713382	IS_AST_PARENT	
5713379	5713380	IS_AST_PARENT	
5713378	5713379	IS_AST_PARENT	
5713375	5713378	IS_AST_PARENT	
5713374	5713375	IS_AST_PARENT	
5713345	5713374	IS_AST_PARENT	
5713385	5713386	IS_AST_PARENT	
5713385	5713387	IS_AST_PARENT	
5713384	5713385	IS_AST_PARENT	
5713383	5713384	IS_AST_PARENT	
5713389	5713390	IS_AST_PARENT	
5713389	5713391	IS_AST_PARENT	
5713388	5713389	IS_AST_PARENT	
5713383	5713388	IS_AST_PARENT	
5713392	5713393	IS_AST_PARENT	
5713392	5713394	IS_AST_PARENT	
5713383	5713392	IS_AST_PARENT	
5713399	5713400	IS_AST_PARENT	
5713399	5713401	IS_AST_PARENT	
5713398	5713399	IS_AST_PARENT	
5713398	5713402	IS_AST_PARENT	
5713397	5713398	IS_AST_PARENT	
5713396	5713397	IS_AST_PARENT	
5713406	5713407	IS_AST_PARENT	
5713405	5713406	IS_AST_PARENT	
5713411	5713412	IS_AST_PARENT	
5713411	5713413	IS_AST_PARENT	
5713410	5713411	IS_AST_PARENT	
5713410	5713414	IS_AST_PARENT	
5713409	5713410	IS_AST_PARENT	
5713408	5713409	IS_AST_PARENT	
5713405	5713408	IS_AST_PARENT	
5713404	5713405	IS_AST_PARENT	
5713403	5713404	IS_AST_PARENT	
5713396	5713403	IS_AST_PARENT	
5713395	5713396	IS_AST_PARENT	
5713383	5713395	IS_AST_PARENT	
5713345	5713383	IS_AST_PARENT	
5713417	5713418	IS_AST_PARENT	
5713417	5713419	IS_AST_PARENT	
5713416	5713417	IS_AST_PARENT	
5713415	5713416	IS_AST_PARENT	
5713421	5713422	IS_AST_PARENT	
5713421	5713423	IS_AST_PARENT	
5713420	5713421	IS_AST_PARENT	
5713415	5713420	IS_AST_PARENT	
5713424	5713425	IS_AST_PARENT	
5713424	5713426	IS_AST_PARENT	
5713415	5713424	IS_AST_PARENT	
5713430	5713431	IS_AST_PARENT	
5713429	5713430	IS_AST_PARENT	
5713436	5713437	IS_AST_PARENT	
5713436	5713438	IS_AST_PARENT	
5713435	5713436	IS_AST_PARENT	
5713435	5713439	IS_AST_PARENT	
5713434	5713435	IS_AST_PARENT	
5713434	5713440	IS_AST_PARENT	
5713433	5713434	IS_AST_PARENT	
5713432	5713433	IS_AST_PARENT	
5713429	5713432	IS_AST_PARENT	
5713428	5713429	IS_AST_PARENT	
5713427	5713428	IS_AST_PARENT	
5713445	5713446	IS_AST_PARENT	
5713445	5713447	IS_AST_PARENT	
5713444	5713445	IS_AST_PARENT	
5713444	5713448	IS_AST_PARENT	
5713443	5713444	IS_AST_PARENT	
5713443	5713449	IS_AST_PARENT	
5713442	5713443	IS_AST_PARENT	
5713442	5713450	IS_AST_PARENT	
5713441	5713442	IS_AST_PARENT	
5713427	5713441	IS_AST_PARENT	
5713453	5713454	IS_AST_PARENT	
5713457	5713458	IS_AST_PARENT	
5713457	5713459	IS_AST_PARENT	
5713456	5713457	IS_AST_PARENT	
5713456	5713460	IS_AST_PARENT	
5713455	5713456	IS_AST_PARENT	
5713455	5713461	IS_AST_PARENT	
5713453	5713455	IS_AST_PARENT	
5713452	5713453	IS_AST_PARENT	
5713451	5713452	IS_AST_PARENT	
5713462	5713463	IS_AST_PARENT	
5713451	5713462	IS_AST_PARENT	
5713427	5713451	IS_AST_PARENT	
5713465	5713466	IS_AST_PARENT	
5713464	5713465	IS_AST_PARENT	
5713470	5713471	IS_AST_PARENT	
5713469	5713470	IS_AST_PARENT	
5713476	5713477	IS_AST_PARENT	
5713476	5713478	IS_AST_PARENT	
5713475	5713476	IS_AST_PARENT	
5713475	5713479	IS_AST_PARENT	
5713474	5713475	IS_AST_PARENT	
5713474	5713480	IS_AST_PARENT	
5713473	5713474	IS_AST_PARENT	
5713472	5713473	IS_AST_PARENT	
5713469	5713472	IS_AST_PARENT	
5713468	5713469	IS_AST_PARENT	
5713467	5713468	IS_AST_PARENT	
5713485	5713486	IS_AST_PARENT	
5713485	5713487	IS_AST_PARENT	
5713484	5713485	IS_AST_PARENT	
5713484	5713488	IS_AST_PARENT	
5713483	5713484	IS_AST_PARENT	
5713483	5713489	IS_AST_PARENT	
5713482	5713483	IS_AST_PARENT	
5713491	5713492	IS_AST_PARENT	
5713490	5713491	IS_AST_PARENT	
5713495	5713496	IS_AST_PARENT	
5713495	5713497	IS_AST_PARENT	
5713494	5713495	IS_AST_PARENT	
5713493	5713494	IS_AST_PARENT	
5713490	5713493	IS_AST_PARENT	
5713482	5713490	IS_AST_PARENT	
5713481	5713482	IS_AST_PARENT	
5713467	5713481	IS_AST_PARENT	
5713464	5713467	IS_AST_PARENT	
5713502	5713503	IS_AST_PARENT	
5713501	5713502	IS_AST_PARENT	
5713508	5713509	IS_AST_PARENT	
5713508	5713510	IS_AST_PARENT	
5713507	5713508	IS_AST_PARENT	
5713507	5713511	IS_AST_PARENT	
5713506	5713507	IS_AST_PARENT	
5713506	5713512	IS_AST_PARENT	
5713505	5713506	IS_AST_PARENT	
5713504	5713505	IS_AST_PARENT	
5713501	5713504	IS_AST_PARENT	
5713500	5713501	IS_AST_PARENT	
5713499	5713500	IS_AST_PARENT	
5713517	5713518	IS_AST_PARENT	
5713517	5713519	IS_AST_PARENT	
5713516	5713517	IS_AST_PARENT	
5713516	5713520	IS_AST_PARENT	
5713515	5713516	IS_AST_PARENT	
5713515	5713521	IS_AST_PARENT	
5713514	5713515	IS_AST_PARENT	
5713514	5713522	IS_AST_PARENT	
5713513	5713514	IS_AST_PARENT	
5713499	5713513	IS_AST_PARENT	
5713525	5713526	IS_AST_PARENT	
5713528	5713529	IS_AST_PARENT	
5713527	5713528	IS_AST_PARENT	
5713534	5713535	IS_AST_PARENT	
5713534	5713536	IS_AST_PARENT	
5713533	5713534	IS_AST_PARENT	
5713533	5713537	IS_AST_PARENT	
5713532	5713533	IS_AST_PARENT	
5713532	5713538	IS_AST_PARENT	
5713531	5713532	IS_AST_PARENT	
5713530	5713531	IS_AST_PARENT	
5713542	5713543	IS_AST_PARENT	
5713542	5713544	IS_AST_PARENT	
5713541	5713542	IS_AST_PARENT	
5713541	5713545	IS_AST_PARENT	
5713540	5713541	IS_AST_PARENT	
5713540	5713546	IS_AST_PARENT	
5713539	5713540	IS_AST_PARENT	
5713530	5713539	IS_AST_PARENT	
5713527	5713530	IS_AST_PARENT	
5713525	5713527	IS_AST_PARENT	
5713524	5713525	IS_AST_PARENT	
5713523	5713524	IS_AST_PARENT	
5713550	5713551	IS_AST_PARENT	
5713549	5713550	IS_AST_PARENT	
5713556	5713557	IS_AST_PARENT	
5713556	5713558	IS_AST_PARENT	
5713555	5713556	IS_AST_PARENT	
5713555	5713559	IS_AST_PARENT	
5713554	5713555	IS_AST_PARENT	
5713554	5713560	IS_AST_PARENT	
5713553	5713554	IS_AST_PARENT	
5713552	5713553	IS_AST_PARENT	
5713549	5713552	IS_AST_PARENT	
5713548	5713549	IS_AST_PARENT	
5713547	5713548	IS_AST_PARENT	
5713523	5713547	IS_AST_PARENT	
5713499	5713523	IS_AST_PARENT	
5713565	5713566	IS_AST_PARENT	
5713565	5713567	IS_AST_PARENT	
5713564	5713565	IS_AST_PARENT	
5713564	5713568	IS_AST_PARENT	
5713563	5713564	IS_AST_PARENT	
5713563	5713569	IS_AST_PARENT	
5713562	5713563	IS_AST_PARENT	
5713562	5713570	IS_AST_PARENT	
5713561	5713562	IS_AST_PARENT	
5713499	5713561	IS_AST_PARENT	
5713573	5713574	IS_AST_PARENT	
5713572	5713573	IS_AST_PARENT	
5713579	5713580	IS_AST_PARENT	
5713579	5713581	IS_AST_PARENT	
5713578	5713579	IS_AST_PARENT	
5713578	5713582	IS_AST_PARENT	
5713577	5713578	IS_AST_PARENT	
5713577	5713583	IS_AST_PARENT	
5713576	5713577	IS_AST_PARENT	
5713575	5713576	IS_AST_PARENT	
5713572	5713575	IS_AST_PARENT	
5713571	5713572	IS_AST_PARENT	
5713499	5713571	IS_AST_PARENT	
5713588	5713589	IS_AST_PARENT	
5713588	5713590	IS_AST_PARENT	
5713587	5713588	IS_AST_PARENT	
5713587	5713591	IS_AST_PARENT	
5713586	5713587	IS_AST_PARENT	
5713586	5713592	IS_AST_PARENT	
5713585	5713586	IS_AST_PARENT	
5713585	5713593	IS_AST_PARENT	
5713584	5713585	IS_AST_PARENT	
5713499	5713584	IS_AST_PARENT	
5713498	5713499	IS_AST_PARENT	
5713464	5713498	IS_AST_PARENT	
5713427	5713464	IS_AST_PARENT	
5713415	5713427	IS_AST_PARENT	
5713345	5713415	IS_AST_PARENT	
5713596	5713597	IS_AST_PARENT	
5713596	5713598	IS_AST_PARENT	
5713595	5713596	IS_AST_PARENT	
5713594	5713595	IS_AST_PARENT	
5713602	5713603	IS_AST_PARENT	
5713601	5713602	IS_AST_PARENT	
5713606	5713607	IS_AST_PARENT	
5713606	5713608	IS_AST_PARENT	
5713605	5713606	IS_AST_PARENT	
5713604	5713605	IS_AST_PARENT	
5713601	5713604	IS_AST_PARENT	
5713600	5713601	IS_AST_PARENT	
5713599	5713600	IS_AST_PARENT	
5713611	5713612	IS_AST_PARENT	
5713611	5713613	IS_AST_PARENT	
5713610	5713611	IS_AST_PARENT	
5713610	5713614	IS_AST_PARENT	
5713609	5713610	IS_AST_PARENT	
5713599	5713609	IS_AST_PARENT	
5713594	5713599	IS_AST_PARENT	
5713345	5713594	IS_AST_PARENT	
5713617	5713618	IS_AST_PARENT	
5713617	5713619	IS_AST_PARENT	
5713616	5713617	IS_AST_PARENT	
5713616	5713620	IS_AST_PARENT	
5713615	5713616	IS_AST_PARENT	
5713345	5713615	IS_AST_PARENT	
5713344	5713345	IS_AST_PARENT	
5713344	5713621	IS_AST_PARENT	
5713344	5713622	IS_AST_PARENT	
5713624	5713625	IS_AST_PARENT	
5713624	5713626	IS_AST_PARENT	
5713623	5713624	IS_AST_PARENT	
5713627	5713628	IS_AST_PARENT	
5713627	5713629	IS_AST_PARENT	
5713623	5713627	IS_AST_PARENT	
5713344	5713623	IS_AST_PARENT	
5713630	5713624	FLOWS_TO	
5713624	5713627	FLOWS_TO	
5713627	5713346	FLOWS_TO	
5713346	5713350	FLOWS_TO	
5713350	5713359	FLOWS_TO	
5713359	5713365	FLOWS_TO	
5713365	5713374	FLOWS_TO	
5713374	5713384	FLOWS_TO	
5713388	5713397	FLOWS_TO	
5713388	5713416	FLOWS_TO	
5713384	5713388	FLOWS_TO	
5713392	5713388	FLOWS_TO	
5713397	5713404	FLOWS_TO	
5713397	5713392	FLOWS_TO	
5713404	5713392	FLOWS_TO	
5713420	5713428	FLOWS_TO	
5713420	5713595	FLOWS_TO	
5713416	5713420	FLOWS_TO	
5713424	5713420	FLOWS_TO	
5713428	5713441	FLOWS_TO	
5713441	5713452	FLOWS_TO	
5713452	5713463	FLOWS_TO	
5713452	5713465	FLOWS_TO	
5713463	5713420	FLOWS_TO	
5713465	5713468	FLOWS_TO	
5713465	5713500	FLOWS_TO	
5713468	5713481	FLOWS_TO	
5713481	5713424	FLOWS_TO	
5713500	5713513	FLOWS_TO	
5713513	5713524	FLOWS_TO	
5713524	5713548	FLOWS_TO	
5713524	5713561	FLOWS_TO	
5713548	5713561	FLOWS_TO	
5713561	5713571	FLOWS_TO	
5713571	5713584	FLOWS_TO	
5713584	5713424	FLOWS_TO	
5713595	5713600	FLOWS_TO	
5713595	5713615	FLOWS_TO	
5713600	5713609	FLOWS_TO	
5713609	5713615	FLOWS_TO	
5713615	5713631	FLOWS_TO	
5713365	5713632	USE	
5713370	5713632	USE	
5713600	5713633	USE	
5713605	5713633	USE	
5713609	5713633	DEF	
5713610	5713633	DEF	
5713428	5713634	USE	
5713433	5713634	USE	
5713441	5713634	DEF	
5713442	5713634	DEF	
5713350	5713635	USE	
5713355	5713635	USE	
5713359	5713635	DEF	
5713360	5713635	DEF	
5713428	5713636	USE	
5713435	5713636	USE	
5713441	5713636	USE	
5713444	5713636	USE	
5713452	5713636	USE	
5713456	5713636	USE	
5713468	5713636	USE	
5713475	5713636	USE	
5713481	5713636	USE	
5713484	5713636	USE	
5713500	5713636	USE	
5713507	5713636	USE	
5713513	5713636	USE	
5713516	5713636	USE	
5713524	5713636	USE	
5713541	5713636	USE	
5713533	5713636	USE	
5713548	5713636	USE	
5713555	5713636	USE	
5713561	5713636	USE	
5713564	5713636	USE	
5713571	5713636	USE	
5713578	5713636	USE	
5713584	5713636	USE	
5713587	5713636	USE	
5713388	5713637	USE	
5713624	5713638	DEF	
5713350	5713638	USE	
5713356	5713638	USE	
5713359	5713638	USE	
5713361	5713638	USE	
5713365	5713638	USE	
5713371	5713638	USE	
5713374	5713638	USE	
5713380	5713638	USE	
5713397	5713638	USE	
5713399	5713638	USE	
5713404	5713638	USE	
5713411	5713638	USE	
5713428	5713638	USE	
5713436	5713638	USE	
5713441	5713638	USE	
5713445	5713638	USE	
5713452	5713638	USE	
5713457	5713638	USE	
5713468	5713638	USE	
5713476	5713638	USE	
5713481	5713638	USE	
5713485	5713638	USE	
5713500	5713638	USE	
5713508	5713638	USE	
5713513	5713638	USE	
5713517	5713638	USE	
5713524	5713638	USE	
5713542	5713638	USE	
5713534	5713638	USE	
5713548	5713638	USE	
5713556	5713638	USE	
5713561	5713638	USE	
5713565	5713638	USE	
5713571	5713638	USE	
5713579	5713638	USE	
5713584	5713638	USE	
5713588	5713638	USE	
5713600	5713638	USE	
5713606	5713638	USE	
5713609	5713638	USE	
5713611	5713638	USE	
5713615	5713638	USE	
5713617	5713638	USE	
5713524	5713639	USE	
5713627	5713640	DEF	
5713465	5713640	USE	
5713595	5713640	USE	
5713428	5713641	USE	
5713433	5713641	USE	
5713434	5713641	USE	
5713441	5713641	DEF	
5713442	5713641	DEF	
5713441	5713641	USE	
5713443	5713641	USE	
5713452	5713641	USE	
5713455	5713641	USE	
5713468	5713641	USE	
5713474	5713641	USE	
5713473	5713641	USE	
5713481	5713641	USE	
5713483	5713641	USE	
5713481	5713641	DEF	
5713482	5713641	DEF	
5713500	5713641	USE	
5713506	5713641	USE	
5713505	5713641	USE	
5713513	5713641	DEF	
5713514	5713641	DEF	
5713513	5713641	USE	
5713515	5713641	USE	
5713524	5713641	USE	
5713532	5713641	USE	
5713539	5713641	USE	
5713531	5713641	USE	
5713540	5713641	USE	
5713548	5713641	USE	
5713553	5713641	USE	
5713554	5713641	USE	
5713561	5713641	USE	
5713563	5713641	USE	
5713561	5713641	DEF	
5713562	5713641	DEF	
5713571	5713641	USE	
5713577	5713641	USE	
5713576	5713641	USE	
5713584	5713641	USE	
5713586	5713641	USE	
5713584	5713641	DEF	
5713585	5713641	DEF	
5713359	5713642	USE	
5713360	5713642	USE	
5713441	5713642	USE	
5713442	5713642	USE	
5713513	5713642	USE	
5713514	5713642	USE	
5713561	5713642	USE	
5713562	5713642	USE	
5713584	5713642	USE	
5713585	5713642	USE	
5713609	5713642	USE	
5713610	5713642	USE	
5713481	5713643	USE	
5713482	5713643	USE	
5713397	5713644	USE	
5713404	5713644	USE	
5713409	5713644	USE	
5713428	5713644	USE	
5713433	5713644	USE	
5713434	5713644	USE	
5713441	5713644	DEF	
5713442	5713644	DEF	
5713441	5713644	USE	
5713443	5713644	USE	
5713452	5713644	USE	
5713455	5713644	USE	
5713468	5713644	USE	
5713474	5713644	USE	
5713473	5713644	USE	
5713481	5713644	DEF	
5713482	5713644	DEF	
5713481	5713644	USE	
5713483	5713644	USE	
5713500	5713644	USE	
5713505	5713644	USE	
5713506	5713644	USE	
5713513	5713644	USE	
5713515	5713644	USE	
5713513	5713644	DEF	
5713514	5713644	DEF	
5713524	5713644	USE	
5713532	5713644	USE	
5713539	5713644	USE	
5713531	5713644	USE	
5713540	5713644	USE	
5713548	5713644	USE	
5713554	5713644	USE	
5713553	5713644	USE	
5713561	5713644	USE	
5713563	5713644	USE	
5713561	5713644	DEF	
5713562	5713644	DEF	
5713571	5713644	USE	
5713576	5713644	USE	
5713577	5713644	USE	
5713584	5713644	USE	
5713586	5713644	USE	
5713584	5713644	DEF	
5713585	5713644	DEF	
5713346	5713645	DEF	
5713347	5713645	DEF	
5713388	5713645	USE	
5713384	5713645	DEF	
5713385	5713645	DEF	
5713392	5713645	DEF	
5713392	5713645	USE	
5713397	5713645	USE	
5713398	5713645	USE	
5713404	5713645	USE	
5713410	5713645	USE	
5713420	5713645	USE	
5713416	5713645	DEF	
5713417	5713645	DEF	
5713424	5713645	DEF	
5713424	5713645	USE	
5713428	5713645	USE	
5713435	5713645	USE	
5713441	5713645	USE	
5713444	5713645	USE	
5713452	5713645	USE	
5713456	5713645	USE	
5713468	5713645	USE	
5713475	5713645	USE	
5713481	5713645	USE	
5713484	5713645	USE	
5713500	5713645	USE	
5713507	5713645	USE	
5713513	5713645	USE	
5713516	5713645	USE	
5713524	5713645	USE	
5713533	5713645	USE	
5713541	5713645	USE	
5713548	5713645	USE	
5713555	5713645	USE	
5713561	5713645	USE	
5713564	5713645	USE	
5713571	5713645	USE	
5713578	5713645	USE	
5713584	5713645	USE	
5713587	5713645	USE	
5713420	5713646	USE	
5713374	5713647	USE	
5713379	5713647	USE	
5713481	5713648	USE	
5713494	5713648	USE	
5713397	5713649	USE	
5713404	5713649	USE	
5713409	5713649	USE	
5713428	5713649	USE	
5713434	5713649	USE	
5713433	5713649	USE	
5713441	5713649	USE	
5713443	5713649	USE	
5713441	5713649	DEF	
5713442	5713649	DEF	
5713452	5713649	USE	
5713455	5713649	USE	
5713468	5713649	USE	
5713474	5713649	USE	
5713473	5713649	USE	
5713481	5713649	DEF	
5713482	5713649	DEF	
5713481	5713649	USE	
5713483	5713649	USE	
5713500	5713649	USE	
5713505	5713649	USE	
5713506	5713649	USE	
5713513	5713649	USE	
5713515	5713649	USE	
5713513	5713649	DEF	
5713514	5713649	DEF	
5713524	5713649	USE	
5713539	5713649	USE	
5713532	5713649	USE	
5713540	5713649	USE	
5713531	5713649	USE	
5713548	5713649	USE	
5713554	5713649	USE	
5713553	5713649	USE	
5713561	5713649	DEF	
5713562	5713649	DEF	
5713561	5713649	USE	
5713563	5713649	USE	
5713571	5713649	USE	
5713576	5713649	USE	
5713577	5713649	USE	
5713584	5713649	DEF	
5713585	5713649	DEF	
5713584	5713649	USE	
5713586	5713649	USE	
5713397	5713650	USE	
5713398	5713650	USE	
5713404	5713650	USE	
5713410	5713650	USE	
5713397	5713651	USE	
5713404	5713651	USE	
5713409	5713651	USE	
5713615	5713652	DEF	
5713616	5713652	DEF	
5713468	5713653	USE	
5713473	5713653	USE	
5713481	5713653	DEF	
5713482	5713653	DEF	
5713500	5713653	USE	
5713505	5713653	USE	
5713513	5713653	DEF	
5713514	5713653	DEF	
5713350	5713654	USE	
5713355	5713654	USE	
5713359	5713654	DEF	
5713360	5713654	DEF	
5713365	5713654	USE	
5713370	5713654	USE	
5713374	5713654	USE	
5713379	5713654	USE	
5713397	5713654	USE	
5713398	5713654	USE	
5713404	5713654	USE	
5713410	5713654	USE	
5713428	5713654	USE	
5713435	5713654	USE	
5713441	5713654	USE	
5713444	5713654	USE	
5713452	5713654	USE	
5713456	5713654	USE	
5713468	5713654	USE	
5713475	5713654	USE	
5713481	5713654	USE	
5713484	5713654	USE	
5713500	5713654	USE	
5713507	5713654	USE	
5713513	5713654	USE	
5713516	5713654	USE	
5713524	5713654	USE	
5713541	5713654	USE	
5713533	5713654	USE	
5713548	5713654	USE	
5713555	5713654	USE	
5713561	5713654	USE	
5713564	5713654	USE	
5713571	5713654	USE	
5713578	5713654	USE	
5713584	5713654	USE	
5713587	5713654	USE	
5713600	5713654	USE	
5713605	5713654	USE	
5713609	5713654	DEF	
5713610	5713654	DEF	
5713615	5713654	DEF	
5713616	5713654	DEF	
5713524	5713655	USE	
5713539	5713655	USE	
5713548	5713655	USE	
5713553	5713655	USE	
5713561	5713655	DEF	
5713562	5713655	DEF	
5713452	5713656	USE	
5713524	5713656	USE	
5713531	5713656	USE	
5713571	5713656	USE	
5713576	5713656	USE	
5713584	5713656	DEF	
5713585	5713656	DEF	
5713441	5713428	REACHES	reg -> regset [ i ] . ht_regs
5713627	5713465	REACHES	init
5713627	5713595	REACHES	init
5713513	5713468	REACHES	reg -> regset [ i ] . regs
5713481	5713468	REACHES	reg -> regset [ i ] . regs
5713513	5713500	REACHES	reg -> regset [ i ] . regs
5713481	5713500	REACHES	reg -> regset [ i ] . regs
5713561	5713524	REACHES	reg -> regset [ i ] . arena
5713561	5713548	REACHES	reg -> regset [ i ] . arena
5713584	5713428	REACHES	* reg -> regset
5713481	5713428	REACHES	* reg -> regset
5713441	5713428	REACHES	* reg -> regset
5713441	5713500	REACHES	* reg -> regset
5713481	5713441	REACHES	* reg -> regset
5713513	5713548	REACHES	* reg -> regset
5713513	5713524	REACHES	* reg -> regset
5713561	5713584	REACHES	* reg -> regset
5713441	5713441	REACHES	* reg -> regset
5713513	5713561	REACHES	* reg -> regset
5713584	5713441	REACHES	* reg -> regset
5713441	5713452	REACHES	* reg -> regset
5713441	5713468	REACHES	* reg -> regset
5713441	5713513	REACHES	* reg -> regset
5713561	5713571	REACHES	* reg -> regset
5713441	5713481	REACHES	* reg -> regset
5713384	5713388	REACHES	i
5713392	5713388	REACHES	i
5713384	5713392	REACHES	i
5713392	5713392	REACHES	i
5713416	5713571	REACHES	i
5713424	5713584	REACHES	i
5713424	5713571	REACHES	i
5713416	5713584	REACHES	i
5713416	5713452	REACHES	i
5713416	5713561	REACHES	i
5713384	5713397	REACHES	i
5713416	5713441	REACHES	i
5713416	5713500	REACHES	i
5713416	5713548	REACHES	i
5713416	5713468	REACHES	i
5713424	5713428	REACHES	i
5713424	5713561	REACHES	i
5713424	5713524	REACHES	i
5713424	5713548	REACHES	i
5713392	5713397	REACHES	i
5713416	5713481	REACHES	i
5713424	5713500	REACHES	i
5713424	5713452	REACHES	i
5713424	5713513	REACHES	i
5713384	5713404	REACHES	i
5713416	5713424	REACHES	i
5713424	5713424	REACHES	i
5713424	5713468	REACHES	i
5713416	5713524	REACHES	i
5713416	5713513	REACHES	i
5713424	5713481	REACHES	i
5713392	5713404	REACHES	i
5713424	5713420	REACHES	i
5713416	5713420	REACHES	i
5713416	5713428	REACHES	i
5713424	5713441	REACHES	i
5713624	5713350	REACHES	reg
5713624	5713359	REACHES	reg
5713624	5713571	REACHES	reg
5713624	5713615	REACHES	reg
5713624	5713584	REACHES	reg
5713624	5713524	REACHES	reg
5713624	5713548	REACHES	reg
5713624	5713468	REACHES	reg
5713624	5713500	REACHES	reg
5713624	5713481	REACHES	reg
5713624	5713365	REACHES	reg
5713624	5713374	REACHES	reg
5713624	5713513	REACHES	reg
5713624	5713561	REACHES	reg
5713624	5713397	REACHES	reg
5713624	5713404	REACHES	reg
5713624	5713428	REACHES	reg
5713624	5713609	REACHES	reg
5713624	5713441	REACHES	reg
5713624	5713452	REACHES	reg
5713624	5713600	REACHES	reg
5713481	5713441	REACHES	* * reg
5713441	5713428	REACHES	* * reg
5713481	5713428	REACHES	* * reg
5713584	5713428	REACHES	* * reg
5713441	5713513	REACHES	* * reg
5713441	5713441	REACHES	* * reg
5713584	5713441	REACHES	* * reg
5713441	5713452	REACHES	* * reg
5713513	5713524	REACHES	* * reg
5713441	5713468	REACHES	* * reg
5713441	5713500	REACHES	* * reg
5713561	5713584	REACHES	* * reg
5713513	5713548	REACHES	* * reg
5713441	5713481	REACHES	* * reg
5713513	5713561	REACHES	* * reg
5713561	5713571	REACHES	* * reg
5713441	5713441	REACHES	* i
5713441	5713428	REACHES	* i
5713584	5713428	REACHES	* i
5713481	5713428	REACHES	* i
5713561	5713571	REACHES	* i
5713584	5713441	REACHES	* i
5713481	5713441	REACHES	* i
5713513	5713548	REACHES	* i
5713441	5713513	REACHES	* i
5713513	5713524	REACHES	* i
5713441	5713452	REACHES	* i
5713441	5713500	REACHES	* i
5713441	5713468	REACHES	* i
5713513	5713561	REACHES	* i
5713561	5713584	REACHES	* i
5713441	5713481	REACHES	* i
5713359	5713441	REACHES	* reg
5713615	5713631	REACHES	* reg
5713359	5713365	REACHES	* reg
5713359	5713374	REACHES	* reg
5713359	5713524	REACHES	* reg
5713359	5713600	REACHES	* reg
5713359	5713397	REACHES	* reg
5713359	5713584	REACHES	* reg
5713359	5713500	REACHES	* reg
5713359	5713404	REACHES	* reg
5713359	5713548	REACHES	* reg
5713359	5713481	REACHES	* reg
5713359	5713561	REACHES	* reg
5713359	5713428	REACHES	* reg
5713359	5713513	REACHES	* reg
5713359	5713571	REACHES	* reg
5713359	5713452	REACHES	* reg
5713359	5713468	REACHES	* reg
5713584	5713452	REACHES	reg -> regset [ i ] . pool
5713584	5713524	REACHES	reg -> regset [ i ] . pool
5713584	5713571	REACHES	reg -> regset [ i ] . pool
5713630	5713624	CONTROLS	
5713630	5713627	CONTROLS	
5713630	5713346	CONTROLS	
5713630	5713350	CONTROLS	
5713630	5713359	CONTROLS	
5713630	5713365	CONTROLS	
5713630	5713374	CONTROLS	
5713630	5713384	CONTROLS	
5713630	5713388	CONTROLS	
5713630	5713416	CONTROLS	
5713630	5713420	CONTROLS	
5713630	5713595	CONTROLS	
5713630	5713615	CONTROLS	
5713388	5713397	CONTROLS	
5713388	5713392	CONTROLS	
5713397	5713404	CONTROLS	
5713420	5713428	CONTROLS	
5713420	5713441	CONTROLS	
5713420	5713452	CONTROLS	
5713452	5713463	CONTROLS	
5713452	5713465	CONTROLS	
5713452	5713424	CONTROLS	
5713465	5713468	CONTROLS	
5713465	5713481	CONTROLS	
5713465	5713500	CONTROLS	
5713465	5713513	CONTROLS	
5713465	5713524	CONTROLS	
5713465	5713561	CONTROLS	
5713465	5713571	CONTROLS	
5713465	5713584	CONTROLS	
5713524	5713548	CONTROLS	
5713595	5713600	CONTROLS	
5713595	5713609	CONTROLS	
5713359	5713365	DOM	
5713428	5713441	DOM	
5713452	5713463	DOM	
5713524	5713548	DOM	
5713571	5713584	DOM	
5713630	5713624	DOM	
5713615	5713631	DOM	
5713465	5713424	DOM	
5713346	5713350	DOM	
5713416	5713420	DOM	
5713595	5713600	DOM	
5713384	5713388	DOM	
5713513	5713524	DOM	
5713397	5713392	DOM	
5713388	5713397	DOM	
5713595	5713615	DOM	
5713420	5713595	DOM	
5713500	5713513	DOM	
5713465	5713468	DOM	
5713374	5713384	DOM	
5713561	5713571	DOM	
5713420	5713428	DOM	
5713524	5713561	DOM	
5713630	5713630	DOM	
5713624	5713627	DOM	
5713365	5713374	DOM	
5713452	5713465	DOM	
5713600	5713609	DOM	
5713468	5713481	DOM	
5713465	5713500	DOM	
5713441	5713452	DOM	
5713627	5713346	DOM	
5713388	5713416	DOM	
5713350	5713359	DOM	
5713397	5713404	DOM	
5713374	5713365	POST_DOM	
5713452	5713441	POST_DOM	
5713420	5713463	POST_DOM	
5713424	5713584	POST_DOM	
5713561	5713548	POST_DOM	
5713631	5713631	POST_DOM	
5713627	5713624	POST_DOM	
5713420	5713424	POST_DOM	
5713359	5713350	POST_DOM	
5713595	5713420	POST_DOM	
5713609	5713600	POST_DOM	
5713416	5713388	POST_DOM	
5713561	5713524	POST_DOM	
5713388	5713392	POST_DOM	
5713631	5713615	POST_DOM	
5713392	5713397	POST_DOM	
5713615	5713595	POST_DOM	
5713524	5713513	POST_DOM	
5713481	5713468	POST_DOM	
5713388	5713384	POST_DOM	
5713584	5713571	POST_DOM	
5713441	5713428	POST_DOM	
5713571	5713561	POST_DOM	
5713624	5713630	POST_DOM	
5713384	5713374	POST_DOM	
5713346	5713627	POST_DOM	
5713424	5713465	POST_DOM	
5713615	5713609	POST_DOM	
5713424	5713481	POST_DOM	
5713513	5713500	POST_DOM	
5713420	5713452	POST_DOM	
5713350	5713346	POST_DOM	
5713420	5713416	POST_DOM	
5713365	5713359	POST_DOM	
5713392	5713404	POST_DOM	
5713343	5713344	IS_FUNCTION_OF_AST	
5713343	5713630	IS_FUNCTION_OF_CFG	
5712396	5713343	IS_FILE_OF	
5713661	5713662	IS_AST_PARENT	
5713661	5713663	IS_AST_PARENT	
5713664	5713665	IS_AST_PARENT	
5713668	5713669	IS_AST_PARENT	
5713668	5713670	IS_AST_PARENT	
5713667	5713668	IS_AST_PARENT	
5713667	5713671	IS_AST_PARENT	
5713666	5713667	IS_AST_PARENT	
5713672	5713673	IS_AST_PARENT	
5713672	5713674	IS_AST_PARENT	
5713666	5713672	IS_AST_PARENT	
5713664	5713666	IS_AST_PARENT	
5713661	5713664	IS_AST_PARENT	
5713660	5713661	IS_AST_PARENT	
5713659	5713660	IS_AST_PARENT	
5713676	5713677	IS_AST_PARENT	
5713676	5713678	IS_AST_PARENT	
5713679	5713680	IS_AST_PARENT	
5713683	5713684	IS_AST_PARENT	
5713683	5713685	IS_AST_PARENT	
5713682	5713683	IS_AST_PARENT	
5713682	5713686	IS_AST_PARENT	
5713681	5713682	IS_AST_PARENT	
5713687	5713688	IS_AST_PARENT	
5713687	5713689	IS_AST_PARENT	
5713681	5713687	IS_AST_PARENT	
5713679	5713681	IS_AST_PARENT	
5713676	5713679	IS_AST_PARENT	
5713675	5713676	IS_AST_PARENT	
5713659	5713675	IS_AST_PARENT	
5713691	5713692	IS_AST_PARENT	
5713691	5713693	IS_AST_PARENT	
5713690	5713691	IS_AST_PARENT	
5713659	5713690	IS_AST_PARENT	
5713658	5713659	IS_AST_PARENT	
5713658	5713694	IS_AST_PARENT	
5713658	5713695	IS_AST_PARENT	
5713697	5713698	IS_AST_PARENT	
5713697	5713699	IS_AST_PARENT	
5713696	5713697	IS_AST_PARENT	
5713700	5713701	IS_AST_PARENT	
5713700	5713702	IS_AST_PARENT	
5713696	5713700	IS_AST_PARENT	
5713658	5713696	IS_AST_PARENT	
5713703	5713697	FLOWS_TO	
5713697	5713700	FLOWS_TO	
5713700	5713660	FLOWS_TO	
5713660	5713675	FLOWS_TO	
5713675	5713690	FLOWS_TO	
5713690	5713704	FLOWS_TO	
5713660	5713705	USE	
5713664	5713705	USE	
5713697	5713706	DEF	
5713660	5713706	USE	
5713672	5713706	USE	
5713668	5713706	USE	
5713700	5713707	DEF	
5713675	5713707	USE	
5713687	5713707	USE	
5713683	5713707	USE	
5713660	5713708	USE	
5713664	5713708	USE	
5713660	5713709	DEF	
5713661	5713709	DEF	
5713664	5713709	DEF	
5713690	5713709	USE	
5713675	5713710	USE	
5713679	5713710	USE	
5713675	5713711	DEF	
5713679	5713711	DEF	
5713676	5713711	DEF	
5713690	5713711	USE	
5713660	5713712	USE	
5713664	5713712	USE	
5713675	5713713	USE	
5713679	5713713	USE	
5713675	5713714	USE	
5713679	5713714	USE	
5713697	5713660	REACHES	a
5713700	5713675	REACHES	b
5713660	5713690	REACHES	offa
5713675	5713690	REACHES	offb
5713703	5713697	CONTROLS	
5713703	5713700	CONTROLS	
5713703	5713660	CONTROLS	
5713703	5713675	CONTROLS	
5713703	5713690	CONTROLS	
5713690	5713704	DOM	
5713703	5713697	DOM	
5713660	5713675	DOM	
5713703	5713703	DOM	
5713675	5713690	DOM	
5713697	5713700	DOM	
5713700	5713660	DOM	
5713704	5713704	POST_DOM	
5713690	5713675	POST_DOM	
5713700	5713697	POST_DOM	
5713697	5713703	POST_DOM	
5713704	5713690	POST_DOM	
5713660	5713700	POST_DOM	
5713675	5713660	POST_DOM	
5713657	5713658	IS_FUNCTION_OF_AST	
5713657	5713703	IS_FUNCTION_OF_CFG	
5712396	5713657	IS_FILE_OF	
5713719	5713720	IS_AST_PARENT	
5713719	5713721	IS_AST_PARENT	
5713718	5713719	IS_AST_PARENT	
5713722	5713723	IS_AST_PARENT	
5713722	5713724	IS_AST_PARENT	
5713718	5713722	IS_AST_PARENT	
5713717	5713718	IS_AST_PARENT	
5713726	5713727	IS_AST_PARENT	
5713726	5713728	IS_AST_PARENT	
5713725	5713726	IS_AST_PARENT	
5713717	5713725	IS_AST_PARENT	
5713730	5713731	IS_AST_PARENT	
5713730	5713732	IS_AST_PARENT	
5713729	5713730	IS_AST_PARENT	
5713717	5713729	IS_AST_PARENT	
5713734	5713735	IS_AST_PARENT	
5713734	5713736	IS_AST_PARENT	
5713737	5713738	IS_AST_PARENT	
5713740	5713741	IS_AST_PARENT	
5713739	5713740	IS_AST_PARENT	
5713743	5713744	IS_AST_PARENT	
5713742	5713743	IS_AST_PARENT	
5713739	5713742	IS_AST_PARENT	
5713737	5713739	IS_AST_PARENT	
5713734	5713737	IS_AST_PARENT	
5713733	5713734	IS_AST_PARENT	
5713717	5713733	IS_AST_PARENT	
5713747	5713748	IS_AST_PARENT	
5713747	5713749	IS_AST_PARENT	
5713746	5713747	IS_AST_PARENT	
5713745	5713746	IS_AST_PARENT	
5713751	5713752	IS_AST_PARENT	
5713751	5713753	IS_AST_PARENT	
5713750	5713751	IS_AST_PARENT	
5713745	5713750	IS_AST_PARENT	
5713754	5713755	IS_AST_PARENT	
5713754	5713756	IS_AST_PARENT	
5713745	5713754	IS_AST_PARENT	
5713757	5713758	IS_AST_PARENT	
5713757	5713759	IS_AST_PARENT	
5713757	5713760	IS_AST_PARENT	
5713757	5713761	IS_AST_PARENT	
5713757	5713762	IS_AST_PARENT	
5713757	5713763	IS_AST_PARENT	
5713757	5713764	IS_AST_PARENT	
5713757	5713765	IS_AST_PARENT	
5713757	5713766	IS_AST_PARENT	
5713757	5713767	IS_AST_PARENT	
5713757	5713768	IS_AST_PARENT	
5713757	5713769	IS_AST_PARENT	
5713757	5713770	IS_AST_PARENT	
5713757	5713771	IS_AST_PARENT	
5713757	5713772	IS_AST_PARENT	
5713776	5713777	IS_AST_PARENT	
5713775	5713776	IS_AST_PARENT	
5713779	5713780	IS_AST_PARENT	
5713778	5713779	IS_AST_PARENT	
5713781	5713782	IS_AST_PARENT	
5713778	5713781	IS_AST_PARENT	
5713775	5713778	IS_AST_PARENT	
5713774	5713775	IS_AST_PARENT	
5713773	5713774	IS_AST_PARENT	
5713757	5713773	IS_AST_PARENT	
5713745	5713757	IS_AST_PARENT	
5713717	5713745	IS_AST_PARENT	
5713785	5713786	IS_AST_PARENT	
5713784	5713785	IS_AST_PARENT	
5713788	5713789	IS_AST_PARENT	
5713787	5713788	IS_AST_PARENT	
5713791	5713792	IS_AST_PARENT	
5713791	5713793	IS_AST_PARENT	
5713790	5713791	IS_AST_PARENT	
5713787	5713790	IS_AST_PARENT	
5713784	5713787	IS_AST_PARENT	
5713783	5713784	IS_AST_PARENT	
5713717	5713783	IS_AST_PARENT	
5713795	5713796	IS_AST_PARENT	
5713795	5713797	IS_AST_PARENT	
5713794	5713795	IS_AST_PARENT	
5713717	5713794	IS_AST_PARENT	
5713717	5713798	IS_AST_PARENT	
5713717	5713799	IS_AST_PARENT	
5713717	5713800	IS_AST_PARENT	
5713717	5713801	IS_AST_PARENT	
5713717	5713802	IS_AST_PARENT	
5713717	5713803	IS_AST_PARENT	
5713717	5713804	IS_AST_PARENT	
5713717	5713805	IS_AST_PARENT	
5713809	5713810	IS_AST_PARENT	
5713809	5713811	IS_AST_PARENT	
5713808	5713809	IS_AST_PARENT	
5713812	5713813	IS_AST_PARENT	
5713812	5713814	IS_AST_PARENT	
5713808	5713812	IS_AST_PARENT	
5713807	5713808	IS_AST_PARENT	
5713806	5713807	IS_AST_PARENT	
5713717	5713806	IS_AST_PARENT	
5713817	5713818	IS_AST_PARENT	
5713816	5713817	IS_AST_PARENT	
5713821	5713822	IS_AST_PARENT	
5713821	5713823	IS_AST_PARENT	
5713820	5713821	IS_AST_PARENT	
5713819	5713820	IS_AST_PARENT	
5713816	5713819	IS_AST_PARENT	
5713815	5713816	IS_AST_PARENT	
5713717	5713815	IS_AST_PARENT	
5713826	5713827	IS_AST_PARENT	
5713826	5713828	IS_AST_PARENT	
5713825	5713826	IS_AST_PARENT	
5713825	5713829	IS_AST_PARENT	
5713824	5713825	IS_AST_PARENT	
5713717	5713824	IS_AST_PARENT	
5713716	5713717	IS_AST_PARENT	
5713716	5713830	IS_AST_PARENT	
5713716	5713831	IS_AST_PARENT	
5713833	5713834	IS_AST_PARENT	
5713833	5713835	IS_AST_PARENT	
5713832	5713833	IS_AST_PARENT	
5713716	5713832	IS_AST_PARENT	
5713836	5713833	FLOWS_TO	
5713833	5713718	FLOWS_TO	
5713718	5713725	FLOWS_TO	
5713725	5713729	FLOWS_TO	
5713729	5713733	FLOWS_TO	
5713733	5713746	FLOWS_TO	
5713750	5713758	FLOWS_TO	
5713750	5713783	FLOWS_TO	
5713746	5713750	FLOWS_TO	
5713754	5713750	FLOWS_TO	
5713758	5713759	FLOWS_TO	
5713759	5713760	FLOWS_TO	
5713760	5713761	FLOWS_TO	
5713761	5713762	FLOWS_TO	
5713762	5713763	FLOWS_TO	
5713763	5713764	FLOWS_TO	
5713764	5713765	FLOWS_TO	
5713765	5713766	FLOWS_TO	
5713766	5713767	FLOWS_TO	
5713767	5713768	FLOWS_TO	
5713768	5713769	FLOWS_TO	
5713769	5713770	FLOWS_TO	
5713770	5713771	FLOWS_TO	
5713771	5713772	FLOWS_TO	
5713772	5713774	FLOWS_TO	
5713774	5713754	FLOWS_TO	
5713783	5713794	FLOWS_TO	
5713794	5713798	FLOWS_TO	
5713798	5713799	FLOWS_TO	
5713799	5713800	FLOWS_TO	
5713800	5713801	FLOWS_TO	
5713801	5713802	FLOWS_TO	
5713802	5713803	FLOWS_TO	
5713803	5713804	FLOWS_TO	
5713804	5713805	FLOWS_TO	
5713805	5713807	FLOWS_TO	
5713807	5713815	FLOWS_TO	
5713815	5713824	FLOWS_TO	
5713824	5713837	FLOWS_TO	
5713733	5713838	DEF	
5713737	5713838	DEF	
5713734	5713838	DEF	
5713774	5713838	USE	
5713779	5713838	USE	
5713783	5713838	USE	
5713788	5713838	USE	
5713824	5713838	USE	
5713825	5713838	USE	
5713733	5713839	USE	
5713743	5713839	USE	
5713733	5713840	USE	
5713737	5713840	USE	
5713815	5713841	USE	
5713820	5713841	USE	
5713824	5713841	DEF	
5713825	5713841	DEF	
5713718	5713842	DEF	
5713722	5713842	DEF	
5713794	5713842	DEF	
5713795	5713842	DEF	
5713807	5713842	USE	
5713812	5713842	USE	
5713807	5713842	DEF	
5713812	5713842	DEF	
5713718	5713843	DEF	
5713719	5713843	DEF	
5713750	5713843	USE	
5713746	5713843	DEF	
5713747	5713843	DEF	
5713754	5713843	USE	
5713754	5713843	DEF	
5713725	5713844	DEF	
5713726	5713844	DEF	
5713750	5713845	USE	
5713729	5713846	DEF	
5713730	5713846	DEF	
5713774	5713846	USE	
5713781	5713846	USE	
5713807	5713846	USE	
5713809	5713846	USE	
5713833	5713847	DEF	
5713815	5713847	USE	
5713821	5713847	USE	
5713824	5713847	USE	
5713826	5713847	USE	
5713783	5713848	USE	
5713790	5713848	USE	
5713807	5713849	DEF	
5713808	5713849	DEF	
5713807	5713850	DEF	
5713808	5713850	DEF	
5713815	5713851	USE	
5713820	5713851	USE	
5713824	5713851	DEF	
5713825	5713851	DEF	
5713733	5713774	REACHES	all
5713733	5713783	REACHES	all
5713733	5713824	REACHES	all
5713746	5713750	REACHES	i
5713754	5713750	REACHES	i
5713746	5713754	REACHES	i
5713754	5713754	REACHES	i
5713794	5713807	REACHES	index
5713729	5713774	REACHES	r
5713729	5713807	REACHES	r
5713833	5713815	REACHES	reg
5713833	5713824	REACHES	reg
5713824	5713837	REACHES	* reg
5713836	5713833	CONTROLS	
5713836	5713718	CONTROLS	
5713836	5713725	CONTROLS	
5713836	5713729	CONTROLS	
5713836	5713733	CONTROLS	
5713836	5713746	CONTROLS	
5713836	5713750	CONTROLS	
5713836	5713783	CONTROLS	
5713836	5713794	CONTROLS	
5713836	5713798	CONTROLS	
5713836	5713799	CONTROLS	
5713836	5713800	CONTROLS	
5713836	5713801	CONTROLS	
5713836	5713802	CONTROLS	
5713836	5713803	CONTROLS	
5713836	5713804	CONTROLS	
5713836	5713805	CONTROLS	
5713836	5713807	CONTROLS	
5713836	5713815	CONTROLS	
5713836	5713824	CONTROLS	
5713750	5713758	CONTROLS	
5713750	5713759	CONTROLS	
5713750	5713760	CONTROLS	
5713750	5713761	CONTROLS	
5713750	5713762	CONTROLS	
5713750	5713763	CONTROLS	
5713750	5713764	CONTROLS	
5713750	5713765	CONTROLS	
5713750	5713766	CONTROLS	
5713750	5713767	CONTROLS	
5713750	5713768	CONTROLS	
5713750	5713769	CONTROLS	
5713750	5713770	CONTROLS	
5713750	5713771	CONTROLS	
5713750	5713772	CONTROLS	
5713750	5713774	CONTROLS	
5713750	5713754	CONTROLS	
5713746	5713750	DOM	
5713772	5713774	DOM	
5713762	5713763	DOM	
5713767	5713768	DOM	
5713794	5713798	DOM	
5713729	5713733	DOM	
5713750	5713758	DOM	
5713759	5713760	DOM	
5713836	5713833	DOM	
5713758	5713759	DOM	
5713750	5713783	DOM	
5713765	5713766	DOM	
5713766	5713767	DOM	
5713725	5713729	DOM	
5713783	5713794	DOM	
5713763	5713764	DOM	
5713801	5713802	DOM	
5713718	5713725	DOM	
5713824	5713837	DOM	
5713770	5713771	DOM	
5713815	5713824	DOM	
5713836	5713836	DOM	
5713833	5713718	DOM	
5713798	5713799	DOM	
5713803	5713804	DOM	
5713800	5713801	DOM	
5713760	5713761	DOM	
5713768	5713769	DOM	
5713805	5713807	DOM	
5713802	5713803	DOM	
5713764	5713765	DOM	
5713771	5713772	DOM	
5713807	5713815	DOM	
5713799	5713800	DOM	
5713769	5713770	DOM	
5713733	5713746	DOM	
5713761	5713762	DOM	
5713804	5713805	DOM	
5713774	5713754	DOM	
5713783	5713750	POST_DOM	
5713754	5713774	POST_DOM	
5713769	5713768	POST_DOM	
5713764	5713763	POST_DOM	
5713799	5713798	POST_DOM	
5713746	5713733	POST_DOM	
5713759	5713758	POST_DOM	
5713761	5713760	POST_DOM	
5713718	5713833	POST_DOM	
5713760	5713759	POST_DOM	
5713794	5713783	POST_DOM	
5713767	5713766	POST_DOM	
5713768	5713767	POST_DOM	
5713733	5713729	POST_DOM	
5713798	5713794	POST_DOM	
5713765	5713764	POST_DOM	
5713803	5713802	POST_DOM	
5713729	5713725	POST_DOM	
5713837	5713837	POST_DOM	
5713772	5713771	POST_DOM	
5713837	5713824	POST_DOM	
5713725	5713718	POST_DOM	
5713833	5713836	POST_DOM	
5713805	5713804	POST_DOM	
5713800	5713799	POST_DOM	
5713802	5713801	POST_DOM	
5713815	5713807	POST_DOM	
5713770	5713769	POST_DOM	
5713762	5713761	POST_DOM	
5713804	5713803	POST_DOM	
5713766	5713765	POST_DOM	
5713774	5713772	POST_DOM	
5713824	5713815	POST_DOM	
5713801	5713800	POST_DOM	
5713771	5713770	POST_DOM	
5713750	5713746	POST_DOM	
5713807	5713805	POST_DOM	
5713763	5713762	POST_DOM	
5713750	5713754	POST_DOM	
5713715	5713716	IS_FUNCTION_OF_AST	
5713715	5713836	IS_FUNCTION_OF_CFG	
5712396	5713715	IS_FILE_OF	
5713856	5713857	IS_AST_PARENT	
5713856	5713858	IS_AST_PARENT	
5713855	5713856	IS_AST_PARENT	
5713854	5713855	IS_AST_PARENT	
5713860	5713861	IS_AST_PARENT	
5713860	5713862	IS_AST_PARENT	
5713859	5713860	IS_AST_PARENT	
5713854	5713859	IS_AST_PARENT	
5713865	5713866	IS_AST_PARENT	
5713865	5713867	IS_AST_PARENT	
5713864	5713865	IS_AST_PARENT	
5713863	5713864	IS_AST_PARENT	
5713869	5713870	IS_AST_PARENT	
5713868	5713869	IS_AST_PARENT	
5713863	5713868	IS_AST_PARENT	
5713854	5713863	IS_AST_PARENT	
5713873	5713874	IS_AST_PARENT	
5713875	5713876	IS_AST_PARENT	
5713875	5713877	IS_AST_PARENT	
5713873	5713875	IS_AST_PARENT	
5713872	5713873	IS_AST_PARENT	
5713871	5713872	IS_AST_PARENT	
5713881	5713882	IS_AST_PARENT	
5713880	5713881	IS_AST_PARENT	
5713884	5713885	IS_AST_PARENT	
5713883	5713884	IS_AST_PARENT	
5713880	5713883	IS_AST_PARENT	
5713879	5713880	IS_AST_PARENT	
5713878	5713879	IS_AST_PARENT	
5713871	5713878	IS_AST_PARENT	
5713854	5713871	IS_AST_PARENT	
5713854	5713886	IS_AST_PARENT	
5713854	5713887	IS_AST_PARENT	
5713854	5713888	IS_AST_PARENT	
5713854	5713889	IS_AST_PARENT	
5713854	5713890	IS_AST_PARENT	
5713854	5713891	IS_AST_PARENT	
5713854	5713892	IS_AST_PARENT	
5713854	5713893	IS_AST_PARENT	
5713854	5713894	IS_AST_PARENT	
5713854	5713895	IS_AST_PARENT	
5713900	5713901	IS_AST_PARENT	
5713900	5713902	IS_AST_PARENT	
5713899	5713900	IS_AST_PARENT	
5713899	5713903	IS_AST_PARENT	
5713898	5713899	IS_AST_PARENT	
5713897	5713898	IS_AST_PARENT	
5713905	5713906	IS_AST_PARENT	
5713904	5713905	IS_AST_PARENT	
5713897	5713904	IS_AST_PARENT	
5713896	5713897	IS_AST_PARENT	
5713854	5713896	IS_AST_PARENT	
5713907	5713908	IS_AST_PARENT	
5713854	5713907	IS_AST_PARENT	
5713853	5713854	IS_AST_PARENT	
5713853	5713909	IS_AST_PARENT	
5713853	5713910	IS_AST_PARENT	
5713912	5713913	IS_AST_PARENT	
5713912	5713914	IS_AST_PARENT	
5713911	5713912	IS_AST_PARENT	
5713915	5713916	IS_AST_PARENT	
5713915	5713917	IS_AST_PARENT	
5713911	5713915	IS_AST_PARENT	
5713853	5713911	IS_AST_PARENT	
5713918	5713912	FLOWS_TO	
5713912	5713915	FLOWS_TO	
5713915	5713855	FLOWS_TO	
5713855	5713859	FLOWS_TO	
5713859	5713864	FLOWS_TO	
5713864	5713869	FLOWS_TO	
5713864	5713872	FLOWS_TO	
5713869	5713919	FLOWS_TO	
5713872	5713879	FLOWS_TO	
5713872	5713886	FLOWS_TO	
5713879	5713886	FLOWS_TO	
5713886	5713887	FLOWS_TO	
5713887	5713888	FLOWS_TO	
5713888	5713889	FLOWS_TO	
5713889	5713890	FLOWS_TO	
5713890	5713891	FLOWS_TO	
5713891	5713892	FLOWS_TO	
5713892	5713893	FLOWS_TO	
5713893	5713894	FLOWS_TO	
5713894	5713895	FLOWS_TO	
5713895	5713898	FLOWS_TO	
5713898	5713905	FLOWS_TO	
5713898	5713907	FLOWS_TO	
5713905	5713919	FLOWS_TO	
5713907	5713919	FLOWS_TO	
5713855	5713920	DEF	
5713856	5713920	DEF	
5713898	5713920	USE	
5713900	5713920	USE	
5713905	5713920	USE	
5713869	5713921	USE	
5713907	5713921	USE	
5713912	5713922	DEF	
5713872	5713922	USE	
5713875	5713922	USE	
5713879	5713922	USE	
5713884	5713922	USE	
5713872	5713923	USE	
5713859	5713924	DEF	
5713860	5713924	DEF	
5713915	5713925	DEF	
5713864	5713925	USE	
5713898	5713925	USE	
5713898	5713926	USE	
5713872	5713927	USE	
5713898	5713928	USE	
5713855	5713898	REACHES	r
5713855	5713905	REACHES	r
5713912	5713872	REACHES	reg
5713912	5713879	REACHES	reg
5713915	5713864	REACHES	idx
5713915	5713898	REACHES	idx
5713918	5713912	CONTROLS	
5713918	5713915	CONTROLS	
5713918	5713855	CONTROLS	
5713918	5713859	CONTROLS	
5713918	5713864	CONTROLS	
5713864	5713869	CONTROLS	
5713864	5713872	CONTROLS	
5713864	5713886	CONTROLS	
5713864	5713887	CONTROLS	
5713864	5713888	CONTROLS	
5713864	5713889	CONTROLS	
5713864	5713890	CONTROLS	
5713864	5713891	CONTROLS	
5713864	5713892	CONTROLS	
5713864	5713893	CONTROLS	
5713864	5713894	CONTROLS	
5713864	5713895	CONTROLS	
5713864	5713898	CONTROLS	
5713872	5713879	CONTROLS	
5713898	5713905	CONTROLS	
5713898	5713907	CONTROLS	
5713915	5713855	DOM	
5713890	5713891	DOM	
5713918	5713918	DOM	
5713855	5713859	DOM	
5713895	5713898	DOM	
5713918	5713912	DOM	
5713892	5713893	DOM	
5713912	5713915	DOM	
5713864	5713872	DOM	
5713891	5713892	DOM	
5713894	5713895	DOM	
5713864	5713869	DOM	
5713886	5713887	DOM	
5713872	5713886	DOM	
5713898	5713907	DOM	
5713887	5713888	DOM	
5713864	5713919	DOM	
5713898	5713905	DOM	
5713889	5713890	DOM	
5713872	5713879	DOM	
5713893	5713894	DOM	
5713859	5713864	DOM	
5713888	5713889	DOM	
5713859	5713855	POST_DOM	
5713892	5713891	POST_DOM	
5713912	5713918	POST_DOM	
5713864	5713859	POST_DOM	
5713919	5713898	POST_DOM	
5713915	5713912	POST_DOM	
5713894	5713893	POST_DOM	
5713855	5713915	POST_DOM	
5713898	5713895	POST_DOM	
5713893	5713892	POST_DOM	
5713886	5713872	POST_DOM	
5713919	5713869	POST_DOM	
5713888	5713887	POST_DOM	
5713887	5713886	POST_DOM	
5713919	5713907	POST_DOM	
5713889	5713888	POST_DOM	
5713919	5713919	POST_DOM	
5713919	5713905	POST_DOM	
5713891	5713890	POST_DOM	
5713886	5713879	POST_DOM	
5713895	5713894	POST_DOM	
5713919	5713864	POST_DOM	
5713890	5713889	POST_DOM	
5713852	5713853	IS_FUNCTION_OF_AST	
5713852	5713918	IS_FUNCTION_OF_CFG	
5712396	5713852	IS_FILE_OF	
5713933	5713934	IS_AST_PARENT	
5713932	5713933	IS_AST_PARENT	
5713938	5713939	IS_AST_PARENT	
5713937	5713938	IS_AST_PARENT	
5713941	5713942	IS_AST_PARENT	
5713940	5713941	IS_AST_PARENT	
5713943	5713944	IS_AST_PARENT	
5713940	5713943	IS_AST_PARENT	
5713937	5713940	IS_AST_PARENT	
5713936	5713937	IS_AST_PARENT	
5713935	5713936	IS_AST_PARENT	
5713947	5713948	IS_AST_PARENT	
5713946	5713947	IS_AST_PARENT	
5713950	5713951	IS_AST_PARENT	
5713949	5713950	IS_AST_PARENT	
5713946	5713949	IS_AST_PARENT	
5713945	5713946	IS_AST_PARENT	
5713935	5713945	IS_AST_PARENT	
5713932	5713935	IS_AST_PARENT	
5713931	5713932	IS_AST_PARENT	
5713930	5713931	IS_AST_PARENT	
5713930	5713952	IS_AST_PARENT	
5713930	5713953	IS_AST_PARENT	
5713955	5713956	IS_AST_PARENT	
5713955	5713957	IS_AST_PARENT	
5713954	5713955	IS_AST_PARENT	
5713930	5713954	IS_AST_PARENT	
5713958	5713955	FLOWS_TO	
5713955	5713933	FLOWS_TO	
5713933	5713936	FLOWS_TO	
5713933	5713959	FLOWS_TO	
5713936	5713945	FLOWS_TO	
5713945	5713959	FLOWS_TO	
5713955	5713960	DEF	
5713933	5713960	USE	
5713936	5713960	USE	
5713941	5713960	USE	
5713945	5713960	USE	
5713950	5713960	USE	
5713936	5713961	USE	
5713943	5713961	USE	
5713955	5713933	REACHES	reg
5713955	5713936	REACHES	reg
5713955	5713945	REACHES	reg
5713958	5713955	CONTROLS	
5713958	5713933	CONTROLS	
5713933	5713936	CONTROLS	
5713933	5713945	CONTROLS	
5713958	5713958	DOM	
5713933	5713959	DOM	
5713933	5713936	DOM	
5713955	5713933	DOM	
5713936	5713945	DOM	
5713958	5713955	DOM	
5713959	5713959	POST_DOM	
5713955	5713958	POST_DOM	
5713945	5713936	POST_DOM	
5713959	5713933	POST_DOM	
5713959	5713945	POST_DOM	
5713933	5713955	POST_DOM	
5713929	5713930	IS_FUNCTION_OF_AST	
5713929	5713958	IS_FUNCTION_OF_CFG	
5712396	5713929	IS_FILE_OF	
5713966	5713967	IS_AST_PARENT	
5713966	5713968	IS_AST_PARENT	
5713965	5713966	IS_AST_PARENT	
5713964	5713965	IS_AST_PARENT	
5713970	5713971	IS_AST_PARENT	
5713970	5713972	IS_AST_PARENT	
5713973	5713974	IS_AST_PARENT	
5713976	5713977	IS_AST_PARENT	
5713975	5713976	IS_AST_PARENT	
5713979	5713980	IS_AST_PARENT	
5713978	5713979	IS_AST_PARENT	
5713975	5713978	IS_AST_PARENT	
5713973	5713975	IS_AST_PARENT	
5713970	5713973	IS_AST_PARENT	
5713969	5713970	IS_AST_PARENT	
5713964	5713969	IS_AST_PARENT	
5713982	5713983	IS_AST_PARENT	
5713982	5713984	IS_AST_PARENT	
5713981	5713982	IS_AST_PARENT	
5713964	5713981	IS_AST_PARENT	
5713987	5713988	IS_AST_PARENT	
5713987	5713989	IS_AST_PARENT	
5713986	5713987	IS_AST_PARENT	
5713985	5713986	IS_AST_PARENT	
5713991	5713992	IS_AST_PARENT	
5713990	5713991	IS_AST_PARENT	
5713985	5713990	IS_AST_PARENT	
5713964	5713985	IS_AST_PARENT	
5713995	5713996	IS_AST_PARENT	
5713995	5713997	IS_AST_PARENT	
5713994	5713995	IS_AST_PARENT	
5713993	5713994	IS_AST_PARENT	
5713999	5714000	IS_AST_PARENT	
5713999	5714001	IS_AST_PARENT	
5713998	5713999	IS_AST_PARENT	
5713993	5713998	IS_AST_PARENT	
5714002	5714003	IS_AST_PARENT	
5714002	5714004	IS_AST_PARENT	
5713993	5714002	IS_AST_PARENT	
5714007	5714008	IS_AST_PARENT	
5714010	5714011	IS_AST_PARENT	
5714009	5714010	IS_AST_PARENT	
5714013	5714014	IS_AST_PARENT	
5714012	5714013	IS_AST_PARENT	
5714009	5714012	IS_AST_PARENT	
5714007	5714009	IS_AST_PARENT	
5714006	5714007	IS_AST_PARENT	
5714005	5714006	IS_AST_PARENT	
5714017	5714018	IS_AST_PARENT	
5714017	5714019	IS_AST_PARENT	
5714016	5714017	IS_AST_PARENT	
5714015	5714016	IS_AST_PARENT	
5714023	5714024	IS_AST_PARENT	
5714022	5714023	IS_AST_PARENT	
5714026	5714027	IS_AST_PARENT	
5714025	5714026	IS_AST_PARENT	
5714022	5714025	IS_AST_PARENT	
5714021	5714022	IS_AST_PARENT	
5714020	5714021	IS_AST_PARENT	
5714028	5714029	IS_AST_PARENT	
5714020	5714028	IS_AST_PARENT	
5714015	5714020	IS_AST_PARENT	
5714005	5714015	IS_AST_PARENT	
5714034	5714035	IS_AST_PARENT	
5714034	5714036	IS_AST_PARENT	
5714033	5714034	IS_AST_PARENT	
5714033	5714037	IS_AST_PARENT	
5714032	5714033	IS_AST_PARENT	
5714032	5714038	IS_AST_PARENT	
5714031	5714032	IS_AST_PARENT	
5714040	5714041	IS_AST_PARENT	
5714039	5714040	IS_AST_PARENT	
5714044	5714045	IS_AST_PARENT	
5714044	5714046	IS_AST_PARENT	
5714043	5714044	IS_AST_PARENT	
5714042	5714043	IS_AST_PARENT	
5714039	5714042	IS_AST_PARENT	
5714031	5714039	IS_AST_PARENT	
5714030	5714031	IS_AST_PARENT	
5714005	5714030	IS_AST_PARENT	
5714051	5714052	IS_AST_PARENT	
5714051	5714053	IS_AST_PARENT	
5714050	5714051	IS_AST_PARENT	
5714050	5714054	IS_AST_PARENT	
5714049	5714050	IS_AST_PARENT	
5714049	5714055	IS_AST_PARENT	
5714048	5714049	IS_AST_PARENT	
5714057	5714058	IS_AST_PARENT	
5714056	5714057	IS_AST_PARENT	
5714061	5714062	IS_AST_PARENT	
5714061	5714063	IS_AST_PARENT	
5714060	5714061	IS_AST_PARENT	
5714059	5714060	IS_AST_PARENT	
5714056	5714059	IS_AST_PARENT	
5714048	5714056	IS_AST_PARENT	
5714047	5714048	IS_AST_PARENT	
5714005	5714047	IS_AST_PARENT	
5714066	5714067	IS_AST_PARENT	
5714065	5714066	IS_AST_PARENT	
5714072	5714073	IS_AST_PARENT	
5714072	5714074	IS_AST_PARENT	
5714071	5714072	IS_AST_PARENT	
5714071	5714075	IS_AST_PARENT	
5714070	5714071	IS_AST_PARENT	
5714070	5714076	IS_AST_PARENT	
5714069	5714070	IS_AST_PARENT	
5714068	5714069	IS_AST_PARENT	
5714077	5714078	IS_AST_PARENT	
5714068	5714077	IS_AST_PARENT	
5714065	5714068	IS_AST_PARENT	
5714064	5714065	IS_AST_PARENT	
5714005	5714064	IS_AST_PARENT	
5714083	5714084	IS_AST_PARENT	
5714083	5714085	IS_AST_PARENT	
5714082	5714083	IS_AST_PARENT	
5714082	5714086	IS_AST_PARENT	
5714081	5714082	IS_AST_PARENT	
5714081	5714087	IS_AST_PARENT	
5714080	5714081	IS_AST_PARENT	
5714080	5714088	IS_AST_PARENT	
5714079	5714080	IS_AST_PARENT	
5714005	5714079	IS_AST_PARENT	
5713993	5714005	IS_AST_PARENT	
5713964	5713993	IS_AST_PARENT	
5714091	5714092	IS_AST_PARENT	
5714090	5714091	IS_AST_PARENT	
5714094	5714095	IS_AST_PARENT	
5714093	5714094	IS_AST_PARENT	
5714090	5714093	IS_AST_PARENT	
5714089	5714090	IS_AST_PARENT	
5713964	5714089	IS_AST_PARENT	
5714098	5714099	IS_AST_PARENT	
5714098	5714100	IS_AST_PARENT	
5714097	5714098	IS_AST_PARENT	
5714096	5714097	IS_AST_PARENT	
5714102	5714103	IS_AST_PARENT	
5714102	5714104	IS_AST_PARENT	
5714101	5714102	IS_AST_PARENT	
5714096	5714101	IS_AST_PARENT	
5714105	5714106	IS_AST_PARENT	
5714105	5714107	IS_AST_PARENT	
5714096	5714105	IS_AST_PARENT	
5714113	5714114	IS_AST_PARENT	
5714113	5714115	IS_AST_PARENT	
5714112	5714113	IS_AST_PARENT	
5714112	5714116	IS_AST_PARENT	
5714111	5714112	IS_AST_PARENT	
5714111	5714117	IS_AST_PARENT	
5714110	5714111	IS_AST_PARENT	
5714119	5714120	IS_AST_PARENT	
5714118	5714119	IS_AST_PARENT	
5714125	5714126	IS_AST_PARENT	
5714125	5714127	IS_AST_PARENT	
5714124	5714125	IS_AST_PARENT	
5714124	5714128	IS_AST_PARENT	
5714123	5714124	IS_AST_PARENT	
5714123	5714129	IS_AST_PARENT	
5714122	5714123	IS_AST_PARENT	
5714121	5714122	IS_AST_PARENT	
5714118	5714121	IS_AST_PARENT	
5714110	5714118	IS_AST_PARENT	
5714109	5714110	IS_AST_PARENT	
5714108	5714109	IS_AST_PARENT	
5714096	5714108	IS_AST_PARENT	
5713964	5714096	IS_AST_PARENT	
5714130	5714131	IS_AST_PARENT	
5713964	5714130	IS_AST_PARENT	
5713963	5713964	IS_AST_PARENT	
5713963	5714132	IS_AST_PARENT	
5713963	5714133	IS_AST_PARENT	
5713963	5714134	IS_AST_PARENT	
5714135	5713965	FLOWS_TO	
5713965	5713969	FLOWS_TO	
5713969	5713981	FLOWS_TO	
5713981	5713986	FLOWS_TO	
5713986	5713991	FLOWS_TO	
5713986	5713994	FLOWS_TO	
5713991	5714136	FLOWS_TO	
5713998	5714006	FLOWS_TO	
5713998	5714089	FLOWS_TO	
5713994	5713998	FLOWS_TO	
5714002	5713998	FLOWS_TO	
5714006	5714016	FLOWS_TO	
5714016	5714021	FLOWS_TO	
5714016	5714030	FLOWS_TO	
5714021	5714028	FLOWS_TO	
5714028	5714136	FLOWS_TO	
5714030	5714047	FLOWS_TO	
5714047	5714064	FLOWS_TO	
5714064	5714079	FLOWS_TO	
5714079	5714002	FLOWS_TO	
5714089	5714097	FLOWS_TO	
5714101	5714109	FLOWS_TO	
5714101	5714130	FLOWS_TO	
5714097	5714101	FLOWS_TO	
5714105	5714101	FLOWS_TO	
5714109	5714105	FLOWS_TO	
5714130	5714136	FLOWS_TO	
5714030	5714137	DEF	
5714031	5714137	DEF	
5714030	5714137	USE	
5714032	5714137	USE	
5714047	5714137	USE	
5714049	5714137	USE	
5714047	5714137	DEF	
5714048	5714137	DEF	
5714064	5714137	USE	
5714070	5714137	USE	
5714069	5714137	USE	
5714079	5714137	DEF	
5714080	5714137	DEF	
5714079	5714137	USE	
5714081	5714137	USE	
5714109	5714137	USE	
5714111	5714137	USE	
5714109	5714137	DEF	
5714110	5714137	DEF	
5714122	5714137	USE	
5714123	5714137	USE	
5713991	5714138	USE	
5714028	5714138	USE	
5713969	5714139	USE	
5713979	5714139	USE	
5714030	5714140	USE	
5714031	5714140	USE	
5714047	5714140	USE	
5714048	5714140	USE	
5714109	5714141	DEF	
5714110	5714141	DEF	
5714109	5714142	USE	
5714110	5714142	USE	
5714030	5714143	DEF	
5714031	5714143	DEF	
5714030	5714143	USE	
5714032	5714143	USE	
5714047	5714143	DEF	
5714048	5714143	DEF	
5714047	5714143	USE	
5714049	5714143	USE	
5714064	5714143	USE	
5714070	5714143	USE	
5714069	5714143	USE	
5714079	5714143	DEF	
5714080	5714143	DEF	
5714079	5714143	USE	
5714081	5714143	USE	
5714109	5714143	DEF	
5714110	5714143	DEF	
5714109	5714143	USE	
5714111	5714143	USE	
5714122	5714143	USE	
5714123	5714143	USE	
5713981	5714144	DEF	
5713982	5714144	DEF	
5713998	5714144	USE	
5713994	5714144	DEF	
5713995	5714144	DEF	
5714002	5714144	USE	
5714002	5714144	DEF	
5714030	5714144	USE	
5714033	5714144	USE	
5714047	5714144	USE	
5714050	5714144	USE	
5714064	5714144	USE	
5714071	5714144	USE	
5714079	5714144	USE	
5714082	5714144	USE	
5714101	5714144	USE	
5714097	5714144	DEF	
5714098	5714144	DEF	
5714105	5714144	USE	
5714105	5714144	DEF	
5714109	5714144	USE	
5714112	5714144	USE	
5714124	5714144	USE	
5713998	5714145	USE	
5714101	5714145	USE	
5714006	5714146	USE	
5714007	5714146	USE	
5713965	5714147	DEF	
5713966	5714147	DEF	
5714006	5714147	DEF	
5714007	5714147	DEF	
5714016	5714147	USE	
5714064	5714147	USE	
5714077	5714147	USE	
5714079	5714147	USE	
5714080	5714147	USE	
5714030	5714148	USE	
5714043	5714148	USE	
5714030	5714149	USE	
5714033	5714149	USE	
5714047	5714149	USE	
5714050	5714149	USE	
5714064	5714149	USE	
5714071	5714149	USE	
5714079	5714149	USE	
5714082	5714149	USE	
5714109	5714149	USE	
5714124	5714149	USE	
5714112	5714149	USE	
5713969	5714150	USE	
5713973	5714150	USE	
5714047	5714151	USE	
5714060	5714151	USE	
5714030	5714152	DEF	
5714031	5714152	DEF	
5714030	5714152	USE	
5714032	5714152	USE	
5714047	5714152	DEF	
5714048	5714152	DEF	
5714047	5714152	USE	
5714049	5714152	USE	
5714064	5714152	USE	
5714069	5714152	USE	
5714070	5714152	USE	
5714079	5714152	USE	
5714081	5714152	USE	
5714079	5714152	DEF	
5714080	5714152	DEF	
5714109	5714152	USE	
5714111	5714152	USE	
5714122	5714152	USE	
5714109	5714152	DEF	
5714110	5714152	DEF	
5714123	5714152	USE	
5713969	5714153	DEF	
5713970	5714153	DEF	
5713973	5714153	DEF	
5713986	5714153	USE	
5714021	5714153	USE	
5714026	5714153	USE	
5714030	5714153	USE	
5714034	5714153	USE	
5714047	5714153	USE	
5714051	5714153	USE	
5714064	5714153	USE	
5714072	5714153	USE	
5714079	5714153	USE	
5714083	5714153	USE	
5714089	5714153	USE	
5714094	5714153	USE	
5714109	5714153	USE	
5714113	5714153	USE	
5714125	5714153	USE	
5714130	5714153	USE	
5714047	5714154	DEF	
5714048	5714154	DEF	
5714030	5714155	USE	
5714033	5714155	USE	
5714047	5714155	USE	
5714050	5714155	USE	
5714064	5714155	USE	
5714071	5714155	USE	
5714079	5714155	USE	
5714082	5714155	USE	
5714109	5714155	USE	
5714124	5714155	USE	
5714112	5714155	USE	
5714079	5714156	DEF	
5714080	5714156	DEF	
5714030	5714157	DEF	
5714031	5714157	DEF	
5714064	5714157	USE	
5714069	5714157	USE	
5714109	5714157	USE	
5714122	5714157	USE	
5714006	5714016	REACHES	arena
5714006	5714064	REACHES	arena
5714006	5714079	REACHES	arena
5713969	5714030	REACHES	reg
5713969	5713986	REACHES	reg
5713969	5714021	REACHES	reg
5713969	5714047	REACHES	reg
5713969	5714064	REACHES	reg
5713969	5714079	REACHES	reg
5713969	5714089	REACHES	reg
5713969	5714109	REACHES	reg
5713969	5714130	REACHES	reg
5714079	5714030	REACHES	* reg -> regset
5714030	5714047	REACHES	* reg -> regset
5714047	5714064	REACHES	* reg -> regset
5714047	5714079	REACHES	* reg -> regset
5714079	5714109	REACHES	* reg -> regset
5714109	5714109	REACHES	* reg -> regset
5714079	5714030	REACHES	* * reg
5714030	5714047	REACHES	* * reg
5714047	5714064	REACHES	* * reg
5714047	5714079	REACHES	* * reg
5714109	5714109	REACHES	* * reg
5714079	5714109	REACHES	* * reg
5713994	5714030	REACHES	i
5713994	5714002	REACHES	i
5713994	5713998	REACHES	i
5714002	5713998	REACHES	i
5714002	5714002	REACHES	i
5714002	5714030	REACHES	i
5714105	5714105	REACHES	i
5713994	5714079	REACHES	i
5714097	5714101	REACHES	i
5714105	5714101	REACHES	i
5713994	5714047	REACHES	i
5714097	5714105	REACHES	i
5714002	5714047	REACHES	i
5713994	5714064	REACHES	i
5714097	5714109	REACHES	i
5714105	5714109	REACHES	i
5714002	5714079	REACHES	i
5714002	5714064	REACHES	i
5714079	5714030	REACHES	* i
5714030	5714047	REACHES	* i
5714047	5714064	REACHES	* i
5714047	5714079	REACHES	* i
5714079	5714109	REACHES	* i
5714109	5714109	REACHES	* i
5714030	5714064	REACHES	reg -> regset [ i ] . pool
5714030	5714109	REACHES	reg -> regset [ i ] . pool
5714135	5713965	CONTROLS	
5714135	5713969	CONTROLS	
5714135	5713981	CONTROLS	
5714135	5713986	CONTROLS	
5713986	5713991	CONTROLS	
5713986	5713994	CONTROLS	
5713986	5713998	CONTROLS	
5713998	5714006	CONTROLS	
5713998	5714016	CONTROLS	
5713998	5714089	CONTROLS	
5713998	5714097	CONTROLS	
5713998	5714101	CONTROLS	
5713998	5714130	CONTROLS	
5714016	5714021	CONTROLS	
5714016	5714028	CONTROLS	
5714016	5714030	CONTROLS	
5714016	5714047	CONTROLS	
5714016	5714064	CONTROLS	
5714016	5714079	CONTROLS	
5714016	5714002	CONTROLS	
5714016	5713998	CONTROLS	
5714101	5714109	CONTROLS	
5714101	5714105	CONTROLS	
5713986	5713991	DOM	
5714135	5713965	DOM	
5714006	5714016	DOM	
5714101	5714109	DOM	
5713994	5713998	DOM	
5713965	5713969	DOM	
5714101	5714130	DOM	
5714016	5714021	DOM	
5714030	5714047	DOM	
5713998	5714006	DOM	
5714097	5714101	DOM	
5713986	5714136	DOM	
5714047	5714064	DOM	
5714016	5714030	DOM	
5713998	5714089	DOM	
5714089	5714097	DOM	
5713969	5713981	DOM	
5713981	5713986	DOM	
5714109	5714105	DOM	
5713986	5713994	DOM	
5714064	5714079	DOM	
5714021	5714028	DOM	
5714135	5714135	DOM	
5714079	5714002	DOM	
5714136	5713991	POST_DOM	
5713969	5713965	POST_DOM	
5714136	5714016	POST_DOM	
5714105	5714109	POST_DOM	
5714136	5713998	POST_DOM	
5713981	5713969	POST_DOM	
5714136	5714130	POST_DOM	
5714028	5714021	POST_DOM	
5714064	5714047	POST_DOM	
5714016	5714006	POST_DOM	
5714130	5714101	POST_DOM	
5714136	5714136	POST_DOM	
5714079	5714064	POST_DOM	
5714047	5714030	POST_DOM	
5714101	5714097	POST_DOM	
5714097	5714089	POST_DOM	
5713986	5713981	POST_DOM	
5714136	5713986	POST_DOM	
5714101	5714105	POST_DOM	
5713998	5713994	POST_DOM	
5714002	5714079	POST_DOM	
5714136	5714028	POST_DOM	
5713965	5714135	POST_DOM	
5713998	5714002	POST_DOM	
5713962	5713963	IS_FUNCTION_OF_AST	
5713962	5714135	IS_FUNCTION_OF_CFG	
5712396	5713962	IS_FILE_OF	
5714162	5714163	IS_AST_PARENT	
5714162	5714164	IS_AST_PARENT	
5714161	5714162	IS_AST_PARENT	
5714160	5714161	IS_AST_PARENT	
5714166	5714167	IS_AST_PARENT	
5714166	5714168	IS_AST_PARENT	
5714165	5714166	IS_AST_PARENT	
5714160	5714165	IS_AST_PARENT	
5714171	5714172	IS_AST_PARENT	
5714173	5714174	IS_AST_PARENT	
5714173	5714175	IS_AST_PARENT	
5714171	5714173	IS_AST_PARENT	
5714170	5714171	IS_AST_PARENT	
5714169	5714170	IS_AST_PARENT	
5714177	5714178	IS_AST_PARENT	
5714176	5714177	IS_AST_PARENT	
5714169	5714176	IS_AST_PARENT	
5714160	5714169	IS_AST_PARENT	
5714160	5714179	IS_AST_PARENT	
5714160	5714180	IS_AST_PARENT	
5714160	5714181	IS_AST_PARENT	
5714160	5714182	IS_AST_PARENT	
5714160	5714183	IS_AST_PARENT	
5714160	5714184	IS_AST_PARENT	
5714160	5714185	IS_AST_PARENT	
5714160	5714186	IS_AST_PARENT	
5714160	5714187	IS_AST_PARENT	
5714160	5714188	IS_AST_PARENT	
5714192	5714193	IS_AST_PARENT	
5714195	5714196	IS_AST_PARENT	
5714194	5714195	IS_AST_PARENT	
5714199	5714200	IS_AST_PARENT	
5714199	5714201	IS_AST_PARENT	
5714198	5714199	IS_AST_PARENT	
5714197	5714198	IS_AST_PARENT	
5714202	5714203	IS_AST_PARENT	
5714197	5714202	IS_AST_PARENT	
5714194	5714197	IS_AST_PARENT	
5714192	5714194	IS_AST_PARENT	
5714191	5714192	IS_AST_PARENT	
5714190	5714191	IS_AST_PARENT	
5714205	5714206	IS_AST_PARENT	
5714204	5714205	IS_AST_PARENT	
5714190	5714204	IS_AST_PARENT	
5714189	5714190	IS_AST_PARENT	
5714160	5714189	IS_AST_PARENT	
5714207	5714208	IS_AST_PARENT	
5714160	5714207	IS_AST_PARENT	
5714159	5714160	IS_AST_PARENT	
5714159	5714209	IS_AST_PARENT	
5714159	5714210	IS_AST_PARENT	
5714212	5714213	IS_AST_PARENT	
5714212	5714214	IS_AST_PARENT	
5714211	5714212	IS_AST_PARENT	
5714215	5714216	IS_AST_PARENT	
5714215	5714217	IS_AST_PARENT	
5714211	5714215	IS_AST_PARENT	
5714159	5714211	IS_AST_PARENT	
5714218	5714212	FLOWS_TO	
5714212	5714215	FLOWS_TO	
5714215	5714161	FLOWS_TO	
5714161	5714165	FLOWS_TO	
5714165	5714170	FLOWS_TO	
5714170	5714177	FLOWS_TO	
5714170	5714179	FLOWS_TO	
5714177	5714219	FLOWS_TO	
5714179	5714180	FLOWS_TO	
5714180	5714181	FLOWS_TO	
5714181	5714182	FLOWS_TO	
5714182	5714183	FLOWS_TO	
5714183	5714184	FLOWS_TO	
5714184	5714185	FLOWS_TO	
5714185	5714186	FLOWS_TO	
5714186	5714187	FLOWS_TO	
5714187	5714188	FLOWS_TO	
5714188	5714191	FLOWS_TO	
5714191	5714205	FLOWS_TO	
5714191	5714207	FLOWS_TO	
5714205	5714219	FLOWS_TO	
5714207	5714219	FLOWS_TO	
5714191	5714220	USE	
5714215	5714221	DEF	
5714191	5714221	USE	
5714199	5714221	USE	
5714212	5714222	DEF	
5714170	5714222	USE	
5714173	5714222	USE	
5714191	5714223	USE	
5714198	5714223	USE	
5714191	5714224	USE	
5714198	5714224	USE	
5714161	5714225	DEF	
5714162	5714225	DEF	
5714191	5714225	USE	
5714202	5714225	USE	
5714177	5714226	USE	
5714207	5714226	USE	
5714205	5714227	USE	
5714165	5714228	DEF	
5714166	5714228	DEF	
5714170	5714229	USE	
5714170	5714230	USE	
5714215	5714191	REACHES	item
5714212	5714170	REACHES	reg
5714161	5714191	REACHES	name
5714218	5714212	CONTROLS	
5714218	5714215	CONTROLS	
5714218	5714161	CONTROLS	
5714218	5714165	CONTROLS	
5714218	5714170	CONTROLS	
5714170	5714177	CONTROLS	
5714170	5714179	CONTROLS	
5714170	5714180	CONTROLS	
5714170	5714181	CONTROLS	
5714170	5714182	CONTROLS	
5714170	5714183	CONTROLS	
5714170	5714184	CONTROLS	
5714170	5714185	CONTROLS	
5714170	5714186	CONTROLS	
5714170	5714187	CONTROLS	
5714170	5714188	CONTROLS	
5714170	5714191	CONTROLS	
5714191	5714205	CONTROLS	
5714191	5714207	CONTROLS	
5714212	5714215	DOM	
5714170	5714177	DOM	
5714179	5714180	DOM	
5714182	5714183	DOM	
5714170	5714219	DOM	
5714215	5714161	DOM	
5714191	5714205	DOM	
5714188	5714191	DOM	
5714181	5714182	DOM	
5714180	5714181	DOM	
5714184	5714185	DOM	
5714186	5714187	DOM	
5714161	5714165	DOM	
5714183	5714184	DOM	
5714165	5714170	DOM	
5714218	5714218	DOM	
5714187	5714188	DOM	
5714218	5714212	DOM	
5714191	5714207	DOM	
5714170	5714179	DOM	
5714185	5714186	DOM	
5714161	5714215	POST_DOM	
5714219	5714177	POST_DOM	
5714181	5714180	POST_DOM	
5714184	5714183	POST_DOM	
5714219	5714219	POST_DOM	
5714165	5714161	POST_DOM	
5714219	5714205	POST_DOM	
5714219	5714191	POST_DOM	
5714183	5714182	POST_DOM	
5714188	5714187	POST_DOM	
5714186	5714185	POST_DOM	
5714182	5714181	POST_DOM	
5714170	5714165	POST_DOM	
5714185	5714184	POST_DOM	
5714219	5714170	POST_DOM	
5714212	5714218	POST_DOM	
5714191	5714188	POST_DOM	
5714215	5714212	POST_DOM	
5714219	5714207	POST_DOM	
5714180	5714179	POST_DOM	
5714187	5714186	POST_DOM	
5714158	5714159	IS_FUNCTION_OF_AST	
5714158	5714218	IS_FUNCTION_OF_CFG	
5712396	5714158	IS_FILE_OF	
5714236	5714237	IS_AST_PARENT	
5714235	5714236	IS_AST_PARENT	
5714239	5714240	IS_AST_PARENT	
5714238	5714239	IS_AST_PARENT	
5714243	5714244	IS_AST_PARENT	
5714242	5714243	IS_AST_PARENT	
5714246	5714247	IS_AST_PARENT	
5714245	5714246	IS_AST_PARENT	
5714248	5714249	IS_AST_PARENT	
5714245	5714248	IS_AST_PARENT	
5714251	5714252	IS_AST_PARENT	
5714251	5714253	IS_AST_PARENT	
5714250	5714251	IS_AST_PARENT	
5714245	5714250	IS_AST_PARENT	
5714242	5714245	IS_AST_PARENT	
5714241	5714242	IS_AST_PARENT	
5714238	5714241	IS_AST_PARENT	
5714254	5714255	IS_AST_PARENT	
5714238	5714254	IS_AST_PARENT	
5714235	5714238	IS_AST_PARENT	
5714234	5714235	IS_AST_PARENT	
5714233	5714234	IS_AST_PARENT	
5714232	5714233	IS_AST_PARENT	
5714232	5714256	IS_AST_PARENT	
5714232	5714257	IS_AST_PARENT	
5714259	5714260	IS_AST_PARENT	
5714259	5714261	IS_AST_PARENT	
5714258	5714259	IS_AST_PARENT	
5714262	5714263	IS_AST_PARENT	
5714262	5714264	IS_AST_PARENT	
5714258	5714262	IS_AST_PARENT	
5714265	5714266	IS_AST_PARENT	
5714265	5714267	IS_AST_PARENT	
5714258	5714265	IS_AST_PARENT	
5714232	5714258	IS_AST_PARENT	
5714268	5714259	FLOWS_TO	
5714259	5714262	FLOWS_TO	
5714262	5714265	FLOWS_TO	
5714265	5714234	FLOWS_TO	
5714234	5714269	FLOWS_TO	
5714265	5714270	DEF	
5714234	5714270	USE	
5714254	5714270	USE	
5714259	5714271	DEF	
5714234	5714271	USE	
5714239	5714271	USE	
5714246	5714271	USE	
5714262	5714272	DEF	
5714234	5714272	USE	
5714248	5714272	USE	
5714234	5714273	USE	
5714234	5714274	USE	
5714241	5714274	USE	
5714265	5714234	REACHES	val
5714259	5714234	REACHES	reg
5714262	5714234	REACHES	name
5714268	5714259	CONTROLS	
5714268	5714262	CONTROLS	
5714268	5714265	CONTROLS	
5714268	5714234	CONTROLS	
5714262	5714265	DOM	
5714259	5714262	DOM	
5714268	5714268	DOM	
5714234	5714269	DOM	
5714265	5714234	DOM	
5714268	5714259	DOM	
5714234	5714265	POST_DOM	
5714265	5714262	POST_DOM	
5714259	5714268	POST_DOM	
5714269	5714269	POST_DOM	
5714269	5714234	POST_DOM	
5714262	5714259	POST_DOM	
5714231	5714232	IS_FUNCTION_OF_AST	
5714231	5714268	IS_FUNCTION_OF_CFG	
5712396	5714231	IS_FILE_OF	
5714280	5714281	IS_AST_PARENT	
5714279	5714280	IS_AST_PARENT	
5714283	5714284	IS_AST_PARENT	
5714282	5714283	IS_AST_PARENT	
5714287	5714288	IS_AST_PARENT	
5714286	5714287	IS_AST_PARENT	
5714290	5714291	IS_AST_PARENT	
5714289	5714290	IS_AST_PARENT	
5714292	5714293	IS_AST_PARENT	
5714289	5714292	IS_AST_PARENT	
5714295	5714296	IS_AST_PARENT	
5714295	5714297	IS_AST_PARENT	
5714294	5714295	IS_AST_PARENT	
5714289	5714294	IS_AST_PARENT	
5714286	5714289	IS_AST_PARENT	
5714285	5714286	IS_AST_PARENT	
5714282	5714285	IS_AST_PARENT	
5714279	5714282	IS_AST_PARENT	
5714278	5714279	IS_AST_PARENT	
5714277	5714278	IS_AST_PARENT	
5714276	5714277	IS_AST_PARENT	
5714276	5714298	IS_AST_PARENT	
5714276	5714299	IS_AST_PARENT	
5714301	5714302	IS_AST_PARENT	
5714301	5714303	IS_AST_PARENT	
5714300	5714301	IS_AST_PARENT	
5714304	5714305	IS_AST_PARENT	
5714304	5714306	IS_AST_PARENT	
5714300	5714304	IS_AST_PARENT	
5714276	5714300	IS_AST_PARENT	
5714307	5714301	FLOWS_TO	
5714301	5714304	FLOWS_TO	
5714304	5714278	FLOWS_TO	
5714278	5714308	FLOWS_TO	
5714278	5714309	USE	
5714301	5714310	DEF	
5714278	5714310	USE	
5714283	5714310	USE	
5714290	5714310	USE	
5714304	5714311	DEF	
5714278	5714311	USE	
5714292	5714311	USE	
5714278	5714312	USE	
5714285	5714312	USE	
5714301	5714278	REACHES	reg
5714304	5714278	REACHES	name
5714307	5714301	CONTROLS	
5714307	5714304	CONTROLS	
5714307	5714278	CONTROLS	
5714301	5714304	DOM	
5714307	5714307	DOM	
5714307	5714301	DOM	
5714304	5714278	DOM	
5714278	5714308	DOM	
5714278	5714304	POST_DOM	
5714301	5714307	POST_DOM	
5714304	5714301	POST_DOM	
5714308	5714278	POST_DOM	
5714308	5714308	POST_DOM	
5714275	5714276	IS_FUNCTION_OF_AST	
5714275	5714307	IS_FUNCTION_OF_CFG	
5712396	5714275	IS_FILE_OF	
5714317	5714318	IS_AST_PARENT	
5714317	5714319	IS_AST_PARENT	
5714316	5714317	IS_AST_PARENT	
5714320	5714321	IS_AST_PARENT	
5714320	5714322	IS_AST_PARENT	
5714316	5714320	IS_AST_PARENT	
5714315	5714316	IS_AST_PARENT	
5714325	5714326	IS_AST_PARENT	
5714324	5714325	IS_AST_PARENT	
5714329	5714330	IS_AST_PARENT	
5714329	5714331	IS_AST_PARENT	
5714328	5714329	IS_AST_PARENT	
5714327	5714328	IS_AST_PARENT	
5714332	5714333	IS_AST_PARENT	
5714327	5714332	IS_AST_PARENT	
5714324	5714327	IS_AST_PARENT	
5714323	5714324	IS_AST_PARENT	
5714315	5714323	IS_AST_PARENT	
5714336	5714337	IS_AST_PARENT	
5714336	5714338	IS_AST_PARENT	
5714335	5714336	IS_AST_PARENT	
5714334	5714335	IS_AST_PARENT	
5714341	5714342	IS_AST_PARENT	
5714341	5714343	IS_AST_PARENT	
5714340	5714341	IS_AST_PARENT	
5714339	5714340	IS_AST_PARENT	
5714334	5714339	IS_AST_PARENT	
5714315	5714334	IS_AST_PARENT	
5714346	5714347	IS_AST_PARENT	
5714348	5714349	IS_AST_PARENT	
5714348	5714350	IS_AST_PARENT	
5714346	5714348	IS_AST_PARENT	
5714345	5714346	IS_AST_PARENT	
5714344	5714345	IS_AST_PARENT	
5714353	5714354	IS_AST_PARENT	
5714353	5714355	IS_AST_PARENT	
5714352	5714353	IS_AST_PARENT	
5714351	5714352	IS_AST_PARENT	
5714357	5714358	IS_AST_PARENT	
5714357	5714359	IS_AST_PARENT	
5714356	5714357	IS_AST_PARENT	
5714351	5714356	IS_AST_PARENT	
5714361	5714362	IS_AST_PARENT	
5714361	5714363	IS_AST_PARENT	
5714364	5714365	IS_AST_PARENT	
5714367	5714368	IS_AST_PARENT	
5714366	5714367	IS_AST_PARENT	
5714370	5714371	IS_AST_PARENT	
5714369	5714370	IS_AST_PARENT	
5714366	5714369	IS_AST_PARENT	
5714364	5714366	IS_AST_PARENT	
5714361	5714364	IS_AST_PARENT	
5714360	5714361	IS_AST_PARENT	
5714351	5714360	IS_AST_PARENT	
5714374	5714375	IS_AST_PARENT	
5714376	5714377	IS_AST_PARENT	
5714376	5714378	IS_AST_PARENT	
5714374	5714376	IS_AST_PARENT	
5714373	5714374	IS_AST_PARENT	
5714372	5714373	IS_AST_PARENT	
5714381	5714382	IS_AST_PARENT	
5714381	5714383	IS_AST_PARENT	
5714384	5714385	IS_AST_PARENT	
5714387	5714388	IS_AST_PARENT	
5714386	5714387	IS_AST_PARENT	
5714390	5714391	IS_AST_PARENT	
5714389	5714390	IS_AST_PARENT	
5714392	5714393	IS_AST_PARENT	
5714389	5714392	IS_AST_PARENT	
5714386	5714389	IS_AST_PARENT	
5714384	5714386	IS_AST_PARENT	
5714381	5714384	IS_AST_PARENT	
5714380	5714381	IS_AST_PARENT	
5714379	5714380	IS_AST_PARENT	
5714395	5714396	IS_AST_PARENT	
5714394	5714395	IS_AST_PARENT	
5714399	5714400	IS_AST_PARENT	
5714399	5714401	IS_AST_PARENT	
5714398	5714399	IS_AST_PARENT	
5714397	5714398	IS_AST_PARENT	
5714394	5714397	IS_AST_PARENT	
5714379	5714394	IS_AST_PARENT	
5714372	5714379	IS_AST_PARENT	
5714351	5714372	IS_AST_PARENT	
5714344	5714351	IS_AST_PARENT	
5714405	5714406	IS_AST_PARENT	
5714405	5714407	IS_AST_PARENT	
5714404	5714405	IS_AST_PARENT	
5714403	5714404	IS_AST_PARENT	
5714409	5714410	IS_AST_PARENT	
5714411	5714412	IS_AST_PARENT	
5714411	5714413	IS_AST_PARENT	
5714409	5714411	IS_AST_PARENT	
5714408	5714409	IS_AST_PARENT	
5714403	5714408	IS_AST_PARENT	
5714402	5714403	IS_AST_PARENT	
5714344	5714402	IS_AST_PARENT	
5714315	5714344	IS_AST_PARENT	
5714416	5714417	IS_AST_PARENT	
5714416	5714418	IS_AST_PARENT	
5714415	5714416	IS_AST_PARENT	
5714414	5714415	IS_AST_PARENT	
5714419	5714420	IS_AST_PARENT	
5714419	5714421	IS_AST_PARENT	
5714414	5714419	IS_AST_PARENT	
5714424	5714425	IS_AST_PARENT	
5714424	5714426	IS_AST_PARENT	
5714427	5714428	IS_AST_PARENT	
5714431	5714432	IS_AST_PARENT	
5714431	5714433	IS_AST_PARENT	
5714430	5714431	IS_AST_PARENT	
5714430	5714434	IS_AST_PARENT	
5714429	5714430	IS_AST_PARENT	
5714429	5714435	IS_AST_PARENT	
5714427	5714429	IS_AST_PARENT	
5714424	5714427	IS_AST_PARENT	
5714423	5714424	IS_AST_PARENT	
5714422	5714423	IS_AST_PARENT	
5714437	5714438	IS_AST_PARENT	
5714436	5714437	IS_AST_PARENT	
5714441	5714442	IS_AST_PARENT	
5714441	5714443	IS_AST_PARENT	
5714444	5714445	IS_AST_PARENT	
5714444	5714446	IS_AST_PARENT	
5714441	5714444	IS_AST_PARENT	
5714440	5714441	IS_AST_PARENT	
5714439	5714440	IS_AST_PARENT	
5714448	5714449	IS_AST_PARENT	
5714448	5714450	IS_AST_PARENT	
5714451	5714452	IS_AST_PARENT	
5714454	5714455	IS_AST_PARENT	
5714453	5714454	IS_AST_PARENT	
5714457	5714458	IS_AST_PARENT	
5714456	5714457	IS_AST_PARENT	
5714459	5714460	IS_AST_PARENT	
5714456	5714459	IS_AST_PARENT	
5714462	5714463	IS_AST_PARENT	
5714462	5714464	IS_AST_PARENT	
5714461	5714462	IS_AST_PARENT	
5714456	5714461	IS_AST_PARENT	
5714453	5714456	IS_AST_PARENT	
5714451	5714453	IS_AST_PARENT	
5714448	5714451	IS_AST_PARENT	
5714447	5714448	IS_AST_PARENT	
5714439	5714447	IS_AST_PARENT	
5714466	5714467	IS_AST_PARENT	
5714465	5714466	IS_AST_PARENT	
5714469	5714470	IS_AST_PARENT	
5714468	5714469	IS_AST_PARENT	
5714465	5714468	IS_AST_PARENT	
5714439	5714465	IS_AST_PARENT	
5714436	5714439	IS_AST_PARENT	
5714422	5714436	IS_AST_PARENT	
5714414	5714422	IS_AST_PARENT	
5714315	5714414	IS_AST_PARENT	
5714471	5714472	IS_AST_PARENT	
5714315	5714471	IS_AST_PARENT	
5714314	5714315	IS_AST_PARENT	
5714314	5714473	IS_AST_PARENT	
5714314	5714474	IS_AST_PARENT	
5714476	5714477	IS_AST_PARENT	
5714476	5714478	IS_AST_PARENT	
5714475	5714476	IS_AST_PARENT	
5714479	5714480	IS_AST_PARENT	
5714479	5714481	IS_AST_PARENT	
5714475	5714479	IS_AST_PARENT	
5714482	5714483	IS_AST_PARENT	
5714482	5714484	IS_AST_PARENT	
5714475	5714482	IS_AST_PARENT	
5714314	5714475	IS_AST_PARENT	
5714485	5714476	FLOWS_TO	
5714476	5714479	FLOWS_TO	
5714479	5714482	FLOWS_TO	
5714482	5714316	FLOWS_TO	
5714316	5714323	FLOWS_TO	
5714323	5714335	FLOWS_TO	
5714335	5714340	FLOWS_TO	
5714335	5714345	FLOWS_TO	
5714340	5714345	FLOWS_TO	
5714345	5714352	FLOWS_TO	
5714345	5714404	FLOWS_TO	
5714352	5714356	FLOWS_TO	
5714356	5714360	FLOWS_TO	
5714360	5714373	FLOWS_TO	
5714373	5714380	FLOWS_TO	
5714373	5714415	FLOWS_TO	
5714380	5714395	FLOWS_TO	
5714395	5714398	FLOWS_TO	
5714395	5714415	FLOWS_TO	
5714398	5714415	FLOWS_TO	
5714404	5714408	FLOWS_TO	
5714408	5714415	FLOWS_TO	
5714415	5714423	FLOWS_TO	
5714415	5714471	FLOWS_TO	
5714419	5714415	FLOWS_TO	
5714423	5714437	FLOWS_TO	
5714437	5714440	FLOWS_TO	
5714437	5714419	FLOWS_TO	
5714440	5714447	FLOWS_TO	
5714447	5714466	FLOWS_TO	
5714466	5714469	FLOWS_TO	
5714466	5714419	FLOWS_TO	
5714469	5714486	FLOWS_TO	
5714471	5714486	FLOWS_TO	
5714423	5714487	DEF	
5714424	5714487	DEF	
5714427	5714487	DEF	
5714437	5714487	USE	
5714447	5714487	USE	
5714457	5714487	USE	
5714482	5714488	DEF	
5714335	5714488	USE	
5714340	5714488	DEF	
5714341	5714488	DEF	
5714345	5714488	USE	
5714404	5714488	USE	
5714405	5714488	USE	
5714408	5714488	USE	
5714409	5714488	USE	
5714423	5714489	USE	
5714427	5714489	USE	
5714447	5714490	USE	
5714451	5714490	USE	
5714423	5714491	USE	
5714430	5714491	USE	
5714447	5714492	USE	
5714461	5714492	USE	
5714440	5714493	DEF	
5714441	5714493	DEF	
5714466	5714493	USE	
5714476	5714494	DEF	
5714323	5714494	USE	
5714328	5714494	USE	
5714380	5714494	USE	
5714390	5714494	USE	
5714423	5714494	USE	
5714431	5714494	USE	
5714335	5714495	USE	
5714360	5714496	DEF	
5714361	5714496	DEF	
5714364	5714496	DEF	
5714373	5714496	USE	
5714380	5714496	USE	
5714392	5714496	USE	
5714340	5714497	USE	
5714341	5714497	USE	
5714423	5714498	USE	
5714429	5714498	USE	
5714427	5714498	USE	
5714447	5714499	DEF	
5714448	5714499	DEF	
5714451	5714499	DEF	
5714469	5714499	USE	
5714323	5714500	USE	
5714332	5714500	USE	
5714471	5714500	USE	
5714316	5714501	DEF	
5714320	5714501	DEF	
5714356	5714501	DEF	
5714357	5714501	DEF	
5714408	5714501	DEF	
5714409	5714501	DEF	
5714415	5714501	USE	
5714423	5714502	USE	
5714429	5714502	USE	
5714427	5714502	USE	
5714440	5714503	DEF	
5714444	5714503	DEF	
5714440	5714503	USE	
5714444	5714503	USE	
5714316	5714504	DEF	
5714317	5714504	DEF	
5714352	5714504	DEF	
5714353	5714504	DEF	
5714404	5714504	DEF	
5714405	5714504	DEF	
5714415	5714504	USE	
5714419	5714504	DEF	
5714419	5714504	USE	
5714423	5714504	USE	
5714430	5714504	USE	
5714356	5714505	USE	
5714357	5714505	USE	
5714360	5714506	USE	
5714364	5714506	USE	
5714423	5714507	USE	
5714429	5714507	USE	
5714427	5714507	USE	
5714380	5714508	USE	
5714384	5714508	USE	
5714479	5714509	DEF	
5714323	5714509	USE	
5714328	5714509	USE	
5714360	5714509	USE	
5714370	5714509	USE	
5714398	5714509	DEF	
5714399	5714509	DEF	
5714447	5714509	USE	
5714459	5714509	USE	
5714380	5714510	DEF	
5714381	5714510	DEF	
5714384	5714510	DEF	
5714395	5714510	USE	
5714398	5714510	USE	
5714399	5714510	USE	
5714423	5714511	USE	
5714430	5714511	USE	
5714423	5714437	REACHES	pp
5714423	5714447	REACHES	pp
5714482	5714335	REACHES	type
5714340	5714345	REACHES	type
5714482	5714345	REACHES	type
5714340	5714404	REACHES	type
5714482	5714404	REACHES	type
5714340	5714408	REACHES	type
5714482	5714408	REACHES	type
5714440	5714466	REACHES	found
5714476	5714323	REACHES	reg
5714476	5714380	REACHES	reg
5714476	5714423	REACHES	reg
5714360	5714373	REACHES	alias
5714360	5714380	REACHES	alias
5714447	5714469	REACHES	item
5714408	5714415	REACHES	e
5714356	5714415	REACHES	e
5714440	5714440	REACHES	false
5714352	5714415	REACHES	i
5714419	5714415	REACHES	i
5714404	5714415	REACHES	i
5714419	5714419	REACHES	i
5714352	5714419	REACHES	i
5714404	5714419	REACHES	i
5714419	5714423	REACHES	i
5714352	5714423	REACHES	i
5714404	5714423	REACHES	i
5714479	5714323	REACHES	name
5714479	5714360	REACHES	name
5714380	5714395	REACHES	nname
5714380	5714398	REACHES	nname
5714479	5714447	REACHES	name
5714398	5714447	REACHES	name
5714485	5714476	CONTROLS	
5714485	5714479	CONTROLS	
5714485	5714482	CONTROLS	
5714485	5714316	CONTROLS	
5714485	5714323	CONTROLS	
5714485	5714335	CONTROLS	
5714485	5714345	CONTROLS	
5714485	5714415	CONTROLS	
5714335	5714340	CONTROLS	
5714345	5714352	CONTROLS	
5714345	5714356	CONTROLS	
5714345	5714360	CONTROLS	
5714345	5714373	CONTROLS	
5714345	5714404	CONTROLS	
5714345	5714408	CONTROLS	
5714373	5714380	CONTROLS	
5714373	5714395	CONTROLS	
5714395	5714398	CONTROLS	
5714415	5714423	CONTROLS	
5714415	5714437	CONTROLS	
5714415	5714471	CONTROLS	
5714437	5714440	CONTROLS	
5714437	5714447	CONTROLS	
5714437	5714466	CONTROLS	
5714437	5714419	CONTROLS	
5714437	5714415	CONTROLS	
5714466	5714469	CONTROLS	
5714466	5714419	CONTROLS	
5714466	5714415	CONTROLS	
5714482	5714316	DOM	
5714316	5714323	DOM	
5714415	5714486	DOM	
5714485	5714485	DOM	
5714335	5714340	DOM	
5714404	5714408	DOM	
5714395	5714398	DOM	
5714345	5714415	DOM	
5714345	5714352	DOM	
5714373	5714380	DOM	
5714345	5714404	DOM	
5714485	5714476	DOM	
5714423	5714437	DOM	
5714415	5714423	DOM	
5714437	5714419	DOM	
5714466	5714469	DOM	
5714335	5714345	DOM	
5714440	5714447	DOM	
5714356	5714360	DOM	
5714380	5714395	DOM	
5714437	5714440	DOM	
5714323	5714335	DOM	
5714479	5714482	DOM	
5714415	5714471	DOM	
5714476	5714479	DOM	
5714352	5714356	DOM	
5714360	5714373	DOM	
5714447	5714466	DOM	
5714335	5714323	POST_DOM	
5714323	5714316	POST_DOM	
5714486	5714486	POST_DOM	
5714476	5714485	POST_DOM	
5714345	5714340	POST_DOM	
5714415	5714408	POST_DOM	
5714415	5714398	POST_DOM	
5714486	5714415	POST_DOM	
5714356	5714352	POST_DOM	
5714395	5714380	POST_DOM	
5714408	5714404	POST_DOM	
5714479	5714476	POST_DOM	
5714486	5714437	POST_DOM	
5714437	5714423	POST_DOM	
5714415	5714419	POST_DOM	
5714486	5714469	POST_DOM	
5714415	5714345	POST_DOM	
5714466	5714447	POST_DOM	
5714373	5714360	POST_DOM	
5714415	5714395	POST_DOM	
5714447	5714440	POST_DOM	
5714345	5714335	POST_DOM	
5714316	5714482	POST_DOM	
5714486	5714471	POST_DOM	
5714482	5714479	POST_DOM	
5714360	5714356	POST_DOM	
5714486	5714466	POST_DOM	
5714415	5714373	POST_DOM	
5714313	5714314	IS_FUNCTION_OF_AST	
5714313	5714485	IS_FUNCTION_OF_CFG	
5712396	5714313	IS_FILE_OF	
5714518	5714519	IS_AST_PARENT	
5714518	5714520	IS_AST_PARENT	
5714517	5714518	IS_AST_PARENT	
5714521	5714522	IS_AST_PARENT	
5714523	5714524	IS_AST_PARENT	
5714523	5714525	IS_AST_PARENT	
5714521	5714523	IS_AST_PARENT	
5714517	5714521	IS_AST_PARENT	
5714516	5714517	IS_AST_PARENT	
5714515	5714516	IS_AST_PARENT	
5714527	5714528	IS_AST_PARENT	
5714526	5714527	IS_AST_PARENT	
5714515	5714526	IS_AST_PARENT	
5714514	5714515	IS_AST_PARENT	
5714532	5714533	IS_AST_PARENT	
5714532	5714534	IS_AST_PARENT	
5714531	5714532	IS_AST_PARENT	
5714531	5714535	IS_AST_PARENT	
5714530	5714531	IS_AST_PARENT	
5714530	5714536	IS_AST_PARENT	
5714529	5714530	IS_AST_PARENT	
5714514	5714529	IS_AST_PARENT	
5714513	5714514	IS_AST_PARENT	
5714513	5714537	IS_AST_PARENT	
5714513	5714538	IS_AST_PARENT	
5714540	5714541	IS_AST_PARENT	
5714540	5714542	IS_AST_PARENT	
5714539	5714540	IS_AST_PARENT	
5714543	5714544	IS_AST_PARENT	
5714543	5714545	IS_AST_PARENT	
5714539	5714543	IS_AST_PARENT	
5714513	5714539	IS_AST_PARENT	
5714546	5714540	FLOWS_TO	
5714540	5714543	FLOWS_TO	
5714543	5714516	FLOWS_TO	
5714516	5714527	FLOWS_TO	
5714516	5714529	FLOWS_TO	
5714527	5714547	FLOWS_TO	
5714529	5714547	FLOWS_TO	
5714529	5714548	USE	
5714531	5714548	USE	
5714529	5714549	USE	
5714530	5714549	USE	
5714529	5714550	USE	
5714527	5714551	USE	
5714540	5714552	DEF	
5714529	5714552	USE	
5714532	5714552	USE	
5714529	5714553	USE	
5714530	5714553	USE	
5714529	5714554	USE	
5714530	5714554	USE	
5714516	5714555	USE	
5714543	5714556	DEF	
5714516	5714556	USE	
5714529	5714556	USE	
5714531	5714556	USE	
5714529	5714557	USE	
5714531	5714557	USE	
5714540	5714529	REACHES	reg
5714543	5714516	REACHES	type
5714543	5714529	REACHES	type
5714546	5714540	CONTROLS	
5714546	5714543	CONTROLS	
5714546	5714516	CONTROLS	
5714516	5714527	CONTROLS	
5714516	5714529	CONTROLS	
5714546	5714546	DOM	
5714546	5714540	DOM	
5714516	5714547	DOM	
5714516	5714529	DOM	
5714543	5714516	DOM	
5714516	5714527	DOM	
5714540	5714543	DOM	
5714540	5714546	POST_DOM	
5714543	5714540	POST_DOM	
5714547	5714547	POST_DOM	
5714547	5714529	POST_DOM	
5714547	5714527	POST_DOM	
5714547	5714516	POST_DOM	
5714516	5714543	POST_DOM	
5714512	5714513	IS_FUNCTION_OF_AST	
5714512	5714546	IS_FUNCTION_OF_CFG	
5712396	5714512	IS_FILE_OF	
5714562	5714563	IS_AST_PARENT	
5714562	5714564	IS_AST_PARENT	
5714565	5714566	IS_AST_PARENT	
5714568	5714569	IS_AST_PARENT	
5714567	5714568	IS_AST_PARENT	
5714571	5714572	IS_AST_PARENT	
5714570	5714571	IS_AST_PARENT	
5714573	5714574	IS_AST_PARENT	
5714570	5714573	IS_AST_PARENT	
5714567	5714570	IS_AST_PARENT	
5714565	5714567	IS_AST_PARENT	
5714562	5714565	IS_AST_PARENT	
5714561	5714562	IS_AST_PARENT	
5714560	5714561	IS_AST_PARENT	
5714576	5714577	IS_AST_PARENT	
5714576	5714578	IS_AST_PARENT	
5714575	5714576	IS_AST_PARENT	
5714560	5714575	IS_AST_PARENT	
5714580	5714581	IS_AST_PARENT	
5714580	5714582	IS_AST_PARENT	
5714579	5714580	IS_AST_PARENT	
5714560	5714579	IS_AST_PARENT	
5714560	5714583	IS_AST_PARENT	
5714560	5714584	IS_AST_PARENT	
5714560	5714585	IS_AST_PARENT	
5714560	5714586	IS_AST_PARENT	
5714560	5714587	IS_AST_PARENT	
5714560	5714588	IS_AST_PARENT	
5714560	5714589	IS_AST_PARENT	
5714560	5714590	IS_AST_PARENT	
5714595	5714596	IS_AST_PARENT	
5714595	5714597	IS_AST_PARENT	
5714594	5714595	IS_AST_PARENT	
5714594	5714598	IS_AST_PARENT	
5714593	5714594	IS_AST_PARENT	
5714592	5714593	IS_AST_PARENT	
5714604	5714605	IS_AST_PARENT	
5714603	5714604	IS_AST_PARENT	
5714608	5714609	IS_AST_PARENT	
5714608	5714610	IS_AST_PARENT	
5714607	5714608	IS_AST_PARENT	
5714606	5714607	IS_AST_PARENT	
5714603	5714606	IS_AST_PARENT	
5714602	5714603	IS_AST_PARENT	
5714602	5714611	IS_AST_PARENT	
5714601	5714602	IS_AST_PARENT	
5714600	5714601	IS_AST_PARENT	
5714613	5714614	IS_AST_PARENT	
5714612	5714613	IS_AST_PARENT	
5714600	5714612	IS_AST_PARENT	
5714599	5714600	IS_AST_PARENT	
5714592	5714599	IS_AST_PARENT	
5714591	5714592	IS_AST_PARENT	
5714560	5714591	IS_AST_PARENT	
5714615	5714616	IS_AST_PARENT	
5714560	5714615	IS_AST_PARENT	
5714559	5714560	IS_AST_PARENT	
5714559	5714617	IS_AST_PARENT	
5714559	5714618	IS_AST_PARENT	
5714620	5714621	IS_AST_PARENT	
5714620	5714622	IS_AST_PARENT	
5714619	5714620	IS_AST_PARENT	
5714623	5714624	IS_AST_PARENT	
5714623	5714625	IS_AST_PARENT	
5714619	5714623	IS_AST_PARENT	
5714626	5714627	IS_AST_PARENT	
5714626	5714628	IS_AST_PARENT	
5714619	5714626	IS_AST_PARENT	
5714629	5714630	IS_AST_PARENT	
5714629	5714631	IS_AST_PARENT	
5714619	5714629	IS_AST_PARENT	
5714559	5714619	IS_AST_PARENT	
5714632	5714620	FLOWS_TO	
5714620	5714623	FLOWS_TO	
5714623	5714626	FLOWS_TO	
5714626	5714629	FLOWS_TO	
5714629	5714561	FLOWS_TO	
5714561	5714575	FLOWS_TO	
5714575	5714579	FLOWS_TO	
5714579	5714583	FLOWS_TO	
5714583	5714584	FLOWS_TO	
5714584	5714585	FLOWS_TO	
5714585	5714586	FLOWS_TO	
5714586	5714587	FLOWS_TO	
5714587	5714588	FLOWS_TO	
5714588	5714589	FLOWS_TO	
5714589	5714590	FLOWS_TO	
5714590	5714593	FLOWS_TO	
5714593	5714601	FLOWS_TO	
5714593	5714615	FLOWS_TO	
5714601	5714613	FLOWS_TO	
5714601	5714615	FLOWS_TO	
5714613	5714633	FLOWS_TO	
5714615	5714633	FLOWS_TO	
5714615	5714634	USE	
5714561	5714635	USE	
5714565	5714635	USE	
5714601	5714636	USE	
5714629	5714637	DEF	
5714601	5714637	USE	
5714579	5714638	DEF	
5714580	5714638	DEF	
5714623	5714639	DEF	
5714561	5714639	USE	
5714573	5714639	USE	
5714561	5714640	DEF	
5714562	5714640	DEF	
5714565	5714640	DEF	
5714593	5714641	USE	
5714626	5714642	DEF	
5714593	5714642	USE	
5714620	5714643	DEF	
5714561	5714643	USE	
5714571	5714643	USE	
5714575	5714644	DEF	
5714576	5714644	DEF	
5714593	5714644	USE	
5714595	5714644	USE	
5714601	5714644	USE	
5714608	5714644	USE	
5714613	5714644	USE	
5714593	5714645	USE	
5714601	5714645	USE	
5714607	5714645	USE	
5714601	5714646	USE	
5714607	5714646	USE	
5714626	5714593	REACHES	regsize
5714620	5714561	REACHES	reg
5714575	5714593	REACHES	ri
5714575	5714601	REACHES	ri
5714575	5714613	REACHES	ri
5714629	5714601	REACHES	delta
5714623	5714561	REACHES	type
5714632	5714620	CONTROLS	
5714632	5714623	CONTROLS	
5714632	5714626	CONTROLS	
5714632	5714629	CONTROLS	
5714632	5714561	CONTROLS	
5714632	5714575	CONTROLS	
5714632	5714579	CONTROLS	
5714632	5714583	CONTROLS	
5714632	5714584	CONTROLS	
5714632	5714585	CONTROLS	
5714632	5714586	CONTROLS	
5714632	5714587	CONTROLS	
5714632	5714588	CONTROLS	
5714632	5714589	CONTROLS	
5714632	5714590	CONTROLS	
5714632	5714593	CONTROLS	
5714593	5714601	CONTROLS	
5714593	5714615	CONTROLS	
5714601	5714613	CONTROLS	
5714601	5714615	CONTROLS	
5714626	5714629	DOM	
5714579	5714583	DOM	
5714588	5714589	DOM	
5714593	5714601	DOM	
5714632	5714620	DOM	
5714586	5714587	DOM	
5714584	5714585	DOM	
5714620	5714623	DOM	
5714629	5714561	DOM	
5714587	5714588	DOM	
5714632	5714632	DOM	
5714575	5714579	DOM	
5714623	5714626	DOM	
5714590	5714593	DOM	
5714601	5714613	DOM	
5714593	5714633	DOM	
5714585	5714586	DOM	
5714561	5714575	DOM	
5714589	5714590	DOM	
5714583	5714584	DOM	
5714593	5714615	DOM	
5714561	5714629	POST_DOM	
5714584	5714583	POST_DOM	
5714590	5714589	POST_DOM	
5714633	5714601	POST_DOM	
5714623	5714620	POST_DOM	
5714588	5714587	POST_DOM	
5714586	5714585	POST_DOM	
5714626	5714623	POST_DOM	
5714589	5714588	POST_DOM	
5714575	5714561	POST_DOM	
5714620	5714632	POST_DOM	
5714583	5714579	POST_DOM	
5714633	5714593	POST_DOM	
5714629	5714626	POST_DOM	
5714633	5714613	POST_DOM	
5714633	5714633	POST_DOM	
5714587	5714586	POST_DOM	
5714593	5714590	POST_DOM	
5714579	5714575	POST_DOM	
5714585	5714584	POST_DOM	
5714633	5714615	POST_DOM	
5714558	5714559	IS_FUNCTION_OF_AST	
5714558	5714632	IS_FUNCTION_OF_CFG	
5712396	5714558	IS_FILE_OF	
5714651	5714652	IS_AST_PARENT	
5714651	5714653	IS_AST_PARENT	
5714654	5714655	IS_AST_PARENT	
5714657	5714658	IS_AST_PARENT	
5714656	5714657	IS_AST_PARENT	
5714660	5714661	IS_AST_PARENT	
5714659	5714660	IS_AST_PARENT	
5714656	5714659	IS_AST_PARENT	
5714654	5714656	IS_AST_PARENT	
5714651	5714654	IS_AST_PARENT	
5714650	5714651	IS_AST_PARENT	
5714649	5714650	IS_AST_PARENT	
5714665	5714666	IS_AST_PARENT	
5714665	5714667	IS_AST_PARENT	
5714664	5714665	IS_AST_PARENT	
5714668	5714669	IS_AST_PARENT	
5714670	5714671	IS_AST_PARENT	
5714670	5714672	IS_AST_PARENT	
5714668	5714670	IS_AST_PARENT	
5714664	5714668	IS_AST_PARENT	
5714663	5714664	IS_AST_PARENT	
5714662	5714663	IS_AST_PARENT	
5714674	5714675	IS_AST_PARENT	
5714673	5714674	IS_AST_PARENT	
5714662	5714673	IS_AST_PARENT	
5714649	5714662	IS_AST_PARENT	
5714677	5714678	IS_AST_PARENT	
5714677	5714679	IS_AST_PARENT	
5714680	5714681	IS_AST_PARENT	
5714684	5714685	IS_AST_PARENT	
5714684	5714686	IS_AST_PARENT	
5714683	5714684	IS_AST_PARENT	
5714683	5714687	IS_AST_PARENT	
5714682	5714683	IS_AST_PARENT	
5714682	5714688	IS_AST_PARENT	
5714680	5714682	IS_AST_PARENT	
5714677	5714680	IS_AST_PARENT	
5714676	5714677	IS_AST_PARENT	
5714649	5714676	IS_AST_PARENT	
5714690	5714691	IS_AST_PARENT	
5714690	5714692	IS_AST_PARENT	
5714693	5714694	IS_AST_PARENT	
5714696	5714697	IS_AST_PARENT	
5714695	5714696	IS_AST_PARENT	
5714699	5714700	IS_AST_PARENT	
5714699	5714701	IS_AST_PARENT	
5714698	5714699	IS_AST_PARENT	
5714702	5714703	IS_AST_PARENT	
5714702	5714704	IS_AST_PARENT	
5714698	5714702	IS_AST_PARENT	
5714695	5714698	IS_AST_PARENT	
5714695	5714705	IS_AST_PARENT	
5714693	5714695	IS_AST_PARENT	
5714690	5714693	IS_AST_PARENT	
5714689	5714690	IS_AST_PARENT	
5714649	5714689	IS_AST_PARENT	
5714712	5714713	IS_AST_PARENT	
5714712	5714714	IS_AST_PARENT	
5714711	5714712	IS_AST_PARENT	
5714715	5714716	IS_AST_PARENT	
5714715	5714717	IS_AST_PARENT	
5714711	5714715	IS_AST_PARENT	
5714710	5714711	IS_AST_PARENT	
5714719	5714720	IS_AST_PARENT	
5714719	5714721	IS_AST_PARENT	
5714718	5714719	IS_AST_PARENT	
5714718	5714722	IS_AST_PARENT	
5714710	5714718	IS_AST_PARENT	
5714709	5714710	IS_AST_PARENT	
5714708	5714709	IS_AST_PARENT	
5714723	5714724	IS_AST_PARENT	
5714708	5714723	IS_AST_PARENT	
5714707	5714708	IS_AST_PARENT	
5714728	5714729	IS_AST_PARENT	
5714727	5714728	IS_AST_PARENT	
5714733	5714734	IS_AST_PARENT	
5714733	5714735	IS_AST_PARENT	
5714732	5714733	IS_AST_PARENT	
5714732	5714736	IS_AST_PARENT	
5714731	5714732	IS_AST_PARENT	
5714730	5714731	IS_AST_PARENT	
5714738	5714739	IS_AST_PARENT	
5714738	5714740	IS_AST_PARENT	
5714737	5714738	IS_AST_PARENT	
5714730	5714737	IS_AST_PARENT	
5714741	5714742	IS_AST_PARENT	
5714730	5714741	IS_AST_PARENT	
5714727	5714730	IS_AST_PARENT	
5714726	5714727	IS_AST_PARENT	
5714725	5714726	IS_AST_PARENT	
5714745	5714746	IS_AST_PARENT	
5714745	5714747	IS_AST_PARENT	
5714748	5714749	IS_AST_PARENT	
5714751	5714752	IS_AST_PARENT	
5714750	5714751	IS_AST_PARENT	
5714754	5714755	IS_AST_PARENT	
5714753	5714754	IS_AST_PARENT	
5714756	5714757	IS_AST_PARENT	
5714753	5714756	IS_AST_PARENT	
5714758	5714759	IS_AST_PARENT	
5714753	5714758	IS_AST_PARENT	
5714760	5714761	IS_AST_PARENT	
5714753	5714760	IS_AST_PARENT	
5714750	5714753	IS_AST_PARENT	
5714748	5714750	IS_AST_PARENT	
5714745	5714748	IS_AST_PARENT	
5714744	5714745	IS_AST_PARENT	
5714743	5714744	IS_AST_PARENT	
5714763	5714764	IS_AST_PARENT	
5714762	5714763	IS_AST_PARENT	
5714766	5714767	IS_AST_PARENT	
5714765	5714766	IS_AST_PARENT	
5714762	5714765	IS_AST_PARENT	
5714743	5714762	IS_AST_PARENT	
5714725	5714743	IS_AST_PARENT	
5714707	5714725	IS_AST_PARENT	
5714769	5714770	IS_AST_PARENT	
5714769	5714771	IS_AST_PARENT	
5714768	5714769	IS_AST_PARENT	
5714707	5714768	IS_AST_PARENT	
5714706	5714707	IS_AST_PARENT	
5714649	5714706	IS_AST_PARENT	
5714772	5714773	IS_AST_PARENT	
5714649	5714772	IS_AST_PARENT	
5714648	5714649	IS_AST_PARENT	
5714648	5714774	IS_AST_PARENT	
5714648	5714775	IS_AST_PARENT	
5714777	5714778	IS_AST_PARENT	
5714777	5714779	IS_AST_PARENT	
5714776	5714777	IS_AST_PARENT	
5714780	5714781	IS_AST_PARENT	
5714780	5714782	IS_AST_PARENT	
5714776	5714780	IS_AST_PARENT	
5714783	5714784	IS_AST_PARENT	
5714783	5714785	IS_AST_PARENT	
5714776	5714783	IS_AST_PARENT	
5714786	5714787	IS_AST_PARENT	
5714786	5714788	IS_AST_PARENT	
5714776	5714786	IS_AST_PARENT	
5714789	5714790	IS_AST_PARENT	
5714789	5714791	IS_AST_PARENT	
5714776	5714789	IS_AST_PARENT	
5714792	5714793	IS_AST_PARENT	
5714792	5714794	IS_AST_PARENT	
5714776	5714792	IS_AST_PARENT	
5714648	5714776	IS_AST_PARENT	
5714795	5714777	FLOWS_TO	
5714777	5714780	FLOWS_TO	
5714780	5714783	FLOWS_TO	
5714783	5714786	FLOWS_TO	
5714786	5714789	FLOWS_TO	
5714789	5714792	FLOWS_TO	
5714792	5714650	FLOWS_TO	
5714650	5714663	FLOWS_TO	
5714663	5714674	FLOWS_TO	
5714663	5714676	FLOWS_TO	
5714674	5714796	FLOWS_TO	
5714676	5714689	FLOWS_TO	
5714689	5714797	FLOWS_TO	
5714797	5714709	FLOWS_TO	
5714797	5714772	FLOWS_TO	
5714709	5714724	FLOWS_TO	
5714709	5714726	FLOWS_TO	
5714724	5714772	FLOWS_TO	
5714726	5714744	FLOWS_TO	
5714726	5714768	FLOWS_TO	
5714744	5714763	FLOWS_TO	
5714763	5714766	FLOWS_TO	
5714763	5714768	FLOWS_TO	
5714766	5714796	FLOWS_TO	
5714768	5714797	FLOWS_TO	
5714772	5714796	FLOWS_TO	
5714676	5714798	USE	
5714680	5714798	USE	
5714650	5714799	DEF	
5714654	5714799	DEF	
5714651	5714799	DEF	
5714709	5714799	USE	
5714726	5714799	USE	
5714741	5714799	USE	
5714768	5714799	USE	
5714769	5714799	USE	
5714650	5714800	USE	
5714654	5714800	USE	
5714689	5714801	DEF	
5714690	5714801	DEF	
5714693	5714801	DEF	
5714709	5714801	USE	
5714726	5714801	USE	
5714737	5714801	USE	
5714731	5714801	USE	
5714744	5714801	USE	
5714760	5714801	USE	
5714768	5714801	USE	
5714769	5714801	USE	
5714768	5714801	DEF	
5714769	5714801	DEF	
5714789	5714802	DEF	
5714689	5714802	USE	
5714696	5714802	USE	
5714699	5714802	USE	
5714693	5714802	USE	
5714702	5714802	USE	
5714676	5714803	DEF	
5714677	5714803	DEF	
5714680	5714803	DEF	
5714709	5714803	USE	
5714715	5714803	USE	
5714726	5714803	USE	
5714733	5714803	USE	
5714744	5714804	USE	
5714748	5714804	USE	
5714780	5714805	DEF	
5714663	5714805	USE	
5714676	5714805	USE	
5714683	5714805	USE	
5714744	5714805	USE	
5714756	5714805	USE	
5714676	5714806	USE	
5714683	5714806	USE	
5714689	5714807	USE	
5714693	5714807	USE	
5714726	5714808	USE	
5714792	5714809	DEF	
5714650	5714809	USE	
5714660	5714809	USE	
5714744	5714809	USE	
5714758	5714809	USE	
5714777	5714810	DEF	
5714676	5714810	USE	
5714684	5714810	USE	
5714744	5714810	USE	
5714754	5714810	USE	
5714676	5714811	USE	
5714682	5714811	USE	
5714680	5714811	USE	
5714786	5714812	DEF	
5714709	5714812	USE	
5714726	5714813	USE	
5714731	5714813	USE	
5714676	5714814	USE	
5714682	5714814	USE	
5714680	5714814	USE	
5714674	5714815	USE	
5714772	5714815	USE	
5714689	5714816	USE	
5714693	5714816	USE	
5714676	5714817	USE	
5714680	5714817	USE	
5714682	5714817	USE	
5714663	5714818	USE	
5714709	5714819	USE	
5714689	5714820	USE	
5714693	5714820	USE	
5714783	5714821	DEF	
5714726	5714821	USE	
5714737	5714821	USE	
5714744	5714822	DEF	
5714745	5714822	DEF	
5714748	5714822	DEF	
5714763	5714822	USE	
5714766	5714822	USE	
5714709	5714823	USE	
5714726	5714823	USE	
5714731	5714823	USE	
5714676	5714824	USE	
5714683	5714824	USE	
5714650	5714709	REACHES	bregsize
5714650	5714726	REACHES	bregsize
5714650	5714768	REACHES	bregsize
5714689	5714709	REACHES	delta
5714768	5714709	REACHES	delta
5714689	5714726	REACHES	delta
5714768	5714726	REACHES	delta
5714689	5714744	REACHES	delta
5714768	5714744	REACHES	delta
5714689	5714768	REACHES	delta
5714768	5714768	REACHES	delta
5714789	5714689	REACHES	prev_ri
5714676	5714709	REACHES	arena
5714676	5714726	REACHES	arena
5714780	5714663	REACHES	type
5714780	5714676	REACHES	type
5714780	5714744	REACHES	type
5714792	5714650	REACHES	regsize
5714792	5714744	REACHES	regsize
5714777	5714676	REACHES	reg
5714777	5714744	REACHES	reg
5714786	5714709	REACHES	buflen
5714783	5714726	REACHES	buf
5714744	5714763	REACHES	ri
5714744	5714766	REACHES	ri
5714795	5714777	CONTROLS	
5714795	5714780	CONTROLS	
5714795	5714783	CONTROLS	
5714795	5714786	CONTROLS	
5714795	5714789	CONTROLS	
5714795	5714792	CONTROLS	
5714795	5714650	CONTROLS	
5714795	5714663	CONTROLS	
5714663	5714674	CONTROLS	
5714663	5714676	CONTROLS	
5714663	5714689	CONTROLS	
5714663	5714797	CONTROLS	
5714797	5714709	CONTROLS	
5714797	5714772	CONTROLS	
5714709	5714724	CONTROLS	
5714709	5714772	CONTROLS	
5714709	5714726	CONTROLS	
5714726	5714744	CONTROLS	
5714726	5714763	CONTROLS	
5714726	5714768	CONTROLS	
5714726	5714797	CONTROLS	
5714763	5714766	CONTROLS	
5714763	5714768	CONTROLS	
5714763	5714797	CONTROLS	
5714726	5714768	DOM	
5714709	5714724	DOM	
5714744	5714763	DOM	
5714795	5714795	DOM	
5714780	5714783	DOM	
5714783	5714786	DOM	
5714726	5714744	DOM	
5714777	5714780	DOM	
5714797	5714772	DOM	
5714789	5714792	DOM	
5714689	5714797	DOM	
5714676	5714689	DOM	
5714709	5714726	DOM	
5714786	5714789	DOM	
5714663	5714796	DOM	
5714763	5714766	DOM	
5714792	5714650	DOM	
5714663	5714676	DOM	
5714795	5714777	DOM	
5714797	5714709	DOM	
5714650	5714663	DOM	
5714663	5714674	DOM	
5714797	5714768	POST_DOM	
5714772	5714724	POST_DOM	
5714796	5714763	POST_DOM	
5714777	5714795	POST_DOM	
5714786	5714783	POST_DOM	
5714789	5714786	POST_DOM	
5714763	5714744	POST_DOM	
5714783	5714780	POST_DOM	
5714796	5714772	POST_DOM	
5714650	5714792	POST_DOM	
5714796	5714797	POST_DOM	
5714797	5714689	POST_DOM	
5714796	5714726	POST_DOM	
5714792	5714789	POST_DOM	
5714796	5714796	POST_DOM	
5714796	5714766	POST_DOM	
5714663	5714650	POST_DOM	
5714689	5714676	POST_DOM	
5714780	5714777	POST_DOM	
5714796	5714709	POST_DOM	
5714796	5714663	POST_DOM	
5714796	5714674	POST_DOM	
5714647	5714648	IS_FUNCTION_OF_AST	
5714647	5714795	IS_FUNCTION_OF_CFG	
5712396	5714647	IS_FILE_OF	
5714831	5714832	IS_AST_PARENT	
5714831	5714833	IS_AST_PARENT	
5714830	5714831	IS_AST_PARENT	
5714834	5714835	IS_AST_PARENT	
5714834	5714836	IS_AST_PARENT	
5714830	5714834	IS_AST_PARENT	
5714829	5714830	IS_AST_PARENT	
5714828	5714829	IS_AST_PARENT	
5714838	5714839	IS_AST_PARENT	
5714837	5714838	IS_AST_PARENT	
5714828	5714837	IS_AST_PARENT	
5714827	5714828	IS_AST_PARENT	
5714841	5714842	IS_AST_PARENT	
5714841	5714843	IS_AST_PARENT	
5714844	5714845	IS_AST_PARENT	
5714846	5714847	IS_AST_PARENT	
5714849	5714850	IS_AST_PARENT	
5714849	5714851	IS_AST_PARENT	
5714848	5714849	IS_AST_PARENT	
5714848	5714852	IS_AST_PARENT	
5714846	5714848	IS_AST_PARENT	
5714844	5714846	IS_AST_PARENT	
5714841	5714844	IS_AST_PARENT	
5714840	5714841	IS_AST_PARENT	
5714827	5714840	IS_AST_PARENT	
5714856	5714857	IS_AST_PARENT	
5714856	5714858	IS_AST_PARENT	
5714855	5714856	IS_AST_PARENT	
5714854	5714855	IS_AST_PARENT	
5714854	5714859	IS_AST_PARENT	
5714854	5714860	IS_AST_PARENT	
5714853	5714854	IS_AST_PARENT	
5714827	5714853	IS_AST_PARENT	
5714826	5714827	IS_AST_PARENT	
5714826	5714861	IS_AST_PARENT	
5714826	5714862	IS_AST_PARENT	
5714864	5714865	IS_AST_PARENT	
5714864	5714866	IS_AST_PARENT	
5714863	5714864	IS_AST_PARENT	
5714867	5714868	IS_AST_PARENT	
5714867	5714869	IS_AST_PARENT	
5714863	5714867	IS_AST_PARENT	
5714826	5714863	IS_AST_PARENT	
5714870	5714864	FLOWS_TO	
5714864	5714867	FLOWS_TO	
5714867	5714829	FLOWS_TO	
5714829	5714838	FLOWS_TO	
5714829	5714840	FLOWS_TO	
5714838	5714871	FLOWS_TO	
5714840	5714853	FLOWS_TO	
5714853	5714871	FLOWS_TO	
5714840	5714872	DEF	
5714844	5714872	DEF	
5714841	5714872	DEF	
5714853	5714872	USE	
5714856	5714872	USE	
5714864	5714873	DEF	
5714840	5714873	USE	
5714849	5714873	USE	
5714838	5714874	USE	
5714853	5714874	USE	
5714853	5714875	USE	
5714855	5714875	USE	
5714853	5714876	USE	
5714855	5714876	USE	
5714829	5714877	USE	
5714840	5714878	USE	
5714848	5714878	USE	
5714844	5714878	USE	
5714867	5714879	DEF	
5714829	5714879	USE	
5714840	5714879	USE	
5714848	5714879	USE	
5714844	5714879	USE	
5714840	5714880	USE	
5714848	5714880	USE	
5714844	5714880	USE	
5714840	5714853	REACHES	rs
5714864	5714840	REACHES	r
5714867	5714829	REACHES	type
5714867	5714840	REACHES	type
5714870	5714864	CONTROLS	
5714870	5714867	CONTROLS	
5714870	5714829	CONTROLS	
5714829	5714838	CONTROLS	
5714829	5714840	CONTROLS	
5714829	5714853	CONTROLS	
5714840	5714853	DOM	
5714870	5714870	DOM	
5714867	5714829	DOM	
5714864	5714867	DOM	
5714829	5714840	DOM	
5714870	5714864	DOM	
5714829	5714871	DOM	
5714829	5714838	DOM	
5714871	5714853	POST_DOM	
5714871	5714829	POST_DOM	
5714864	5714870	POST_DOM	
5714829	5714867	POST_DOM	
5714853	5714840	POST_DOM	
5714867	5714864	POST_DOM	
5714871	5714871	POST_DOM	
5714871	5714838	POST_DOM	
5714825	5714826	IS_FUNCTION_OF_AST	
5714825	5714870	IS_FUNCTION_OF_CFG	
5712396	5714825	IS_FILE_OF	
